amino_acid	templates
CASSLGGSGMEQFF	923
CASSPQRNTEAFF	482
CASSAAVDEQFF	378
CSARPFWSGSYEQYF	260
CSAEPLWAEGTDTQYF	252
CATSRTLYGGEQFF	182
CASTLDGWANVLTF	146
CASSLGGSGMEQYF	147
CSAPPFSGPSQETQYF	133
CSARDGGEQYF	131
CASRLNYEQYF	127
CASSPTPDNHEQYF	120
CSDERGFEGYTF	119
CSATRDGSHEQYF	91
CASSLLAGLDLRQNEQFF	81
CASSSGLSYGYTF	68
CASSLMGLQRYNEQFF	67
CASSYLVFYEQYF	59
CASSAAVDEQYF	60
CASSFGLAGGLEETQYF	57
CASSLSYNSPLHF	54
CASSLGGLLYNEQFF	44
CASSPGLGSTDTQYF	45
CATSSDLGGFHTDTQYF	44
CASSQDRTEQFF	42
CSASPHEQFF	33
CASSATYEQFF	37
CATSRTLYGGEQYF	30
CASSSQTSSYEQYF	25
CASSQDRLAGSGGPYNEQFF	23
CASSLDDYEQYF	23
CASSWGGSGMEQFF	18
CASSLGRETQYF	20
CASSQDRFTGGYTF	19
CASSLGG_GMEQFF	17
CASSLLAGLDLRQNEQYF	17
CASSSQRLQIQYF	18
CASSLLDSEETQYF	17
CATGQNKETQYF	16
CASSFHRVSETQYF	15
CASTGNTEAFF	16
CASRQVAGEADTQYF	16
CASSPQRNTEAFF	16
CASSLAVESWEDYGYTF	15
CASSDSGGIYEQYF	13
CSVATSTDTQYF	11
CASSERGNGYTF	14
CASSFRRGGTQPQHF	13
CASSYRRAYEQYF	13
CASSSRDVGSYEQYF	13
CSASRDSATGETQYF	13
CASSPRVHGYTF	13
CASSLLAGGSNEQFF	12
CSVSSVHNEQFF	10
CASSSTSGGSTDTQYF	12
CASSFDEHRDYNEQFF	10
CASSSLSSADTQYF	11
CASSSHGAGYGYTF	11
CASSPNTDTQYF	11
CSAPDPGTSSYNEQFF	11
CSARNRDSSNNEQFF	11
CASSLG_PYEQYF	10
CASSSGGGLVGYTF	10
CASSRQLGQNNEQFF	10
CASSQYIQGDGYTF	10
CASTIGQGFDNEQFF	10
CSAVWTGGPYEQYF	10
CAISDGGEYLEETQYF	9
CASSYRRTYEQYF	9
CASSLSYNSPPHF	9
CATSEGGSYNEQFF	10
CASVSSGKTEQFF	10
CSARKVNEQFF	10
CASSTGPETDTQYF	9
CAGRDGTNYGYTF	9
CASSLRGLAGGSYNEQFF	9
CSASDRFNYGYTF	9
CASSLTASLNEQYF	8
CASSPQQGLAKNIQYF	8
CAIKGTSLYNEQFF	8
CATSDSLTSGGYNEQFF	8
CASSDRGPNTGELFF	8
CASSHTGVTDTQYF	8
CASSLSGHFSSYEQYF	8
CASSQEGISSYNEQFF	8
CSVGGGTYEQYF	8
CAIRTGGYNEQFF	7
CATSGATGHNQETQYF	7
CASSLGVDTQYF	7
CASSSDVRVVGYTF	7
CSVEIYGGAQETQYF	7
CASSQDVTGYTF	6
CATSRDRENTQYF	7
CASSPDRRNQPQHF	7
CASSPWTSGEETQYF	7
CASTGDFYTGELFF	7
CASSHTLAGEAFF	7
CASSEGLADRNEQFF	7
CASSLSAGMGKVDTQYF	7
CASSLMGLQRYNEQYF	7
CASSSRTSQINEQFF	7
CASSPLGGSNSGYTF	7
CASRSGDAIYNEQFF	7
CARGVLLAG_YSGANVLTF	7
CSVASSGANVLTF	7
CSVDIVYGYTF	7
CATSAPGLAGGHEQFF	6
CASSLGGLLYNEQYF	6
CASSHGGISSGYTF	6
CASSPRTAYEQYF	6
CSARDGRHTSGGWMKSTDMQYF	5
CSVDRQGMSTDTQYF	4
CASSFDEHRDYNEQYF	6
CASSLGGSGTEQFF	6
CASSLFVRGTGANVLTF	6
CASSLVVGDSATYEQYF	6
CASSYSETGTGYTF	6
CASSATYEQYF	6
CASSERGNGYTF	6
CASSSDRQGRQHF	6
CASSMQTASNIQYF	6
CSAEPLGAEGTDTQYF	6
CASSLVPGLYYNEQFF	5
CASSKRKERA***NIQYF	5
CASSYLASPAEQFF	4
CSAKRTGVSYEQYF	4
CAIRGNNEQFF	5
CAISEGPDRYEQYF	5
CATSVGAGDYNEQFF	5
CASIDNSGSSEQFF	5
CASSLGG_SGMEQFF	5
CASSLGG_GMEQYF	5
CASSSDLGGYGYTF	5
CASSFHSGTTSTDTQYF	5
CASSLLGPNEQFF	5
CASSLVASSYNEQFF	5
CASSPQGGVGAFF	5
CASSPDSYGYTF	5
CASSRENEQFF	5
CASSQRRLAQYF	5
CASRGDANEKLFF	5
CATRGARGTQYF	5
CASSQDPSGEQFF	5
CSAPPFSGPSQETQFF	5
CSASPHEQYF	5
CSASRLVGNEQFF	5
CSARRLAGLYEQYF	5
CSARDPGGVETQYF	5
CSVGQGGDTQYF	5
CACTLDGWANVLTF	4
CATSRDFGIAQEQYF	4
CASIPWGGQ_RSSYNEQFF	4
CASSFDRGYEQYF	4
CASSLVRNYGYTF	4
CASSLGDRPNYGYTF	4
CASSTLKRTPYEQYF	4
CASSQEAVRLAKQFF	4
CAITETRSSYEQYF	4
CAISESTVYQPQHF	4
CATQGQGRPYEQYF	4
CATSDLSAGDTDTQYF	4
CASPPPGQLTDTQYF	4
CASSLQTSGGRQETQYF	4
CASSPPRTTDRVPYNEQFF	4
CASSFSGKSTDTQYF	4
CASSFSGANYGYTF	4
CASSLALDRISYEQYF	4
CASSWTGRSTDTQYF	4
CASSYSPGGPNTDTQYF	4
CASSTQGANYEQYF	4
CASSFSSYEQYF	4
CASSLGLAGRTDTQYF	4
CASSLYEQFF	4
CASSLQNYGYTF	4
CASSLVGSEQYF	4
CASSLEGSDTQYF	4
CASSLELAPVYEQYF	4
CASSSRQAADTQYF	4
CASSPGGLRIADNEQFF	4
CASSPQGADYGYTF	4
CASSQGETQYF	4
CASSQTTGTRLGNEQFF	4
CASRQDGETQYF	4
CASSLASYGQEQFF	4
CASSLRDRVYEQYF	4
CASSLIPTYNEQFF	4
CASSPPTG_TYNEQFF	4
CASSHLAGDETQYF	4
CSARRQGRLAKNIQYF	4
CSARPFWSGSYEQFF	4
CSARPFGSGSYEQYF	4
CSARNLRTSGIRNEQFF	4
CSYGDRNTEAFF	4
CSVGQGGDTQYF	4
CSVEDRGNEQFF	4
CASSPTPDNHEQFF	3
CASVQGLAGNEQFF	3
CASSYSSGYEQYF	3
CASSYSRLVYSTYEQYF	3
CASSLGSTYEQYF	3
CASSLVWETQYF	3
CASSSGTGQYGYTF	3
CASSLIAGEQETQYF	3
CASSVSGSYYEQYF	3
CASSIDTGKRAYEQYF	3
CASSPAGQRNEQFF	3
CASSRTGDNNSPLHF	3
CSARGNYEQYF	3
CSGLAGGRNEQFF	3
CSVGVGGSSYEQYF	3
CSVTRAGSQFF	3
CSAQISGDTQYF	3
CASSLQRKTDTQYF	2
CASSREGNEQFF	2
CASSVGGRVTTDTQYF	2
CAWRAYYTGELFF	3
CAISGGEVAALYNEQYF	3
CATSRDSPGPGGTQYF	3
CASSTTQETQYF	3
CASIPWGGQ_RSSYNEQYF	3
CASSLGGNTDTQYF	3
CASSLIWETQYF	3
CASSLAGAGANVLTF	3
CASSLEFLRNTEAFF	3
CASSLIMNTEAFF	3
CASSWTGGGQAYEQYF	3
CASSYYGYNEQFF	3
CASSPLGGGEQFF	3
CASSPTSGSHYEQYF	3
CASSVGGSGMEQYF	3
CASSDSRTSGRTDTQYF	3
CASSFVTGSETQYF	3
CASSLNIAKNIQYF	3
CASSLVLGTGSWIEQFF	3
CASSLVRGTDTQYF	3
CASSLDSLARYF	3
CASSLRGGYEQYF	3
CASSLKGGTNEKLFF	3
CASSSGTVGPDTQYF	3
CASSSTGGYLLRGEAFF	3
CASSYQGSDTQYF	3
CASSLSYNSPLHF	3
CASSPHRAPNYGYTF	3
CASSPPGNSYNEQFF	3
CASSQDRDSSYNEQFF	3
CASSQDRTEQYF	3
CASSQIRDPFNNEQFF	3
CASSVTGGILHEQYF	3
CASSVRTGTGNEQYF	3
CASSVDVRDEGYGYTF	3
CASSDRLAGVNEQFF	3
CASSETSAIPYNEQFF	3
CASRNDRAASPLHF	3
CASRALERTQYF	3
CASRELADTQYF	3
CASRGTSLETQYF	3
CASTWTGSDTQYF	3
CASSRPGDEQFF	3
CASSLVSFGEQFF	3
CASSLAIGRTDTQYF	3
CASSLDRMGDTQYF	3
CASSLTSGGYNEQFF	3
CASSPQRNTGAFF	3
CASSPQRNTEDFF	3
CASSHRTELGTDTQYF	3
CSVLSGASGVYNEQFF	3
CSAPDPGTSSYNEQYF	3
CSARADDSYEQYF	3
CSAGPTQETQYF	3
CSAESLGGAVAGELFF	3
CSATLGDSNEKLFF	3
CSARYFPGLAATDTQYF	3
CSARPPPGLAGSVDTQYF	3
CSARDFSQGGYNEQFF	3
CSARDPGIYNEQFF	3
CSARDRPTDTQYF	3
CSANSGRETQYF	3
CSAPTSGVVEQFF	3
CSARTRKNIQYF	3
CSALPGTEVETQYF	3
CSANQGIGTDTQYF	3
CSVSGRGLYGYTF	3
CSVRLAGSYEQYF	3
CSVVGPYNEQFF	3
CSVGGQNTEAFF	3
CSVGAAGGKLADTQYF	3
CSVDSSGVYNEQFF	3
CSVERQAVNEQYF	3
CSVEKTGADTDTQYF	3
CSVEGAASTDTQYF	3
CSVDSSGKGNEQYF	3
CAISGGEVAALYNEQFF	2
CAISESRDTQYF	2
CAISPGEVHEQYF	2
CATRTDPTSYNEQFF	2
CASFPQGSSTDTQYF	2
CASGISGNEQFF	2
CASGQYNEQFF	2
CASSYSLRDSGSSADTQYF	2
CASSYLVFYEQYF	2
CASSYVVDTQYF	2
CASSPRDRGTYEQYF	2
CASSLRALAGGSYNEQFF	2
CASSLAVTGTSDTQYF	2
CASSLEFETQYF	2
CASSLTGSANQPQHF	2
CASSSGPRRAYEQYF	2
CASSPRLADTQYF	2
CASSPTGSYEQYF	2
CASSRQLGQNNEQYF	2
CASSQVRTVNTEAFF	2
CASSQKRAGSYNEQFF	2
CASSGKSSGANVLTF	2
CASSTIHSGSDETQYF	2
CASSKRTDYEQYF	2
CASRIDLVGATNEQFF	2
CASRPESSGGADTQYF	2
CASRPTGSATNEKLFF	2
CASKIGQGNNEQFF	2
CACRRDGEQFF	2
CASSLASYGQEQYF	2
CASRLQGLVADTQYF	2
CSAPGQLYEQYF	2
CSAGDRNTEAFF	2
CSAIQGKADTQYF	2
CSASPDGSVYGYTF	2
CSASVASGLYAYNEQFF	2
CSASGGRETQYF	2
CSAKKQGQSYEQYF	2
CSVAHTDTQYF	2
CAIRTGDSEQYF	1
CASTLTSGQETQYF	1
CASSFGQGTDTQYF	1
CASSYSVRDNEQFF	1
CASSRLGGETQYF	1
CASSLESGLANNEQFF	1
CASSQDLIIGGQETQYF	1
CASSVGDPGTQYF	1
CASRLQSSYNSPLHF	1
CASSKSDYNEQFF	1
CASRRSSQETQYF	1
CSAPVYTDTQYF	1
CASGLSFHEQYF	2
CASGLGHSEGNEQFF	2
CASSLGGSGMEQYF	2
CACRASDTQYF	2
CAWSATIKQYF	2
CAAGLAGGSGYNEQFF	2
CAIRGSLSPGFSTDTQYF	2
CAISYSGAGGIYNEQFF	2
CAISQTQETQYF	2
CAISAPGGLGAGYTF	2
CAISGLAGANEQFF	2
CAISGEGIDTQYF	2
CAISETTGAIYGYTF	2
CAISEVIGETQYF	2
CAISMTGASTDTQYF	2
CAISTVAGVTDEQYF	2
CAIRGQAGPTGELFF	2
CAINPDPGGSSYEQYF	2
CATRGNNEQFF	2
CATSRAGPHSEQFF	2
CATSDLKSPGGAYNEQFF	2
CATSDPGTGEYNEQFF	2
CATSDPIRGTPDTQYF	2
CATSDSLTSGGYNEQYF	2
CATSRSGQYTDTQYF	2
CATSRIAGVFNEQFF	2
CATSRTLYGGGQFF	2
CATAPRGLVREQYF	2
CASSRGTETQYF	2
CASSIEDGAYEQYF	2
CASSMPGANVLTF	2
CASFPDSSYEQYF	2
CASSLDRVLGQPQHF	2
CASSSTRQGDEQYF	2
CASSLSGATEAFF	2
CASSLPTNGVFSYEQYF	2
CASSRPYNEQFF	2
CASSPLAGVDNEQYF	2
CASSKRSGLAQSTDTQYF	2
CASSPSPQAATEAFF	2
CASSPDRVGGNEQYF	2
CASSPTPDNHEQYF	2
CASSPNTGTGGYYNEQFF	2
CASLPPGANYGYTF	2
CASGTLTTRNEQYF	2
CASIRNGPGGYGYTF	2
CASIASSGTYEQYF	2
CASTLGAGTPQDTQYF	2
CASTLKGSSHNEQFF	2
CASTGNTEAFF	2
CASTSSLVGLATPNEQFF	2
CASTPSTDTQYF	2
CASSFGDGINSPLHF	2
CASSFSGGAGEQFF	2
CASSFSGTNYEQYF	2
CASSFTSGRAYEQYF	2
CASSFNPGLAGLSEQFF	2
CASSLAGANVLTF	2
CASSLGQGVTDTQYF	2
CASSLGQGRNQPQHF	2
CASSLIWETQYF	2
CASSLSWDSGIEETQYF	2
CASSLRRGPLSYEQYF	2
CASSLQVDQGWGNQPQHF	2
CASSLQQGYEQYF	2
CASSLQGGNYGYTF	2
CASSLVGSAAQQETQYF	2
CASSLVQGSTDTQYF	2
CASSLASGGAKTQYF	2
CASSLGGGARGQPQHF	2
CASSLGGSTDTQYF	2
CASSLGRGQETQYF	2
CASSLDEETQYF	2
CASSLIMESNYGYTF	2
CASSLKWGTDTQYF	2
CASSSSVAGIQETQYF	2
CASSSPQTSSAYEQYF	2
CASSSIDRLAESYEQYF	2
CASSSGWRGGSDEQYF	2
CASSWYRGTDTQYF	2
CASSYRVNTGELFF	2
CASSYSWGSENNEQFF	2
CASSYSGGKTQYF	2
CASSYSTGTGYQKNIQYF	2
CASSYYPPGAGGTDTQYF	2
CASSYRETQYF	2
CASSYQGEEETQYF	2
CASSYGSGVDEQFF	2
CASSYGETQYF	2
CASSYTSTTDTQYF	2
CASS*PKFRRTDTQYF	2
CASSPPGAQETQYF	2
CASSPYVGDGNTDTQYF	2
CASSPLAGGNNEQFF	2
CASSRGTERNEQFF	2
CASSHDSSYGYTF	2
CASSGREYQETQYF	2
CASSGGQGLYNEQFF	2
CASSDNRRGVTDTQYF	2
CASSDLRGTGSYEQYF	2
CASSDPGVNEKLFF	2
CASSEPGRVYNEQFF	2
CASSEQGMVGGPGTDTQYF	2
CASSETPSGGLAQETQYF	2
CASSILAGGSNEQFF	2
CASSIRLAGGADTQYF	2
CASSIGGPGGGSSYNEQFF	2
CASSTPSGGANEQFF	2
CASSRPDRGMDNEQFF	2
CASSFTDSTNEKLFF	2
CASSFSYEQYF	2
CASSFGQGRTYEQYF	2
CASSFIRGSSYEQYF	2
CASSLLGADSTDTQYF	2
CASSLVGGRTDTQYF	2
CASSLIRPDTQYF	2
CASSLRGLSFTETQYF	2
CASSLWGRDTQYF	2
CASSLLRDRGEQYF	2
CASSLPSYYEQYF	2
CASSLVSTALSTDTQYF	2
CASSLVRGPYGYTF	2
CASSLVFPPPDTQYF	2
CASSLARGGDTDTQYF	2
CASSLAATSGRNLYEQYF	2
CASSLAGETYNEQFF	2
CASSLANQGYEQFF	2
CASSLAGGTGIYNEQFF	2
CASSLAGTNYGYTF	2
CASSLAGQDEQFF	2
CASSLGVGGSYNEQYF	2
CASSLGEKTQYF	2
CASSLGVSLTEQYF	2
CASSLGGIRKDNEQFF	2
CASSLDSVGYNEQFF	2
CASSLDGEQYF	2
CASSLDS_PFPKAFF	2
CASSLESGTAGNTIYF	2
CASSLELAVTYNEQFF	2
CASSLELAVTYNEQYF	2
CASSLEAGPRIWQFF	2
CASSLEGEQYF	2
CASSLMAGGSNEQFF	2
CASSLMGLRRYNEQFF	2
CASSLTAGVHAGYTF	2
CASSLTGLDTQYF	2
CASSLTGPPETQYF	2
CASSLSTSGRSTQYF	2
CASSLRGLAGGSYNEQYF	2
CASSLNLGSSYNEQFF	2
CASSLKSPYEQYF	2
CASSLKGSGSVLYEQYF	2
CASSSSLQGEQFF	2
CASSSRGLNTEAFF	2
CASSSRTSQINEQYF	2
CASSSTSGSYNEQFF	2
CASSSGGAMHYNEQFF	2
CASSSEDSGANVLTF	2
CASSYFRSDDTQYF	2
CASSYLRRGADNEQFF	2
CASSYGLRIEQFF	2
CASSLIQGRASHNEQFF	2
CASSLSGSSADTQYF	2
CASSLPSGNNEQFF	2
CASSLLSYNEQFF	2
CASSLQGVSTDTQYF	2
CASSLRQGSDTQYF	2
CASSPTRAGLGASYNEQFF	2
CASSPARASTIKTAGSYNEQFF	2
CASSPGGLRIADNEQYF	2
CASSPGVQGNYGYTF	2
CASSPGTVSNEQFF	2
CASSPNSYNEQFF	2
CASSPWTEIEKLFF	2
CASSPLRGRTNEQFF	2
CASSPLGAGTDTQYF	2
CASSPGFRTDTQYF	2
CASSPGVIEQETQYF	2
CASSRENEQYF	2
CASSRKPDNEQFF	2
CASSRWTSGRSTDTQYF	2
CASSRRLAGDSGNEQFF	2
CASSRTSGSNEQFF	2
CASSRPGQGYEQYF	2
CASSHIARSNEQFF	2
CASSQSTGVSTDTQYF	2
CASSQTTLSTDTQYF	2
CASSQRDGYTF	2
CASSQLTGTSRDTQYF	2
CASSQAWAGGSFGTEAFF	2
CASSQALESYEQYF	2
CASSQGSQFVPYNEQFF	2
CASSQDLISGGQETQYF	2
CASSQDALYEQYF	2
CASSQDMDRGLSNEQFF	2
CASSQERATSGRTWDTQYF	2
CASSVYLKETQYF	2
CASSVQTGGNEQFF	2
CASSVVRQPNTEAFF	2
CASSVVKGWSDTEAFF	2
CASSVGGTGYINEQFF	2
CASSVGDGTEAFF	2
CASSVGDGTQQYF	2
CASSVGSGTHSYNEQFF	2
CASSAHHGEYEQYF	2
CASSADSTANNSPLHF	2
CASSARISPVNEQFF	2
CASSATGLEGANVLTF	2
CASSGPENLLAKNIQYF	2
CASSGRSTDTQYF	2
CASSDRYEQYF	2
CASSDTNTQYF	2
CASSEAGRGADEQFF	2
CASSEGTGDFNYGYTF	2
CASSIGTGKSYNEQFF	2
CASSTRHGGPQHF	2
CASSSSGTQYF	2
CASSRTGNEQYF	2
CASSNRGSYEQYF	2
CASSKVRETSTDTQYF	2
CASRSGDAIYNEQYF	2
CASRLSYEQYF	2
CASRLRQGSADTQYF	2
CASRPGQGGHTEAFF	2
CASRGDGKNIQYF	2
CASREYSYEQYF	2
CASRSTGFYNEQFF	2
CASRWGETQYF	2
CASRHTDRSVSAEQFF	2
CASRREENEQYF	2
CASNLLGQGNYEQYF	2
CANPEDRHYEQYF	2
CANSRMIPGLAGFTEQFF	2
CSTPGQGMVEQFF	2
CLAGYSTLYNEQFF	2
CATGQNKGTQYF	2
CASEKNR_SYEQYF	2
CASTIGQGFDNEQYF	2
CASSLLAGLDLRQNEQFF	2
CASSLLAGLDLRQDEQFF	2
CASSAGQGFSYEQYF	2
CASSLSVSGEQFF	2
CASSLAGVREETQYF	2
CASSLGSGPRETQYF	2
CASSLEMDRDQYF	2
CASSLGRASNEQFF	2
CASSSHGQHTDTQYF	2
CASSSTGFPYEQYF	2
CASSLRTANYGYTF	2
CASSLRAGGTYEQYF	2
CASSLRTSVDEQFF	2
CASSPSSTASTDTQYF	2
CASSPPTG_TYNEQYF	2
CASSPGASVTDTQYF	2
CASSRTGGHPDTQYF	2
CASSRRGRDTQYF	2
CASSQDFSLTRTDTQYF	2
CASSQDLEAGSSYNEQFF	2
CASSQDRLAGSGGPYNEQYF	2
CASSQDAGSYNEQFF	2
CASSQDNSASHYNEQFF	2
CASSQEADTQYF	2
CASSTGTPKETQYF	2
CASSKDSGTYNEQYF	2
CSSKRGGRYEQYF	2
CSVLSGASGVYNEQYF	2
CSASPTSAITDTQYF	2
CSAYPTGRQETQYF	2
CSAPLAIVTDTQYF	2
CSAPPFPGPSQETQYF	2
CSAPPGTSEVNGYTF	2
CSAPGTSTDTQYF	2
CSAPNPGTTLGTQYF	2
CSAPNSAARDNEQFF	2
CSAAHGTSYETQYF	2
CSAMRTGLYEQYF	2
CSATGQANYGYTF	2
CSATLPMGTSAYEQYF	2
CSASWSSYNEQFF	2
CSASGGTSTDTQYF	2
CSASRPGNAQETQYF	2
CSARSRTGSSYNSPLHF	2
CSARPLAGANNEQFF	2
CSARGLRQETANYGYTF	2
CSARGLAGDYEQYF	2
CSARDLAGAFLYEQYF	2
CSARSTSGRALFYNEQFF	2
CSARPFWSGSYEQYF	2
CSARALANEQYF	2
CSARGDRGLETQYF	2
CSARGSVRTDTQYF	2
CSARGYFYNEQFF	2
CSARDLGSKNIQYF	2
CSARDPGLSSYNEQFF	2
CSARDPGHYNEQFF	2
CSARDVGAGEKLFF	2
CSARDAGINYNEQFF	2
CSARDGRTSLSSGANVLTF	2
CSARDSGGQGSNEQFF	2
CSARDRPSGVSYNEQFF	2
CSARELAGIGNEQFF	2
CSARRGNEQFF	2
CSARNLRTSGIRNEQYF	2
CSANRDVISNEQFF	2
CSALPPGLMNQETQYF	2
CSAPSRHETDTQYF	2
CSAPSGVYEQYF	2
CSAHGLAGGSIYNEQFF	2
CSATGVSYNEQFF	2
CSAPGQAEEKLFF	2
CSAPGHRSYEQYF	2
CSAQRAGLPRSTDTQYF	2
CSAKKVQNYNEQFF	2
CSAPGQVTYEQYF	2
CSARPSNRIYSYNEQFF	2
CSAEPLWAEGTDTQYF	2
CSAEPLWAEGTDAQYF	2
CSGQLTSSYEQYF	2
CSGGEGPYNEQFF	2
CSTEPLGAEGTDTQYF	2
CSTRGTSGRTEQFF	2
CSFQHQLAGPQDTQYF	2
CSYTQDLNQPQHF	2
CSVSSSYNEQFF	2
CSVSTSGADGVVQFF	2
CSVPMGGGEQYF	2
CSVAHGGSYNEQYF	2
CSVAERELYYNEQFF	2
CSVALTRETQYF	2
CSVAATGTGLGSPLHF	2
CSVGGGGPGEQFF	2
CSVGSGFTDTQYF	2
CSVGLVGSEIKETQYF	2
CSVGTGRASSTDTQYF	2
CSVGFYNEQFF	2
CSVGPKMGTQYF	2
CSVGRGSNEQYF	2
CSVGGGGAFERNTEAFF	2
CSVDWLGLGETQYF	2
CSVDTTGSSYEQYF	2
CSVDPTGSQETQYF	2
CSVEGLGNEQFF	2
CSVEGQGLHRGYTF	2
CSVEDLGVGGQETQYF	2
CSVEDRGNEQYF	2
CSVEDKLAGTEQFF	2
CSVEERGLGEQYF	2
CSVEEGYEQYF	2
CSVEEGGVYNEQFF	2
CSVEMWTEQFF	2
CSVERDRGLRNEQFF	2
CSVEKQGDEQYF	2
CSVNRLAGDPNEQFF	2
CSVFDSYEQYF	2
CSVRVSYEQYF	2
CSVVMGQPDTDTQYF	2
CSVTRYGTGQLRTWNEQFF	2
CSALRDRANEQFF	2
CSADRGYEQYF	2
CSAHRTE_SYNEQFF	2
CSGGSNYEQYF	2
CASGLVLRGLVRRSSYNEQFF	1
CASGLTSGREHEQFF	1
CAWSVGTGWGTDTQYF	1
CAPGFSRETDTQYF	1
CAGRRGGANNEQFF	1
CAIQKQGGTDTQYF	1
CAISQQGDTQYF	1
CAISVREVTYNEQFF	1
CAISGVNSGSLDTQYF	1
CAISDRWLGIWEQYF	1
CAISRGLVDTQYF	1
CAIRRDQGESTDTQYF	1
CAILRGLGDTQYF	1
CATSKAGGSSYNEQFF	1
CATQGNGGNSYNEQFF	1
CATTGQGNDEQFF	1
CATSERTGLSSYNEQYF	1
CATSRTL_MGVEQYF	1
CASSSTSGGSTDTQYF	1
CASSPPSGSPYF	1
CASSPPGLADNEQFF	1
CASSPRDRNYGYTF	1
CASEGANYGYTF	1
CASTLGVGQGRSGYTF	1
CASTPLDGQFYGYTF	1
CASTDTERETQYF	1
CASSFRGNTDTQYF	1
CASSFVLPEETQYF	1
CASSFRDEQYF	1
CASSFSRDPGNEQFF	1
CASSFIAGNNEQFF	1
CASSLPSRRLSGYTF	1
CASSLRGLLYNEQFF	1
CASSLSGSSQRPYEQYF	1
CASSLVPIQYNEQFF	1
CASSLGLANHYEQYF	1
CASSLGGNNSPLHF	1
CASSLNRGQSEQYF	1
CASSSADSSYNEQYF	1
CASSSPGPLQYF	1
CASSSAGTGTYEQYF	1
CASSYSVMLASSYEQYF	1
CASSYERGTNYGYTF	1
CASSYSGGSYEQYF	1
CASSLVALGEQFF	1
CASSPSRQGLGPSSQYF	1
CASSPGLERYEQYF	1
CASSPNRGGAVWTQYF	1
CASSQNRGIAYEQYF	1
CASSASGTTYEQYF	1
CASSDLKIGVSSKNEQFF	1
CASSIRLLAGENEQFF	1
CASSIIGETQYF	1
CASSTEETQYF	1
CASSTSSRRQFQSSYEQYF	1
CASSFRGRSYGYTF	1
CASSLLWGRYEQYF	1
CASSLYGTGSSYEQYF	1
CASSLYNEQFF	1
CASSLAVESWEDYGYTF	1
CASSLAGYYGYTF	1
CASSLDVTGNDEQYF	1
CASSLSGVGGYTF	1
CASSLSDPYEQYF	1
CASSLAGQSPLHF	1
CASSLAFAVTSGTSSYEQYF	1
CASSLGQGGIEQFF	1
CASSLGFGRITSTDTQYF	1
CASSLGLTSGEGNEQFF	1
CASSLGSGETQYF	1
CASSLDVPGRQETQYF	1
CASSLRQGDGYTF	1
CASSLKASGSSDTQYF	1
CASSSRTSGRVNEQFF	1
CASSSRTTSGGYGYTF	1
CASSLSDVNEQYF	1
CASSPGQTTDTQYF	1
CASSPWGIRLADEQYF	1
CASSPRCR_ESGEQYF	1
CASSPRARNYEQYF	1
CASSPRGGQETQYF	1
CASSPTANYGYTF	1
CASSPGLAGVLFF	1
CASSPKTRGDYEQYF	1
CASSR*SG_RSYEQYF	1
CASSRTGSSYEQYF	1
CASSRDRGYNEQYF	1
CASSRDRRDEQYF	1
CASSRTGREKLFF	1
CASSQLRDTQYF	1
CASSQLAGSYNEQFF	1
CASSQVSGTGQGYTF	1
CASSQVPGQSSYNEQFF	1
CASSQGR_IHEQFF	1
CASSQDYGSKNIQYF	1
CASSQTSGGTSTDTQYF	1
CASSVLGTGKTDTQYF	1
CASSVETAAGGGYTF	1
CASSVSSGRSDTQYF	1
CASSVSQGISGAQYF	1
CASSVVGGWETQYF	1
CASSVAPGGGFGSYNEQFF	1
CASSVAQRWNEQFF	1
CASSAPGTSGYNEQFF	1
CASSILREGDTQYF	1
CASSKRS_ENEQFF	1
CASRF*SI_GDNEQFF	1
CASRVTRTALHQPQHF	1
CASRETGSSYEQYF	1
CASRLDQREGQETQYF	1
CASRPDSDYNEQFF	1
CASRQTGSLGANVLTF	1
CASNQGNTYEQYF	1
CASNATDQETQYF	1
CASKFLRGEQYF	1
CASKPWRTDTQYF	1
CANVATAFTGELFF	1
CASSVPGGHGYTF	1
CASSFGLAGLSYEQYF	1
CASSLLGQGWTDTQYF	1
CASSLRRGATEAFF	1
CASSLAGPPDTQYF	1
CASSLGTQSLNEQYF	1
CASSLGGTVNTDTQYF	1
CASSLAGGPYNEQFF	1
CASSYISGRNEQFF	1
CASSLASYGQEQFF	1
CASSLDPINEQFF	1
CASSPTGTRNEKLFF	1
CASSPSGSSAKETQYF	1
CASSPNNGAYTQYF	1
CASSRENEQFF	1
CASSQVRFTGGYTF	1
CASSQGLAESHEQFF	1
CASSQGSAYEQYF	1
CASSQDWGRTGSGEQYF	1
CASSQDMGSGANVLTF	1
CASSQERGLAGHDGSPYF	1
CASSQESTGLTDTQYF	1
CASSQSPSYGYTF	1
CASSVSGQETQYF	1
CASSAGTSGIYEQYF	1
CASSGYGGAGTDTQYF	1
CASSMDGYSYEQYF	1
CSVVREGETQYF	1
CSVLARGKTRSYNEQFF	1
CSASLAGKDTQYF	1
CSALPTSGAYNEQFF	1
CSAPNYGYTF	1
CSAIYRQGEQYF	1
CSAIGLAGEKETQYF	1
CSATSGAGEQYF	1
CSATGQVGVYEQYF	1
CSASPTSGRTNEQFF	1
CSASHPALAGGLTDTQYF	1
CSASGLGTGSSDTQYF	1
CSASTLLAGEGNEQFF	1
CSARPPGERPYNEQYF	1
CSARSLDSRETQYF	1
CSARYPHVGYNEQFF	1
CSARLRIYNEQFF	1
CSARLAGQETQYF	1
CSARRSRGPVNEQFF	1
CSARVTTSGRAGEQFF	1
CSARVVGTDTQYF	1
CSARVTQGNGYTF	1
CSARVRGKDEQYF	1
CSARAGGPRYF	1
CSARGGGYTDTQYF	1
CSARDLGYTF	1
CSARDPTGGGRTQYF	1
CSARDRKGFQETQYF	1
CSARDPLTGFGEEQYF	1
CSARDQTGNYGYTF	1
CSAFPQGAETQYF	1
CSASGDTQYF	1
CSAGPRETQYF	1
CSAGFANEQFF	1
CSAPLTGPNEKLFF	1
CSAGGPYNEQFF	1
CSARDAGQPYNEQFF	1
CSARLAGVYNEQFF	1
CSAKKSGSTDTQYF	1
CSTTDGSYGYTF	1
CSVVWGHYEQYF	1
CSVVQADRNYGYTF	1
CSVGHGEITGELFF	1
CSVGQGFYEQYF	1
CSVEVIAGGRGDTQYF	1
CSVELAGVHEQYF	1
CSVEVDRVKFF	1
CSVEATGETQYF	1
CSVEGDYGDRTDTQYF	1
CSVEGMLQETQYF	1
CSVEGSGGREKTQYF	1
CSVEDPTTGLYEQYF	1
CSVEEWQAPVGSYTF	1
CSVLWDKSYEQYF	1
CSVDGSSTDTQYF	1
CSVSQGALDGSYEQYF	1
CSVGQGGYEKLFF	1
CSAGGSGRAGETQYF	1
CSAARTVFQETQYF	1
CSANLEDTQYF	1
CSGEDSEKNIQYF	1
CSTGRYNQPQHF	1
CRGVGTVTSGRSSSYNEQFF	1
FLGDRGRLFEQYF	1
CSSWGQGTDTQYF	1
CVSLRWEGRYEQFF	1
CVSSLYEQFF	1
CVSSVTGGILHEQYF	1
CASEGNTEAFF	1
CATSEQGAYNEQFF	1
CATSSDLGGFHTDTQYF	1
CATSRDYTVPEAFF	1
CATGAGRNNEQFF	1
CASRPQTYEQYF	1
CASGLPAGVPKNEQFF	1
CASGLVRG_SANNEQFF	1
CASGLVQSTESSVTQYF	1
CASGLVGSSPLHF	1
CASGLGIRDYNEQYF	1
CASGLGNPDTQYF	1
CASGLDRVWDSHDNEQFF	1
CASGLTSGGAVDTQYF	1
CASGLTQGNEQFF	1
CASGLKGATDTQYF	1
CASGLSFHERYF	1
CASGLSFHEQYF	1
CASGLGDSTYEQYF	1
CASGSSQREGIYNEQFF	1
CASGSTSGFSSYNEQFF	1
CASGWTLGNGYTF	1
CASGTGLGANEQFF	1
CASGPRPARETQYF	1
CASGGTDPRLGDEQFF	1
CASSFRRGGTQPQHF	1
CASSSTGLAGPNEQYF	1
CASSYRIYEQYF	1
CASSPTSGGDTDTQYF	1
CASSVAGRTYNEQFF	1
CASSFSPGAFQETQYF	1
CASSLLGTGGDTQYF	1
CASSLVRWSKAFF	1
CASSLVEGEQFF	1
CASSLIPSGPYEQYF	1
CASSLGGSLTDTQYF	1
CASSPGTVSNTGELFF	1
CASSPSKETQYF	1
CASSPQEASTDTQYF	1
CASSRTSGGGDTQYF	1
CASSHDRGPTGELFF	1
CASSQGGVNEQYF	1
CASSQDPGLDTQYF	1
CASSRLA_GMDEQYF	1
CASRAADSYEQYF	1
CAFLGQGMIHNEQFF	1
CALQTGRTTDTQYF	1
CASQGLAGAKDTQYF	1
CASAPGPGYEQYF	1
CASWGGPYNEQFF	1
CASTLGALGANVLTF	1
CASTTGASSNYGYTF	1
CACTLGGAHNEQFF	1
CACSRDGRLGIQYF	1
CACQDRGQDEKLFF	1
CACSHTLAGEAFF	1
CACSLGDGTEQYF	1
CACSLGLSGAENIQYF	1
CACSKAQRATYEQYF	1
CACREMTGSYNEQYF	1
CACNPWD*_GTKNIQYF	1
CAWCPRTGGVMSKRDTQYF	1
CAWLQGDIQYF	1
CAWGQENTEAFF	1
CAWDGQGASYYGYTF	1
CAWTLDSNQPQHF	1
CAWSLPRGAYEQYF	1
CAWSLTSGRSFEQFF	1
CAWSVREVRNTEAFF	1
CAWSVGQVYGYTF	1
CAWSVTWDTQYF	1
CAWSVKRPPNEQFF	1
CAWSAGTDRNYGYTF	1
CAWSADWKQFF	1
CAWSGDPGGTKNIQYF	1
CAWSGDRGYEQYF	1
CAWSGKRGYNEQFF	1
CAWSMGLGYNEQFF	1
CAWSTVYPYSYEQYF	1
CAWSKGLAGEWNEQFF	1
CAWSPPDRNIQYF	1
CAWSRGRVFYEQYF	1
CAWRYADTQYF	1
CAWRRDRSYNEQFF	1
CAWRKDGTDTQYF	1
CALLDLLTTW_VQGTDQPQHF	1
CARSLAARVGGADTQYF	1
CAQSRGGQIGNEQFF	1
CAVARRNLYGYTF	1
CAAGLAEANTGELFF	1
CAAGLAGGSGYNEQYF	1
CAAKGESNYGYTF	1
CAARYSLVYTEAFF	1
CAGSSQGDTQYF	1
CAGRRGGANNEQYF	1
CAGTKRQGSSYNEQFF	1
CAGSYYRTSGRDTQYF	1
CAGSSRTSGSNEQFF	1
CAGSSQTSSYEQYF	1
CAGSPRPSDSNQPQHF	1
CAGSQPLRDNNEQFF	1
CAGSQGDRGQETQYF	1
CAGRLAGVGADTQYF	1
CAGSRDS_YNEQFF	1
CAGHTGQGGTDTQYF	1
CAGRRTGSDGYTF	1
CAGAGGSGYEQYF	1
CAIWAGNSGANVLTF	1
CAIPGRQGSTDTQYF	1
CAITKDRSSYEQYF	1
CAIFSTDQETQYF	1
CAISLDRGLNNEQFF	1
CAISRNTDTQYF	1
CAIYNGNQGDTQYF	1
CAILRVTFF	1
CAIPDQTS_GFGNEQFF	1
CAIPPSD*R_GSNTDTQYF	1
CAIRTSTVHYEQYF	1
CAIRESHNGELFF	1
CAIRGNSEQYF	1
CAIRTVNTEAFF	1
CAIQGDTYEQYF	1
CAIQDGYYEQYF	1
CAIGSGGVTDTQYF	1
CAIGGTGNMNTEAFF	1
CAIGEGTKANQPQHF	1
CAIGVRAGWDVTDTQYF	1
CAIGREPETQYF	1
CAIGGGFWAFF	1
CAIGDRDHEQYF	1
CAIGNIADTQYF	1
CAIDRVSYNEQYF	1
CAIDRGNEQFF	1
CAIMGTSGRTDEQFF	1
CAITGDSSNYGYTF	1
CAITSGGFSYEQYF	1
CAITETRSSYEQFF	1
CAITPGHATGELFF	1
CAITPGQGEAFF	1
CAITGGPNNEQFF	1
CAISFFPRGGSYGTDTQYF	1
CAISSSGVSYNEQFF	1
CAISSGKSTDTQYF	1
CAISYLSLPPGQFF	1
CAISPRQGNYGYTF	1
CAISPGQGYNEQFF	1
CAISPGQNNNEQFF	1
CAISRQGVSISDTQYF	1
CAISVGTSTYEQYF	1
CAISVTSGNEQYF	1
CAISVLAGQGFDEQFF	1
CAISVKGSYNEQYF	1
CAISARLAGGTDTQYF	1
CAISAAQGPTDTQYF	1
CAISAGQGRDNEQFF	1
CAISAGFGETQYF	1
CAISATPGQGTYNEQFF	1
CAISATDRGYEQYF	1
CAISGNRGPSDTQYF	1
CAISGTHSPSGANVLTF	1
CAISGTGYRNEQFF	1
CAISGPVKEKKNEQYF	1
CAISGGEVAALYNEQLF	1
CAISDYYEQYF	1
CAISDYRGESYEQYF	1
CAISDLDRGPNNEQFF	1
CAISDPPYGQYF	1
CAISDRI_TGGGYTF	1
CAISDAETQYF	1
CAISDMRQGPYEQYF	1
CAISDKGELGSDTQYF	1
CAISDSNRAKNIQYF	1
CAISDPTYEQFF	1
CAISDPTYEQYF	1
CAISDRTSGRPDTQYF	1
CAISDTQRSTDTQYF	1
CAISDKVDYGYTF	1
CAISEFGTSDNEQFF	1
CAISELNEQFF	1
CAISELQGKFFYEQYF	1
CAISESPDSIQETQYF	1
CAISESGQGTDTQYF	1
CAISESLGEYNEQFF	1
CAISESLLGPPYEQYF	1
CAISESQGRFYGYTF	1
CAISESQGGFYGYTF	1
CAISESGRGLASPNEQFF	1
CAISESGAGSTDTQYF	1
CAISESGDRYNEQFF	1
CAISESEPSGKETQYF	1
CAISESIS_FPYEQYF	1
CAISESTAKNIQYF	1
CAISESVSPYQETQYF	1
CAISESDAHTQYF	1
CAISESS_ANYGYTF	1
CAISECEG_ARYNEQFF	1
CAISEWQDSYEQYF	1
CAISEYRGEQYF	1
CAISEYNEQFF	1
CAISELRARLGYTF	1
CAISEPSLAGDTDTQYF	1
CAISEPLPLAADSYNEQFF	1
CAISEPAGGPKLPYEQYF	1
CAISEPGGQGSYGYTF	1
CAISEQTSSYEQYF	1
CAISEGFPGLAGVDTQYF	1
CAISEMDRGGKLFF	1
CAISEKAVGDTQYF	1
CAISEFANEQYF	1
CAISESLAGLETQYF	1
CAISIAGGYEQFF	1
CAISTSGQAIIEAFF	1
CAISNRGSSYEQYF	1
CAISKDRGGTEAFF	1
CAISKTDTQYF	1
CAISPGLAGANEQFF	1
CAISQGYVGYTF	1
CAISQSGQGALFF	1
CAISGELMTDTQYF	1
CAISGTKTNTDTQYF	1
CAISGTASSGNTIYF	1
CAISGTGGIGYTF	1
CAISGPTSGYNEQYF	1
CAISDNVRGTDTQYF	1
CAISETVANEQFF	1
CAISTTSGGRNEQFF	1
CAISTPSGGSSYNEQYF	1
CAIRSSTDTQYF	1
CAIRLGQGSSTDTQYF	1
CAIRRTGSSYEQYF	1
CAIRQTGANVLTF	1
CAIRAPDYNEQFF	1
CAIRGSSLYGYTF	1
CAIRRTGLNTEAFF	1
CAIRSGVSTDTQYF	1
CAIRPGTAETQYF	1
CAIRPTGLNYEQYF	1
CAIRDREQYF	1
CAINPADLTSTDTQYF	1
CAIKGQGLSYNEQFF	1
CAIKGTSGGYQETQYF	1
CAIKGTSLYNEQYF	1
CAIQTGTANTGELFF	1
CATPGNGGAEAEAFF	1
CATRGQGRPYEQFF	1
CATGGTGSYEQYF	1
CATTDPGQGTTDTQYF	1
CATTPKRTP_GWGNQPQHF	1
CATRGTRVGNEQFF	1
CATLGPRDSPLHF	1
CATSNHGVYNEQFF	1
CATSGGPGIGTQYF	1
CATCRDRMYGYTF	1
CATLGTEAFF	1
CATRLNAEAFF	1
CATRHQETQYF	1
CATRGSGDPYEQYF	1
CATAVYNEQYF	1
CATGPLAGYEQYF	1
CATGGGIGAQFF	1
CATGRTLYGGEQYF	1
CATGGDRTYNE*FF	1
CATDRSNYGYTF	1
CATDRGNEQFF	1
CATDRGNEQYF	1
CATMETLTRGTGNEQFF	1
CATTYRGSYNEQFF	1
CATSLGTGFRNEQYF	1
CATSPQTSIEQYF	1
CATSRERGSYNEQFF	1
CATSVRDTQYF	1
CATSVATGGYNEQFF	1
CATSVGRGRTDTQYF	1
CATSVGAGDYNEQYF	1
CATSARGDTQYF	1
CATSAKKGLAAYNEQFF	1
CATSATTGSSYNEQYF	1
CATSAGKRYNEQFF	1
CATSGAIQNQPQHF	1
CATSGGLAVSYNEQYF	1
CATSGDRGAYNEQFF	1
CATSGTGGPVTYNEQFF	1
CATSGQGASSYNEQFF	1
CATSDFSRGGKETQYF	1
CATSDFRVGTTDTQYF	1
CATSDLPSGTYNEQFF	1
CATSDLRGSADTQYF	1
CATSDLRRGLNNEQFF	1
CATSDLRRASYNEQFF	1
CATSDLQTSGDNEQFF	1
CATSDSSSLADTQYF	1
CATSDSNPGTGRYNEQYF	1
CATSDSGSSYEQYF	1
CATSDLDM_RASYEQYF	1
CATSDLYRDSSEQFF	1
CATSDLGWPQHF	1
CATSDPLTDTQYF	1
CATSDPAGLGNNEQFF	1
CATSDPSFNTQYF	1
CATSDPQTGGSYNEQFF	1
CATSDPGTGVNEQFF	1
CATSDPDDSYEQYF	1
CATSDRVRGSTDTQYF	1
CATSDHGGSNEQFF	1
CATSDQGTNSYEQYF	1
CATSDTGVDNEQFF	1
CATSDLMTEGRGVDEQFF	1
CATSDPRARANEQYF	1
CATSDPGHGFGGYTF	1
CATSDPTGTSGYNEQFF	1
CATSDRSDTQYF	1
CATSDRTSSVNEQYF	1
CATSDQQVNQPQHF	1
CATSDSGHNEQFF	1
CATSDSGHNEQYF	1
CATSDRANYGYTF	1
CATSEGGSYNE*FF	1
CATSEGGSYNEQYF	1
CATSETRASSTDTQYF	1
CATSERRDFYEQYF	1
CATSNPGQGINIQYF	1
CATSPRRVNEQFF	1
CATSRGQGAATNEKLFF	1
CATSVPGQGNEKLFF	1
CATSGPGTGTEAFF	1
CATSGVRGLAKNIQYF	1
CATSTLAGGFDTQYF	1
CATSTVRRAGLSLEQFF	1
CATSTGLLAGVGNEQFF	1
CATSTRGLAGYNEQFF	1
CATSTGVVRRDEQFF	1
CATSSLDRNYGYTF	1
CATSSPMTDDTDTQYF	1
CATSSSAHVNSYEQYF	1
CATSSDLG_FHTDTQYF	1
CATSSDLG_FHTDTQYF	1
CATSRGRSTDTQYF	1
CATSRSGQGFDTQYF	1
CATSRVAGEKLFF	1
CATSRVDSNYEQYF	1
CATSRVSSGIETQYF	1
CATSRVDRREQYF	1
CATSRVDGGNEQFF	1
CATSRALGLQTGNNQPQHF	1
CATSRAGTISYEQYF	1
CATSRATDYYEQYF	1
CATSRDWTSSYNEQFF	1
CATSRDLKGYQPQHF	1
CATSRDPPIT*_GQLKDDNEQFF	1
CATSRDHSYEQYF	1
CATSRDRSNQPQHF	1
CATSREGSSYEQYF	1
CATSRILYGGEQYF	1
CATRAGARYEQYF	1
CATRGSGGEYNEQYF	1
CATRGLAVYEQYF	1
CATRDNEQFF	1
CATREIGDSPLHF	1
CATRSDRVDQPQHF	1
CATRVRGTNEQFF	1
CATRIGTGSETQYF	1
CATRSRDQPQHF	1
CATKEGESYNEQFF	1
CATKPGQNNNEQFF	1
CATKSGGGTDTQYF	1
CATASSSYNEQYF	1
CATGQGASNEQFF	1
CATGRPFNNEQFF	1
CATSGRATIEQFF	1
CATKTLGQGKDEQYF	1
CATQRSTSGANVLTF	1
CATGGSLDTQYF	1
CATGGTSGGTTDTQYF	1
CASLAGGSSYEQYF	1
CASCSGETQYF	1
CASYSRE_SNEQFF	1
CASYEQYF	1
CASRRGGRSDEQFF	1
CASQSDSYEQYF	1
CASQPGWGRETQYF	1
CASQRGGNAEAFF	1
CASQTVDNEQFF	1
CASAQGQVFYEQFF	1
CASGRRTGDTEAFF	1
CASIATGTASYNEQFF	1
CASTSGLNNEQYF	1
CASTSDIASYGYTF	1
CASTMGTNEQYF	1
CASTDRGEQYF	1
CASSLRGTGSNQPQHF	1
CASSLVVGDSATYEQYF	1
CASSSRRGGNQPQHF	1
CASSYGYRGRNQPQHF	1
CASSYETSGAATKNIQFF	1
CASSLGTGRTDTQYF	1
CASSPYRLASSSYEQYF	1
CASSPRDSRFNNEQYF	1
CASSPVKGSFPYEQYF	1
CASSPSGTGYASGYTF	1
CASSQQDNEQFF	1
CASSVTGTDTQYF	1
CASSASTSIEFYEQYF	1
CASSADVGYGYTF	1
CASSGSYGYTF	1
CASSGGTGEKLFF	1
CASSEDSPAGAQETQYF	1
CASSIGSPGEKLFF	1
CASSIGTSGGFYNEQFF	1
CASSIRGDEQFF	1
CASSMGNYNEQYF	1
CASSMEPSGGVGTDTQYF	1
CASSIFNLNEQFF	1
CASSIGLANPHEQYF	1
CASSIGRDYHEQYF	1
CASSTQRQGYEQFF	1
CASSTGAGTEAFF	1
CASSSGFGSSPYGYTF	1
CASSSGTGSYNEQYF	1
CASSLSYNSPLHF	1
CASSQDVTGYTF	1
CASSTRGAGGSDTQYF	1
CASRLWGGVYNVQFF	1
CASRIREANEAFF	1
CASNLPNQLQHF	1
CASKSFSDRGDVLTF	1
CASKDRVNTEAFF	1
CASFNSRGRADTQYF	1
CASFNSRGRTDTQYF	1
CASFLSQGESTEAFF	1
CASLRLAGEETQYF	1
CASLWI_TYVQYF	1
CASLRTTNEKLFF	1
CASLKAAGTNNEQFF	1
CASSPDRGYGYTF	1
CASSRTGSDGYTF	1
CASSHGGAAEQYF	1
CASSQGGYGYTF	1
CASSILTGQGEGQYF	1
CASSFPYEQYF	1
CASSLALSSYNEQFF	1
CASSLGSSTDTQYF	1
CASSLDNLSYEQYF	1
CASSLQGSTDTQYF	1
CASSPPGSSSYEQYF	1
CASSPLAGPRETQYF	1
CASSRDRANSPLHF	1
CASSETGVPNQPQHF	1
CASSIDPNQGYEQYF	1
CASSTQGVLYGYTF	1
CASSKGREQYF	1
CASSKRETQYF	1
CASSLGESSYEQYF	1
CASSLTDEQYF	1
CASSPDRGNTEAFF	1
CASSPTSGRDTQYF	1
CASSGGGINEQFF	1
CASSGDNEQFF	1
CASSGQGHNEQFF	1
CASSDIRANGYTF	1
CASSDSDNEKLYF	1
CASSDRGTDTQYF	1
CASSIGQGAPYEQYF	1
CASSKRSGLARSTDTQYF	1
CASSLAEANYGYTF	1
CASSSFLRVLSYNEQFF	1
CASSYFTGGFSYEQYF	1
CASSLQTSGGRQETQYF	1
CASSLIKAYEQYF	1
CASSLGQGSYNEQFF	1
CASSPFGGGALEQYF	1
CASSPSEEGRGKQYF	1
CASSPSRQVISLGQYF	1
CASSPYWTDYNELFF	1
CASSPLQQGPSEQFF	1
CASSPPGTGVGKYF	1
CASSPDLGLAGDNEQFF	1
CASSPMLAGAQETQYF	1
CASSPTGETDTQYF	1
CASSPRTVKETQYF	1
CASSPSPQAATEAFF	1
CASSPLGADTQYF	1
CASSPGSPNEQFF	1
CASSPDPGTGIYEQYF	1
CASSPLGLAEENEQFF	1
CASSPSKDTQYF	1
CASSPLDRGAGEQYF	1
CASSPPQSSYNEQFF	1
CASSPASTDTQYF	1
CASSPAGKEQFF	1
CASSPGGSSSGEQFF	1
CASSPGREATEAFF	1
CASSPGGRSLYEQYF	1
CASSPGTGLAKNIQYF	1
CASSPGQGKETQYF	1
CASSPTSGSSYNEQFF	1
CASSPTAGGTDTQYF	1
CASSPRGGLNEKLFF	1
CASSPSTRPGEQYF	1
CASSPLFLETQYF	1
CASSPLALSSYEQYF	1
CASSPPQKNIQCF	1
CASSPPSRGNNYGYTF	1
CASSPPGKLAKNIQYF	1
CASSPPFLQETQYF	1
CASSPPARAPDTQYF	1
CASSPPTNEQFF	1
CASSPPREVRQGRPIGIIQETQYF	1
CASSPRDREVASQGYTF	1
CASSPRPTSGGFTGELFF	1
CASSPQPAGVNEQFF	1
CASSPVFGTVRPDTQYF	1
CASSPATD*_KVSDEQYF	1
CASSPAGDGTDTQYF	1
CASSPGYRSEQFF	1
CASSPGQLDTQYF	1
CASSPGTSSGEQFF	1
CASSPGTGDSYNEQFF	1
CASSPGNEQYF	1
CASSPGSGGADIMEQFF	1
CASSPDPGTYEQYF	1
CASSPDNRKFF	1
CASSPEGAGAGYTF	1
CASSPIEYKGDRYNEQFF	1
CASSPTSGVTDTQYF	1
CASSPTKTTEAFF	1
CASSPTDSSSGNTIYF	1
CASSPSQGTNQPQHF	1
CASSPRALDRSSGNTIYF	1
CASSPRGSTGVNTGELFF	1
CASSPNRATDTQYF	1
CASSPKGGQGTQYF	1
CASSPKQGGNYGYTF	1
CASSRTASTDTQYF	1
CASSRVRSSNEQFF	1
CASSRTSNTDTQYF	1
CASSRTGTSGYEQYF	1
CASSRRDYTQYF	1
CASSHGGVRERGEQFF	1
CASSHTSGSSRWNEQFF	1
CASSQGNGYTF	1
CASSALAGAHNEQFF	1
CASSALLNSYNEQFF	1
CASSAQGLKQYF	1
CASSDGTSRNEQFF	1
CASSIQADTEAFF	1
CASSTTGQSFPYEQYF	1
CASSRTDTEAFF	1
CASCLFGAETQYF	1
CASCLGGGGMEQFF	1
CASCNPGQLSGANVLTF	1
CASCPTLVPDRKYYGYTF	1
CASWDVGEKLFF	1
CASYGLAESTDTQYF	1
CASYTLAGQPQHF	1
CASYRRG_ESDTQYF	1
CASLEGSRGEGLVYEKLFF	1
CASLRGVGNVLTF	1
CASLGLAAPEEQFF	1
CASLDDRARSEQFF	1
CASLQQDRGGETQYF	1
CASPRGLSSYEQYF	1
CASPGTDTQYF	1
CASPGTSGNWDTDTQYF	1
CASPQKGG_RRNEQFF	1
CASPNVDLNNEQFF	1
CASRPSGQLYNEQYF	1
CASRVRRVEQYF	1
CASRDDRAAQPQHF	1
CASREQGRYEQYF	1
CASRSRSNNQPQHF	1
CASRPS_TYEQYF	1
CASRKDRAGADTQYF	1
CASRGRVGNEQYF	1
CASRDGTGFSYEQYF	1
CASRTRVEPNNSPLHF	1
CASRRGVHEQFF	1
CASRRGVHEQYF	1
CASRRD*_GLNEQLF	1
CASHFGGGSTDTQYF	1
CASHRDDEQYF	1
CASHLLPSGFGTGELFF	1
CASHAKGGYTF	1
CASQWDSTQPQHF	1
CASQPGQKDTEAFF	1
CASQRDTLGGDTQYF	1
CASQASTDTQYF	1
CASQGQGVSNEQFF	1
CASQRGLAAYNEQYF	1
CASVQLSGLAGSNEQFF	1
CASVQAGGYYEQYF	1
CASVRLAGIYEQYF	1
CASAYRGGLSYEQYF	1
CASAPGDSYNEQYF	1
CASASGQGHLGYTF	1
CASASSYEQYF	1
CASARGLAGVKQFF	1
CASARALSYEQYF	1
CASAGYNEQFF	1
CASADLELYNEQFF	1
CASARTSGNNEQFF	1
CASANGPNEKLFF	1
CASAVFFTDTQYF	1
CASANRGFLVNIQYF	1
CASGLGSGAYNEQFF	1
CASGPDLNEQYF	1
CASGQGVSEQFF	1
CASGTRDTYEQYF	1
CASGRGTMNTEAFF	1
CASGFGLAGGLEETQYF	1
CASGFSGTSYNEQFF	1
CASGFHRVSETQYF	1
CASGLGVDTQYF	1
CASGLLAVADTQYF	1
CASGPMNTEAFF	1
CASGQGDAYNEQYF	1
CASGQGTDFTYKQYF	1
CASGGIGSSGNNNEQFF	1
CASGGGARPNNEQFF	1
CASGGRPDNEQFF	1
CASGFSVAGELFF	1
CASGAASGPYNEQFF	1
CASGALADSTDTQYF	1
CASGGPGRDVWGYTF	1
CASGGLAEKDTQYF	1
CASGDGYNEQFF	1
CASGDRGGRVTDTQYF	1
CASGTGRNEQFF	1
CASGTRNEQYF	1
CASGRNVAVPGEQYF	1
CASGSVMLDRIGYGYTF	1
CASGSGSDYNEQFF	1
CASGYTQYF	1
CASGLAGGDETQYF	1
CASGQGADTQYF	1
CASGVGWTYGYTF	1
CASGADRTYEQYF	1
CASGAMKGDYNEQFF	1
CASGGYAYEQYF	1
CASGGAKEPLTTEAFF	1
CASGDRMAKNIQYF	1
CASGETQYF	1
CASDSLATVSYEQYF	1
CASDHRRNSNQPQHF	1
CASDGGQFTYEQYF	1
CASEASGPSYNEQFF	1
CASEGLAGDEQYF	1
CASEDGGTDTQYF	1
CASENRGSYNEQFF	1
CASERSNTEAFF	1
CASEQTGTGANYGYTF	1
CASILQGVAYNEQYF	1
CASISGTLGYEQYF	1
CASILGTGDTDTQYF	1
CASIAGKYSEQFF	1
CASIGGPGELFF	1
CASIKWPSYNEQFF	1
CASILTSTDTQYF	1
CASI*NFG_FSYEQYF	1
CASILPRNTGQYETQYF	1
CASILGTMEGYNEQFF	1
CASIPWGGQ_RSSYNEQIF	1
CASIPTPLTSGFYNEQFF	1
CASIHSGSSYNEQFF	1
CASIQRSTAESTDTQYF	1
CASIVLGEQYF	1
CASIGLWDSDSYEQYF	1
CASIGGNPYEQYF	1
CASIGGAGFYNEQFF	1
CASIEGRVYSPLHF	1
CASIEDRAPYEQYF	1
CASIIDGTAYEQYF	1
CASIMTGGDRAFF	1
CASMGRSNYGYTF	1
CASMDAVSYNSPLHF	1
CASMDISHYEQYF	1
CASMDTSNQPQHF	1
CASMEGTDTQYF	1
CASMTVPNNYTF	1
CASIRPQSPYGYTF	1
CASIGLAGKPSTDTQYF	1
CASTLTGTYGYTF	1
CASTSGAMTDTQYF	1
CASTSPSSYEQYF	1
CASTYSGANVLTF	1
CASTLSPTGANVLTF	1
CASTPSGGYNEQFF	1
CASTRIAKNIQYF	1
CASTRQGTNYGYTF	1
CASTQSGGAHNEQFF	1
CASTDLGSYNEQFF	1
CASTTSSYNEQFF	1
CASTTTGNLYGYTF	1
CASTLHNEQFF	1
CASTLSRSYEQYF	1
CASTLNPQRAGEPYEQYF	1
CASTSSSPLHF	1
CASTSHWREQETQYF	1
CASTSVTSGGYYEQYF	1
CASTSGSGKAYNEQFF	1
CASTSLDRETQYF	1
CASTSPTGVPGELFF	1
CASTSGGSSYEQYF	1
CASTWQRVGEQYF	1
CASTLGGGYTF	1
CASTLTGSSYNEQYF	1
CASTLSSGTLTDTQYF	1
CASTLAGVYEQYF	1
CASTLAGGGDTQYF	1
CASTLGGLEGAGGTEAFF	1
CASTPGAGVMNTEAFF	1
CASTPIGRGTQYF	1
CASTPSGIGTDTQYF	1
CASTPRLAVNTQYF	1
CASTPMVLGYEQYF	1
CASTPYGRETQYF	1
CASTPRTAEQFF	1
CASTPVGQDRYEQYF	1
CASTPRGQGTDTQYF	1
CASTPTSGSVHTQYF	1
CASTPTGRGQYF	1
CASTRDQETQYF	1
CASTRSGLANNEQFF	1
CASTRQETQYF	1
CASTRDSFYEQYF	1
CASTHHAT_ITDTQYF	1
CASTHISGANVLTF	1
CASTQTGPTGELFF	1
CASTVRGTGSTYEQYF	1
CASTATTGGSGTDTQYF	1
CASTANQPQHF	1
CASTAGGSVEAYNEQFF	1
CASTGRDYYGYTF	1
CASTDRLTDTQYF	1
CASTDRGRSTYGYTF	1
CASTEVNEQYF	1
CASTETNTVTQYF	1
CASTETGGAHYGYTF	1
CASTMGYNEQFF	1
CASTIEQGINEQFF	1
CASTTDRGWRNEQFF	1
CASTSPADGSKNIQYF	1
CASTSSLVGLATPNEQYF	1
CASTRDGRTDTQYF	1
CASTRTGNEQYF	1
CASTNSWYNEQFF	1
CASTKTSGISYEQYF	1
CASTKQGASYEQYF	1
CASTKTLAAGANVLTF	1
CASTSGTGSYNEQFF	1
CASTLVRTSAGEQFF	1
CASTADRRYDNYGYTF	1
CASTAGDGYGYTF	1
CASTTGHYEQYF	1
CASTSWGVKLFF	1
CASTRGRIYEQYF	1
CASTRGGMETQYF	1
CASTNREGYYEQYF	1
CASTGNTVAFF	1
CASTSPYTYEQYF	1
CASTKLPASGANVLTF	1
CASSFFW_STDTQYF	1
CASSFFGGTEAFF	1
CASSFLGQETQYF	1
CASSFSRGPVTDTQYF	1
CASSFSPVGLAGQPQHF	1
CASSFSGKDTQYF	1
CASSFWEFSSDNEQYF	1
CASSFYRDTIYF	1
CASSFYVPGQGRGEEQYF	1
CASSFYQENTEAFF	1
CASSFLAGLYNEQFF	1
CASSFPSGRIADTQYF	1
CASSFRLGQPQHF	1
CASSFRPAEGYFTYEQYF	1
CASSFRETYEQYF	1
CASSFRSSGANVLTF	1
CASSFRLLGGRALNEQFF	1
CASSFHGGGYEQYF	1
CASSFVPYEQYF	1
CASSFVPSGGGGKTQYF	1
CASSFASGNYEQYF	1
CASSFARGEQFF	1
CASSFGPGLFYEQFF	1
CASSFGGYGYTF	1
CASSFGKSNQPQHF	1
CASSFGGTGSGYTF	1
CASSFGGPHNEQFF	1
CASSFGIASSSYEQYF	1
CASSFGGSNQPQHF	1
CASSFDEHRDYNEQFF	1
CASSFDRNYGYTF	1
CASSFEGQGGETQYF	1
CASSFEGGATIYF	1
CASSFMETQYF	1
CASSFIAGIYNEQYF	1
CASSFTPTSRTDTQYF	1
CASSFTSGSDNEQFF	1
CASSFTSGRRTETQYF	1
CASSFTSTDTQYF	1
CASSFTGLAGLYEQYF	1
CASSFSGKSTDTQYF	1
CASSFSGRSTDTQYF	1
CASSFNQLYTDTQYF	1
CASSFNNVADTQYF	1
CASSFFTYEQYF	1
CASSFLFSG_LKNNEQFF	1
CASSFSGQGGYEQYF	1
CASSFSGGDVDTQYF	1
CASSFWVNEKLFF	1
CASSFWAGGNEQYF	1
CASSFYSALTFSTDTQYF	1
CASSFYSGLTFSTDTQYF	1
CASSFYGISYEQYF	1
CASSFLLGYNEQFF	1
CASSFPVGGLQETQYF	1
CASSFPGANVLTF	1
CASSFPGNLRGIGYTF	1
CASSFPGSYNEQFF	1
CASSFPPGRSEQYF	1
CASSFPGLAYNEQFF	1
CASSFPGQGNTF	1
CASSFRLAEFGNEQFS	1
CASSFRGGLAGSNEQFF	1
CASSFRTSGVMSSYNEQFF	1
CASSFRTGSTDTQYF	1
CASSFRQDTQYF	1
CASSFHPGQGNYGYTF	1
CASSFQADQAKNIQYF	1
CASSFALNNEQFF	1
CASSFAGGGLETQYF	1
CASSFGGGYTF	1
CASSFGSSFTNTEAFF	1
CASSFGGRTEGEQFF	1
CASSFGSYGYTF	1
CASSFGRVGYTF	1
CASSFGQAVNYEQYF	1
CASSFGVSAEQYF	1
CASSFGTSGIVGEQYF	1
CASSFGTGGETDTQYF	1
CASSFGTSYEQYF	1
CASSFGSYGYTF	1
CASSFGQGYGYTF	1
CASSFEGKDTQYF	1
CASSFTRPGNQPQHF	1
CASSFTGAETQYF	1
CASSFTDYNEQFF	1
CASSLFKGREQFF	1
CASSLSSRGPPLQYF	1
CASSLSGTGALNYGYTF	1
CASSLSRSGVQETQYF	1
CASSLLGTGGYTQYF	1
CASSLLAGSTDTQYF	1
CASSLRGGAAGELFF	1
CASSLHLRTPSTDTQYF	1
CASSLQGRVNEQYF	1
CASSLQNRGSYEQYF	1
CASSLVGGGETQYF	1
CASSLVHEQFF	1
CASSLVGTSGLKYF	1
CASSLAQGLAGHNEQFF	1
CASSLAGAKNEQYF	1
CASSLAGGQGPNSPLHF	1
CASSLAQETQYF	1
CASSLAGGAHNEQFF	1
CASSLADTQYF	1
CASSLGFDYGYTF	1
CASSLGSDYEQYF	1
CASSLGQGKGYTF	1
CASSLGLAGGSSTDTQYF	1
CASSLGLRGGFDTQYF	1
CASSLGSISTYNEQFF	1
CASSLGQGYNEQFF	1
CASSLGLHYEQYF	1
CASSLDSLYTDTQYF	1
CASSLDRAGANVLTF	1
CASSLEGGVAKNIQYF	1
CASSLMTSGTSYNEQFF	1
CASSLIAGAYHYEQYF	1
CASSLTNTEAFF	1
CASSLTGDTGELFF	1
CASSLRGYYNEQFF	1
CASSLRTSAGWNEQFF	1
CASSLRVNQPQHF	1
CASSLRTGTGNEQYF	1
CASSLNGKNIQYF	1
CASSLFSGGLYEQYF	1
CASSLFGGNTGELFF	1
CASSLFSRPRQPQHF	1
CASSLFWTDTQYF	1
CASSLFAGGSNEQFF	1
CASSLFGGVYNEQFF	1
CASSLFDRTQYF	1
CASSLLQPQHF	1
CASSLLGATQYF	1
CASSLLSFSGEQFF	1
CASSLLSKMGIQYF	1
CASSLLAGGSNEQYF	1
CASSLLGSGAAFF	1
CASSLLIPNYEQYF	1
CASSLLTGGITNEKLFF	1
CASSLSFGGRASLTDTQYF	1
CASSLSQVSNQPQHF	1
CASSLSLTPRAEAFF	1
CASSLSLGTGGNEQFF	1
CASSLSPRGWGEQYF	1
CASSLSPGRLDTQYF	1
CASSLSGTGGEQYF	1
CASSLSLGLGTDTQYF	1
CASSLSPRGSSYNEQFF	1
CASSLSAGQETQYF	1
CASSLSTPGLGYNEQYF	1
CASSLSTLAGLYNEQFF	1
CASSLSSGVQETQYF	1
CASSLSRVITYEQYF	1
CASSLSRD_GDYEQYF	1
CASSLWQGINTDTQYF	1
CASSLYVTGSYNEQFF	1
CASSLYSGGTNTEAFF	1
CASSLYPAGMMNEQFF	1
CASSLYAVRPQETQYF	1
CASSLYGPRETQYF	1
CASSLLSAGNNEQFF	1
CASSLLPGRTSYEQYF	1
CASSLLGQGSYNEQFF	1
CASSLLGNTEAFF	1
CASSLPSLRGEQYF	1
CASSLPRLAGVGTGELFF	1
CASSLRWQGARVFPREPYQETQFF	1
CASSLRRQETQYF	1
CASSLRGPGQGYYGYTF	1
CASSLRGPRSYEQYF	1
CASSLHGTVTYEQYF	1
CASSLHEVYNEQFF	1
CASSLQGSGANVLTF	1
CASSLQGNYNEQFF	1
CASSLQGPTEAFF	1
CASSLVPSGGPQDTQYF	1
CASSLVQVNEQYF	1
CASSLVTGISYEQYF	1
CASSLVSGANVLTF	1
CASSLVPSGEGVQYF	1
CASSLVVTSGSFVRGAKNIQYF	1
CASSLVTGAENTGELFF	1
CASSLVYQETQFF	1
CASSLVPYQPQHF	1
CASSLVVEETQYF	1
CASSLVDRGNGYTF	1
CASSLAVGTIQETQYF	1
CASSLASGQGATEQFF	1
CASSLALPGLAGEGEQFF	1
CASSLALMGDTQYF	1
CASSLARVNTEAFF	1
CASSLALDGGGVSNEQFF	1
CASSLARNGGETQYF	1
CASSLAVLGSDTQYF	1
CASSLAVLGTDTQYF	1
CASSLAGQGEQYF	1
CASSLAGLSYEQYF	1
CASSLAGPQHF	1
CASSLAGTLLSHNEQYF	1
CASSLAGLQETQYF	1
CASSLAGGATGELFF	1
CASSLANRGPEETQYF	1
CASSLGTAEDGYTF	1
CASSLGPGEQYF	1
CASSLGGWSSYNEQFF	1
CASSLGGGDTQYF	1
CASSLGRGLASTDTQYL	1
CASSLGSDDGYTF	1
CASSLG_PYEQFF	1
CASSLGRGSNNEQFF	1
CASSLGRGAIDEQYF	1
CASSLGQGEAFF	1
CASSLGQGIQPQHF	1
CASSLGVIVYEQYF	1
CASSLGGEVEFF	1
CASSLGGSRTNEQFF	1
CASSLGTGIMNTEAFF	1
CASSLGGAYEQYF	1
CASSLGGQTYGYTF	1
CASSLGGGYTF	1
CASSLGDQPQHF	1
CASSLGTRLAALGLTYEQYF	1
CASSLDGADTQYF	1
CASSLDRGLAKSSYNEQFF	1
CASSLDRRQDAYEQYF	1
CASSLEGSATDTQYF	1
CASSLEIRDEQYF	1
CASSLEPSSYNEQFF	1
CASSLEGSQSYEQYF	1
CASSLIGGSRDRGYGYTF	1
CASSLIGPYWETQYF	1
CASSLTYNEQFF	1
CASSLTRGNEQFF	1
CASSLTRGNEQFF	1
CASSLTGHTDTQYF	1
CASSLTGEGTDTQYF	1
CASSLSPYEQFF	1
CASSLSRGNQPQHF	1
CASSLSVIANYGYTF	1
CASSLSGSVTETQYF	1
CASSLSSGPSGYTF	1
CASSLRAGSSYNEQFF	1
CASSLRAGTSTDTQYF	1
CASSLRGVAKNIQYF	1
CASSLRGPPDTQYF	1
CASSLRTVSYNEQFF	1
CASSLRPNYNEQFF	1
CASSLRGYGGYNEQFF	1
CASSLNRETPDTQYF	1
CASSLNAGRDYYNEQYF	1
CASSLNSGGLDTQYF	1
CASSLNSGRLTDTQYF	1
CASSLNLLTGGGYNEQFF	1
CASSLNGASTDTQYF	1
CASSLNRGTEQFF	1
CASSLKAPGLAGALNEQYF	1
CASSLKGRLAAYNEQFF	1
CASSLK*PIYNEQFF	1
CASSSYQGSDGYTF	1
CASSSLSSADTRYF	1
CASSSPGEKVGEQYF	1
CASSSPGQGKETQYF	1
CASSSRQGFTDSQYF	1
CASSSVLVRDSPLHF	1
CASSSGGGLLTDTQYF	1
CASSSGTSGGNTDTQYF	1
CASSSGTGRTQYF	1
CASSSGQGSIEQYF	1
CASSSD*R_PNNEQFF	1
CASSSEGYTQYF	1
CASSSTSGGSTDTQYF	1
CASSSTGLGYNEQFF	1
CASSSTGSKRYEQYF	1
CASSSSGIDSYNEQFF	1
CASSSRDFGYTF	1
CASSSKRGTGVGNEQFF	1
CASSSSTGRFTYNEQFF	1
CASSSSPSSYNEQYF	1
CASSSSTGRGYTF	1
CASSSWDREETQYF	1
CASSSWTSGTTDTQYF	1
CASSSWTGGDYGYTF	1
CASSSYPSGGGGETQYF	1
CASSSLIFAGGRNEQFF	1
CASSSLILAGGRNEQYF	1
CASSSLRPDGSADTQYF	1
CASSSPLAGNTDTQYF	1
CASSSPVSRQETQYF	1
CASSSPADSYEQYF	1
CASSSPGPTYEQYF	1
CASSSPWSDTQYF	1
CASSSPNRGTYEQYF	1
CASSSRRGRGTDTQYF	1
CASSSRGTRYNNEQYF	1
CASSSRGA_ELETQYF	1
CASSSQGAYGYTF	1
CASSSQDRGFVYEQFF	1
CASSSARTQGQIEYF	1
CASSSAGVAKNIQYF	1
CASSSGFYEQYF	1
CASSSGQDNSPLHF	1
CASSSGQGYVQYF	1
CASSSIFVGTDTQYF	1
CASSSTSGGSTDTQYF	1
CASSSTSGGATDTQYF	1
CASSSTGLAGSEVEFF	1
CASSSTIGGQHSGANVLTF	1
CASSSSGGSSYNEQFF	1
CASSSRVREQYF	1
CASSSNPGQGSYNEQFF	1
CASSSSRGETQYF	1
CASSSWAAVDNEQFF	1
CASSSLGLAGGYNEQFF	1
CASSSLTSGKTQYF	1
CASSSPSAPYNEQFF	1
CASSSPTGWGGNQPQHF	1
CASSSVLYNEQFF	1
CASSSGYGYTF	1
CASSSGRRIGNTEAFF	1
CASSSDSSYNEQFF	1
CASSSDRGFEQFF	1
CASSSDRGLSEAFF	1
CASSSISG_AYYEQYF	1
CASSSIDRTEQFF	1
CASSSIENVKDTQYF	1
CASSSTSLGETQYF	1
CASSSTRTQYF	1
CASSSTGLGVLTF	1
CASSSTGGPYGYTF	1
CASSSTGSSTDTQYF	1
CASSSSSYWQYF	1
CASSSFHSGAMLYEQYF	1
CASSSSRADTQYF	1
CASSSLKRDRGDEQFF	1
CASSSPG_LYNEQFF	1
CASSSRGGSYEQYF	1
CASSSRLGQGEETQYF	1
CASSSQRTEQYF	1
CASSSGGQGTDTQYF	1
CASSSGDGNEQYF	1
CASSSGTYEQFF	1
CASSSGRGEKLFF	1
CASSSELGPRTDTQYF	1
CASSCRV_ETEAFF	1
CASSWLSGSSYNEQYF	1
CASSWQNSGANVLTF	1
CASSWAGTGDTDTQYF	1
CASSWGYEQYF	1
CASSWGRGNEQFF	1
CASSWGQVGSGANVLTF	1
CASSWDRNNSPLHF	1
CASSWMLGSNQPQHF	1
CASSWTLNNEQYF	1
CASSWTATYEQYF	1
CASSWTGFYEQYF	1
CASSWTGAVNTEAFF	1
CASSWTGTQNIQYF	1
CASSWRVTGNTEAFF	1
CASSYSGLAVNEQFF	1
CASSYSGQNNEQFF	1
CASSYWQGDEQYF	1
CASSYLVFYEQYF	1
CASSYLVFHEQYF	1
CASSYPYRDNEQFF	1
CASSYRGGPQIQYF	1
CASSYQWEDKRNEQYF	1
CASSYQGREYF	1
CASSYGEKLFF	1
CASSYGETQYF	1
CASSYTQDPGQYDSGANVLTF	1
CASSYRSARGGSRNEQYF	1
CASSYNYGYTF	1
CASSYNRGYEQYF	1
CASSYFSVYGGLNTEAFF	1
CASSYFGVHEQYF	1
CASSYFGLASYNEQFF	1
CASSYFTRVNSNQPQHF	1
CASSYLQGGNQPQHF	1
CASSYSWGGSTDTQYF	1
CASSYSLGQASYEQYF	1
CASSYSWDDYEQYF	1
CASSYSLAGGETQYF	1
CASSYSAGVTGELFF	1
CASSYSGANYGYTF	1
CASSYSGGLVEQYF	1
CASSYSGTGANEQFF	1
CASSYSILAGRSSYSEQFF	1
CASSYSSPGRQYEQYF	1
CASSYSSR_YSETQFF	1
CASSYSPSGGSYNEQFF	1
CASSYSPATVYNEQFF	1
CASSYSQGVYNEQFF	1
CASSYSQGSYEQYF	1
CASSYSVYGYTF	1
CASSYSVPSGTRYNEQFF	1
CASSYSASGRNEQFF	1
CASSYSGSGRTNSHEQYF	1
CASSYSGREETQYF	1
CASSYSGGNYGYTF	1
CASSYSGQGIREQFF	1
CASSYSIHQQFF	1
CASSYSIQGASYGYTF	1
CASSYSIGGGFDNEQYF	1
CASSYSTLAAYNEQFF	1
CASSYSTRGGYEQYF	1
CASSYSTGLGEQFF	1
CASSYSRGSSYDEQFF	1
CASSYSRMLSDTQYF	1
CASSYSRMAEKIHEQYF	1
CASSYSRLVYSMYEQYF	1
CASSYSRSGGRVYNEQFF	1
CASSYSKGGPGNTEAFF	1
CASSYSGGNWDEQFF	1
CASSYWGNTEAFF	1
CASSYYGYNEQYF	1
CASSYYYPSGTGELFF	1
CASSYYYEQYF	1
CASSYYTLAGVIDTQYF	1
CASSYYNPNYGYTF	1
CASSYLRLAGGTSYEQYF	1
CASSYLRTGLAKNIQYF	1
CASSYLAGGVDEKLFF	1
CASSYLTGDNSPLHF	1
CASSYPGRKYPGEQYF	1
CASSYPNERTAFSGANVLTF	1
CASSYPRLAGAYTDTQYF	1
CASSYPVGGQDSPLHF	1
CASSYPDTQETQYF	1
CASSYPPGAGGRSYNEQFF	1
CASSYRSGTDTQYF	1
CASSYRRVSANQPQHF	1
CASSYRRGRNEKLFF	1
CASSYRHRGGDIQYF	1
CASSYRGQSYEQYF	1
CASSYRGGYTEAFF	1
CASSYRGNEQFF	1
CASSYREFQDTEAFF	1
CASSYRQ_SCNEQFF	1
CASSYRRDYFYLEQYF	1
CASSYRKIANEQFF	1
CASSYHPQSSYNEQFF	1
CASSYHGGNTEAFF	1
CASSYHTANTEAFF	1
CASSYQLHYNEQYF	1
CASSYQLGQGNYEQYF	1
CASSYQGPEQYF	1
CASSYVAGRSLYGYTF	1
CASSYVNEQYF	1
CASSYARGPTGEQYF	1
CASSYATGGWEQYF	1
CASSYASVEQYF	1
CASSYAAGKWTDTQYF	1
CASSYGRYEQYF	1
CASSYGIWTSYEQYF	1
CASSYGKTEQFF	1
CASSYGYRAYEQYF	1
CASSYGLFLRSGARPDTQYF	1
CASSYGRGTYEQYF	1
CASSYGVLFSYGYTF	1
CASSYGAGETDTQYF	1
CASSYGGASYEQYF	1
CASSYGGTGDTQYF	1
CASSYGGRRGLNEQYF	1
CASSYGTSGYNEQFF	1
CASSYGTVIYEQYF	1
CASSYGTGGNQPQHF	1
CASSYGSSGGRTDTRYF	1
CASSYGSYEQYF	1
CASSYGQGWNSPLHF	1
CASSYGDRLNEQYF	1
CASSYDYS_GHRYAVF	1
CASSYERGGIGRTDTQYF	1
CASSYEGIGKNIQYF	1
CASSYTAGLAGAEDTQYF	1
CASSYTGQGPYNEQYF	1
CASSYSYTQYF	1
CASSYSVAANVLTF	1
CASSYSGDATNEKLFF	1
CASSYSGAADTQYF	1
CASSYSGGDYEQYF	1
CASSYRSDQFF	1
CASSYRARYEQYF	1
CASSYNAGQA_FPLTYEQYF	1
CASS*S*RSRTKDGANVLTF	1
CASS*RSGGRGYSPLHF	1
CASSLSDRVNYGYTF	1
CASSLHPTSRLRQQYF	1
CASSLQTSGSRDTQYF	1
CASSLVLKHLGNEQFF	1
CASSLIVQGSEAFF	1
CASSLTGGYTF	1
CASSLTGGVMDEQFF	1
CASSLNFFGASGANVLTF	1
CASSLYRTGGPYEQYF	1
CASSLLDSEESQYF	1
CASSLPPGGSTYEQYF	1
CASSLPGTGVGKTQYF	1
CASSLREALGYTF	1
CASSLRTGPAEEQYF	1
CASSLAGGRIYNEQFF	1
CASSLGGSNEQFF	1
CASSLGTDSSNEQYF	1
CASSLDRLSNQPQHF	1
CASSLTRASPRDTQYF	1
CASSLTSGSLETQYF	1
CASSLTSGSLETQYF	1
CASSLTDTQYF	1
CASSLRGVYSNQPQHF	1
CASSLNIQFNEQFF	1
CASSLRVTYEQYF	1
CASSLAFGHHNEQFF	1
CASSLGQGSDTQYF	1
CASSLRGVEFF	1
CASSLG_PYEQYF	1
CASSLGVISQETQYF	1
CASSLTGYRGKAKNIQYF	1
CASSLRYPGRTEAFF	1
CASSPWTRGNYEQYF	1
CASSPLAGGINEQFF	1
CASSPGNR_DYQPQHF	1
CASSPTSGPSYNEQYF	1
CASSPTVAGELFF	1
CASSPSGRVYNEQYF	1
CASSPLIYNEQYF	1
CASSPSLYEQYF	1
CASSPSGSPSYNEQFF	1
CASSPYRDQNNEQFF	1
CASSPLLAGGYNEQFF	1
CASSPLLPYEQ*F	1
CASSPLFQTIYGYTF	1
CASSPPSGESSYNEQFF	1
CASSPPSGRGNEQFF	1
CASSPPPTSNEQFF	1
CASSPPGPAGVKDTQYF	1
CASSPPGQGITNEKLFF	1
CASSPRGTGNEKLFF	1
CASSPHVSYNEQFF	1
CASSPQREATDNEQYF	1
CASSPVEDEQFF	1
CASSPARGPHYTF	1
CASSPGNGRTYEQYF	1
CASSPGTGKSDTQYF	1
CASSPGTGGIDGYTF	1
CASSPGLHQETQYF	1
CASSPDGSTDTQYF	1
CASSPEPGLTEKLFF	1
CASSPMPANYGYTF	1
CASSPTPTSGGPSMDTQYF	1
CASSPRRRETQYF	1
CASSPNSGTEKSSYEQYF	1
CASSPNYSNQPQHF	1
CASSPKTGFGEQFF	1
CASSPLKRGRNQPQHF	1
CASSPLAGGINEQFF	1
CASSPAGGTNYGYTF	1
CASSPGPFSPLHF	1
CASSPGQINIQYF	1
CASSPEGTDSNQPQHF	1
CASSPTKLTRADEKLFF	1
CASSPTRHGYTF	1
CASSPTGGTEAFF	1
CASSPSGPYNEQFF	1
CASSPRLSNNEQFF	1
CASSPNLGRTQYF	1
CASSPKGQGVGDTQYF	1
CASSPLGHLYEQYF	1
CASSPSRQVVDEQFF	1
CASSPPGADEETQYF	1
CASSPPGSFYEQYF	1
CASSPRLAGTPNEQYF	1
CASSPVASTEAFF	1
CASSPATFISYNEQFF	1
CASSPGDEQYF	1
CASSPDLAAFLNEQFF	1
CASSPEQGYSYEQYF	1
CASSPITGTVNYGYTF	1
CASSPIRRGSGANVLTF	1
CASSPTGPPHRFF	1
CASSPTVTSSYEQYF	1
CASSPKSFAGGANVLTF	1
CASSRYSTDTQYF	1
CASSRTSSYNEQFF	1
CASSRSQGASSYEQYF	1
CASSRLPPTPYEQYF	1
CASSRPQETQYF	1
CASSRGEQLYGYTF	1
CASSRGTSDTQYF	1
CASSRGQGAGTEAFF	1
CASSRTGTPYEQYF	1
CASSRLDLPYEQYF	1
CASSRVVQETQYF	1
CASSRDGIETQYF	1
CASSRDSVGDTQYF	1
CASSRDRAGEAFF	1
CASSRDNLNQPQHF	1
CASSRSLGGSYNEQFF	1
CASSRWTYRTDTQYF	1
CASSRPQVSTDTQYF	1
CASSRPGTREYF	1
CASSRQGTNYGYTF	1
CASSRGTSGGQTQYF	1
CASSRGSSCEQYF	1
CASSHGGISSGYTF	1
CASSHRGGPYNEQFF	1
CASSHRDSFSYEQYF	1
CASSHQGEEETQYF	1
CASSHSGRANNEQSF	1
CASSHKPG_NRTEQYF	1
CASSQSGQGNEQYF	1
CASSQTSGRSAQYF	1
CASSQTTGGHQNQQFF	1
CASSQSGVPDTQYF	1
CASSQPVKETQYF	1
CASSQQGGVRNTIYF	1
CASSVQPNYGYTF	1
CASSVGGGGNEQFF	1
CASSVTHPTGTLLTSGSPPYNEQYF	1
CASSVLTGKRETQYF	1
CASSVSGQGLNEQFF	1
CASSVNYEQYF	1
CASSVRSWTAQPTGELFF	1
CASSVAPNQETQYF	1
CASSVGQGNGYTF	1
CASSVDGQGRTNYGYTF	1
CASSVTGTLINYGYTF	1
CASSVSGGHTDTQYF	1
CASSVAGHQETQYF	1
CASSVEVSTNEQFF	1
CASSVEIYGYTF	1
CASSVTSGSYNEQFF	1
CASSASTATTNQPQHF	1
CASSAPGLADTDTQYF	1
CASSALAGGSTDTQYF	1
CASSAPRGLSTDTQYF	1
CASSAGTGLYYEQYF	1
CASSAGTITDTQYF	1
CASSAGQSSYNEQYF	1
CASSADSGTYNERFF	1
CASSASGTTNSPLHF	1
CASSAAVDEQYF	1
CASSAAVDEQFF	1
CASSAGVGWNEQFF	1
CASSADRFNEQFF	1
CASSATGSYEQYF	1
CASSANSHTDTQYF	1
CASSAQGARNQPQHF	1
CASSAVGQTLHNEQFF	1
CASSAGGNQPQHF	1
CASSGWAGETQYF	1
CASSGPGADQETQYF	1
CASSGVQGTSTDTQYF	1
CASSGSVSYEQYF	1
CASSGNSYRGGYTF	1
CASSGSGQTYGYTF	1
CASSGRKASGTYEQYF	1
CASSGGGYTF	1
CASSGGPAGQNTEAFF	1
CASSGDGQGNQPQHF	1
CASSGTGGASEPYF	1
CASSGFREQFF	1
CASSGLQETQYF	1
CASSGLGTSANEQFF	1
CASSGLAGGLAKNIQYF	1
CASSGVGTSGYNEQFF	1
CASSGNSGAGNEQFF	1
CASSDSNRNNEQFF	1
CASSDYFGFSGRTDTQYF	1
CASSDRGTRIRGADTQYF	1
CASSDRGSGHIQYF	1
CASSDRGHNYGYTF	1
CASSDQSLLGGNSPLHF	1
CASSDASVITDTQYF	1
CASSDGYNEQFF	1
CASSDGLPGLATDTQYF	1
CASSDTGSVNEQFF	1
CASSDSGTGINRASTDTQYF	1
CASSDSNRGSGYTF	1
CASSDPHGTTIIYEQYF	1
CASSDPPS_GEYNEQYF	1
CASSDPTGP_NSGANVLTF	1
CASSDPGASTDTQYF	1
CASSDPGTGNYEQYF	1
CASSDVTGGHNEQYF	1
CASSDAGNTIYF	1
CASSDGNRYNEQYF	1
CASSDGPINQPQHF	1
CASSDGGGTPNYGYTF	1
CASSDTDRNTEAFF	1
CASSDRALNYGYTF	1
CASSDRGETQYF	1
CASSDNSNQPQHF	1
CASSEFGGTLGRSSYNEQYF	1
CASSEFTESYEQYF	1
CASSELVPPEQYF	1
CASSESVYNEQFF	1
CASSEHRQYGYTF	1
CASSEVGVEQYF	1
CASSEVQGGYEQYF	1
CASSEVGISYEQYF	1
CASSEAGASYGYTF	1
CASSEGAPGTDTQYF	1
CASSEGDRMTYEQYF	1
CASSEDSNQPQHF	1
CASSEMRSYEQYF	1
CASSEMGVLAGSEQFF	1
CASSETAGGSSYNEQFF	1
CASSETGYYGYTF	1
CASSEKAGTTDTQYF	1
CASSEFIQRGTDTQYF	1
CASSEFRGTYEQYF	1
CASSELARLGTQYF	1
CASSELGQGTDTQYF	1
CASSELTHRTQETQYF	1
CASSESSRIRYGYTF	1
CASSESSGRGGEQFF	1
CASSESGGFYNEQFF	1
CASSESAQETQYF	1
CASSEWRDRLVDTQYF	1
CASSEYRGGGTQYF	1
CASSEYGPGLNTEAFF	1
CASSEYGGATYNEQFF	1
CASSEYGVGTDTQYF	1
CASSEYPRGPQDTQYF	1
CASSELGGTDTQYF	1
CASSEPNTYEQYF	1
CASSEPRDSWETQYF	1
CASSEPGQGATQYF	1
CASSEPTSGNSYEQYF	1
CASSERYKGYSGEQFF	1
CASSEQPQGNEQFF	1
CASSEVYEYNEQFF	1
CASSEVWGSGVYGYTF	1
CASSEVLSQGVYTF	1
CASSEARQDTQYF	1
CASSEAVHTDTQYF	1
CASSEAMAVNTEAFF	1
CASSEAGGLGYTF	1
CASSEGGRWGTGELFF	1
CASSEGGRQADTQYF	1
CASSEDRPPDTQYF	1
CASSEELPTGTYEQYF	1
CASSEEGSGPYNEQFF	1
CASSEIGLAGHTDTQYF	1
CASSETLNYGYTF	1
CASSETRVGNEQFF	1
CASSERQTYEQYF	1
CASSERTGEGKKLFF	1
CASSERSRNYGYTF	1
CASSERMNTGELFF	1
CASSENEGTMKNIQYF	1
CASSEKGIYGYTF	1
CASSEKTGPGEQFF	1
CASSILAGGSSEQFF	1
CASSITTGFYNEQFF	1
CASSIKNEQFF	1
CASSIGGYNEQFF	1
CASSIGTDRNTEAFF	1
CASSINGGLNYGYTF	1
CASSMVVGEKLFF	1
CASSMGAAAGWEQYF	1
CASSMTGGEIYGYTF	1
CASSTRGSHAYEQYF	1
CASSTRPVYEQYF	1
CASSTYGRDNTGELFF	1
CASSTPTWGGKETQYF	1
CASSTRQGSYNEQFF	1
CASSTQGPNEKLFF	1
CASSTQATGSSYF	1
CASSTGGKAEAFF	1
CASSTGTGVIKLFF	1
CASSTNGAVTDTQYF	1
CASSTGLAGTDTQYF	1
CASSTDSAASYEQYF	1
CASSTGLAGGNEQFF	1
CASSTKDRHQETQYF	1
CASSSPSGQYNKQFF	1
CASSSMTGNQPQHF	1
CASSSVIGWETQYF	1
CASSRPYNEQFF	1
CASSRGQGSTDTQYF	1
CASSRDRERGEQYF	1
CASSRTSGRIHEQFF	1
CASSRTGEASPLHF	1
CASSRLQGSSYNEQFF	1
CASSRSRESSVGEQYF	1
CASSRSDRPRNEQYF	1
CASSRQERNIQYF	1
CASSRTTTEQYF	1
CASSRRSEAFF	1
CASSNNREGYTF	1
CASSNGQGALRGSSYNEQFF	1
CASSNDRAPQYF	1
CASSNENYGYTF	1
CASSNNRFRTDTQYF	1
CASSKLRTDQAFF	1
CASSKRTSGSYNELFF	1
CASSKSGTEAFF	1
CASSKLTGTSETQYF	1
CASSKQGIGYEQYF	1
CASSKDRATYNEQFF	1
CASSKTNEQFF	1
CASSKTGVREPQHF	1
CASSFFEQAQYF	1
CASSFFSSEQYF	1
CASSFSQQQETQYF	1
CASSFSSILAGERETQYF	1
CASSFSGIYEQYF	1
CASSFWGPRDTRYF	1
CASSFLGLAGAPYRNEQYF	1
CASSFLAGDETQYF	1
CASSFPPTLAGFLASTDTQYF	1
CASSFPQGYEQYF	1
CASSFRQANYGYTF	1
CASSFRG_VAYEQYF	1
CASSFRTSDYNEQFF	1
CASSFRTI_STDTQYF	1
CASSFVPSSYEQYF	1
CASSFGRIEGTDTQYF	1
CASSFGDRREKLFF	1
CASSFGTANEQFF	1
CASSFGLATDTQYF	1
CASSFGLAGGSEETQFF	1
CASSFGQGGTDTQYF	1
CASSFDGYIF	1
CASSFDMTSGRAGELFF	1
CASSFMGQGYEQYF	1
CASSFTWQATDTQYF	1
CASSFTTTYEQYF	1
CASSFTGQDNQPQHF	1
CASSFTGGLQETQYF	1
CASSFTGSPGNTIYF	1
CASSFTGGSYNEQFF	1
CASSFSGGFLGEQFF	1
CASSFSGTDTQYF	1
CASSFRLTETQYF	1
CASSFRLNTEAFF	1
CASSFNLNRANEKLFF	1
CASSFNRGRGNEQFF	1
CASSFKDTQYF	1
CASSFLGGGEQFF	1
CASSFLDDGYGYTF	1
CASSFSGIRETQYF	1
CASSFSGLADNEQFF	1
CASSFSLATDTQYF	1
CASSFWVSGRNEQFF	1
CASSFYLQETQYF	1
CASSFLSGEGETQYF	1
CASSFLGGDYNEQFF	1
CASSFLAGGLYQETQYF	1
CASSFLGSVYEQYF	1
CASSFLRLGHYEQYF	1
CASSFPGLVYEQFF	1
CASSFPTELNTEAFF	1
CASSFRTGSGNEQYF	1
CASSFHRVSENQYF	1
CASSFQETQYF	1
CASSFARGNSNQPQHF	1
CASSFAVNSYNEQFF	1
CASSFAGMGGQETQYF	1
CASSFAGGATKNIQYF	1
CASSFGSGTQYF	1
CASSFGPNYEQYF	1
CASSFGGKTDTQYF	1
CASSFGSQETQYF	1
CASSFGTGFREQYF	1
CASSFGLAGDKNIQYF	1
CASSFGQGGYEQYF	1
CASSFGDWGSGDTQYF	1
CASSFDEHRDYNEQFF	1
CASSFERLETQYF	1
CASSFEQGAYEQYF	1
CASSFIATGSTDTQYF	1
CASSFTLDRNQPQHF	1
CASSFKSFSSLEQETQYF	1
CASSFKGWLAGVNEQFF	1
CASSLFGYEQYF	1
CASSLLKADTQYF	1
CASSLSGTDNQPQHF	1
CASSLWRGSYNEQYF	1
CASSLWAALSSYNEQFF	1
CASSLWGPGLAGVTDTQYF	1
CASSLYFEQYF	1
CASSLYRASSQPQHF	1
CASSLLVKETQYF	1
CASSLPSGNTDTQYF	1
CASSLPGYNEQFF	1
CASSLRLLYGYTF	1
CASSLRDYPYNEQYF	1
CASSLRLAVYNEQFF	1
CASSLQVNEQFF	1
CASSLQDQETQYF	1
CASSLVVARADEQYF	1
CASSLVADSYNEQFF	1
CASSLVGVTGGYQETQYF	1
CASSLVTSYNEQFF	1
CASSLVLGFRHSYNEQFF	1
CASSLVAVTYEQYF	1
CASSLVDQGNEQFF	1
CASSLVTNTEAFF	1
CASSLVQADYGYTF	1
CASSLAHMGYEQYF	1
CASSLAVLGEETQYF	1
CASSLASVPYNEQYF	1
CASSLATTSGESEQFF	1
CASSLARGTYEQYF	1
CASSLAVVRTGAYEQYF	1
CASSLAGPDEQYF	1
CASSLAGFSYNEQFF	1
CASSLALAGNTGELFF	1
CASSLAGETQYF	1
CASSLGVASTDTQYF	1
CASSLGGTYNNEQFF	1
CASSLGHSSTDTQYF	1
CASSLGQAGAYEQYF	1
CASSLGAGTTNEQFF	1
CASSLG_KNIQYF	1
CASSLGGLSFTETQYF	1
CASSLGGLLYNEQFF	1
CASSLGDRVGTEAFF	1
CASSLGIGPSYEQYF	1
CASSLGTDYEQYF	1
CASSLGLEKGIRPYNEQFF	1
CASSLGLALVEQFF	1
CASSLGLAGNNEQFF	1
CASSLGRLLPLHF	1
CASSLGHSNQPQHF	1
CASSLDRQGLKTQYF	1
CASSLDVRTDTQYF	1
CASSLDIAKNIQYF	1
CASSLDYSPLHF	1
CASSLDRLTETQYF	1
CASSLDANYGYTF	1
CASSLDISWLSSYNEQFF	1
CASSLDRGRRYEQYF	1
CASSLEDRTFHEQYF	1
CASSLEFQETQYF	1
CASSLEREGQYF	1
CASSLEQGTDIQYF	1
CASSLEGSNYGYTF	1
CASSLIYNEQFF	1
CASSLTTSITTDTQYF	1
CASSLTSGNSYEQYF	1
CASSLTGGRTEAFF	1
CASSLTV_LTYEQYF	1
CASSLRGSGSYNEQFF	1
CASSLNQGSYNEQFF	1
CASSLKGTDTQYF	1
CASSLKEGALRYGYTF	1
CASSLFLDENGYTF	1
CASSLFPGQGAYEQYF	1
CASSLFVGTENIQYF	1
CASSLFVIGSGSEGEQFF	1
CASSLFASNTDTQYF	1
CASSLFGLSTDTQYF	1
CASSLLGSAGELFF	1
CASSLLSGRGTDTQYF	1
CASSLLGPDTQYF	1
CASSLLGTGGDTQYF	1
CASSLLDTQYF	1
CASSLLEDTQYF	1
CASSLSSGSSYNEQFF	1
CASSLSSQGNNEQFF	1
CASSLSPGQGYVEQYF	1
CASSLSEKLFF	1
CASSLSRYSYEQYF	1
CASSLSGRVFDEQYF	1
CASSLSRYNEQFF	1
CASSLSSGGRQETQYF	1
CASSLWGNEQYF	1
CASSLYAS_VITDTQYF	1
CASSLYGRETQYF	1
CASSLYSKKLAGGQETQYF	1
CASSLYAGRTYNEQFF	1
CASSLYSTDTQYF	1
CASSLLSLILYNEQFF	1
CASSLLVRHEQYF	1
CASSLLGLAYNEQFF	1
CASSLLTGTPKVDEQFF	1
CASSLLRGSDTQYF	1
CASSLLSGGHGDTQYF	1
CASSLLPGMNTEAFF	1
CASSLLAGSINHGYTF	1
CASSLLGLAGEDTQYF	1
CASSLLAGGRSSSTDTQYF	1
CASSLPSGYYEQYF	1
CASSLPLAGESSYNEQFF	1
CASSLPQGDNEQFF	1
CASSLPGGTEQYF	1
CASSLPPRTTVGNEQFF	1
CASSLPGSPFYNEQFF	1
CASSLPGRWKTQYF	1
CASSLPKGGADGYTF	1
CASSLPGVYEQYF	1
CASSLRATNEKLFF	1
CASSLRDRLNTGELFF	1
CASSLRTDTQYF	1
CASSLRRG_WVYEQYF	1
CASSLRGSSQETQYF	1
CASSLRGGDTEAFF	1
CASSLRTGWQGYTF	1
CASSLHGWSEAFF	1
CASSLHPGRVQETQYF	1
CASSLHGQGSPYEQYF	1
CASSLQAKEKLFF	1
CASSLQGRASKQYF	1
CASSLQGRTNEKLFF	1
CASSLQGSYGHTF	1
CASSLQGYYGYTF	1
CASSLQSTYEQYF	1
CASSLQYPDTQYF	1
CASSLQQGALMGTFF	1
CASSLQNSYEQYF	1
CASSLVWDRVRGVNEQFF	1
CASSLVLWKDGYTF	1
CASSLVPPRAFRETQYF	1
CASSLVRAGEQYF	1
CASSLVVRADTQYF	1
CASSLVAGTYEQYF	1
CASSLVAGSVADTQYF	1
CASSLVGGSTDTQYF	1
CASSLVGDSRDEQFF	1
CASSLVGTDSYEQYF	1
CASSLVE_MDEQYF	1
CASSLVIGGTDTQYF	1
CASSLVTGLGSGANVLTF	1
CASSLVRSEKLFF	1
CASSLVWDREEGDTQYF	1
CASSLVWDRSYSPLHF	1
CASSLVAAGGTDTQYF	1
CASSLVGGGQGRTEAFF	1
CASSLVGEVGTEAFF	1
CASSLVISYEQFF	1
CASSLVLSSYNEQFF	1
CASSLVRGGLASRTDTQYF	1
CASSLVVSDNQPQHF	1
CASSLVVGTGIPSGANVLTF	1
CASSLVGDRQYF	1
CASSLVGTRPRETQYF	1
CASSLVGYNEQFF	1
CASSLVGGPRNEQYF	1
CASSLVEGFQFEQYF	1
CASSLVTGRLSNYGYTF	1
CASSLVPATGELFF	1
CASSLVRGYNEQFF	1
CASSLVQGGAGANVLTF	1
CASSLVAFNEQFF	1
CASSLVAGQSYEQYF	1
CASSLVGGADTQYF	1
CASSLVGTYNEQYF	1
CASSLVGARFSTDTQYF	1
CASSLVGTGTDTQYF	1
CASSLVESGVLGEQFF	1
CASSLVTRREGRYEQYF	1
CASSLAWAGGYTF	1
CASSLAPLAYSTDTQYF	1
CASSLARQFADTQYF	1
CASSLARETQYF	1
CASSLAGLAGHLSSYEQYF	1
CASSLAGGDEQYF	1
CASSLAGTKDGYTF	1
CASSLAGLGEDTQYF	1
CASSLAGQGVWYF	1
CASSLAGTSTDTQYF	1
CASSLATWGEQFF	1
CASSLATGNYNEQYF	1
CASSLASGINNEQFF	1
CASSLASGFTDTQYF	1
CASSLANYGYTF	1
CASSLAFAGYDSPLHF	1
CASSLALGALTYNEQFF	1
CASSLAPSGSYNEQFF	1
CASSLAPGLAHTQYF	1
CASSLARGRGLFYEQYF	1
CASSLAQGPYNEQYF	1
CASSLAVGAAYEQYF	1
CASSLAAG_IANQPQHF	1
CASSLAGASLETQYF	1
CASSLAGERNIQYF	1
CASSLAGTVNSPLHF	1
CASSLAGTSTYGYTF	1
CASSLALRVPDTQYF	1
CASSLALKGFYEQYF	1
CASSLASGFDEQFF	1
CASSLAYEGRPQHF	1
CASSLALGTVYEQYF	1
CASSLALRADGYTF	1
CASSLALRQGTQYF	1
CASSLAPSTETQYF	1
CASSLAPLYGYTF	1
CASSLAQAGTYEQYF	1
CASSLAQSRGYSEQFF	1
CASSLAQSRGYNEQFF	1
CASSLAVTAGTDTQYF	1
CASSLAAGANEQFF	1
CASSLAAESWEDYGYTF	1
CASSLAGLAGTYNEQFF	1
CASSLAGPLGPNSNYGYTF	1
CASSLAGRQETQYF	1
CASSLAGQETQYF	1
CASSLAGADTQYF	1
CASSLAGGMNEQFF	1
CASSLAGDSYNEQFF	1
CASSLAGPFSYNEQFF	1
CASSLAGATDTQYF	1
CASSLADRQGYAQHF	1
CASSLADGETQYF	1
CASSLAMSSGSYKTQYF	1
CASSLAIDRGHEQFF	1
CASSLATGSWSEKLFF	1
CASSLASDNEQFF	1
CASSLAQKGVMYF	1
CASSLAAGLKGYEQYF	1
CASSLAGGTGIYNEQYF	1
CASSLAGG_QGEKLFF	1
CASSLAISKIASYNEQFF	1
CASSLASAGGPSEQFF	1
CASSLGFGSLGETQYF	1
CASSLGLLAGARNEQFF	1
CASSLGPNEQFF	1
CASSLGPDTQYF	1
CASSLGRTPSTDTQYF	1
CASSLGQGQNEQYF	1
CASSLGQVRVLNIQYF	1
CASSLGVGRPAYEQYF	1
CASSLGASTADTQYF	1
CASSLGAGFWGVSSYNEQFF	1
CASSLGGQEYAYGYTF	1
CASSLGTPGKKIGYTF	1
CASSLGSVSTDTQYF	1
CASSLGPDSTDTQYF	1
CASSLGQGSTDTQYF	1
CASSLGVQGGYEQYF	1
CASSLGGVKEKLFF	1
CASSLGFRADSYNEQFF	1
CASSLGLASGSYEQYF	1
CASSLGSNYGYTF	1
CASSLGSTQETQYF	1
CASSLGLRTDTQYF	1
CASSLGLGQPQHF	1
CASSLGLAGRTDTQYF	1
CASSLGLAGAGNEQFF	1
CASSLGRAPYEQYF	1
CASSLGHGQASGETQYF	1
CASSLGVGIYNEQFF	1
CASSLGVADQPQHF	1
CASSLGVGGVGADTQYF	1
CASSLGVTTNQETQYF	1
CASSLGAGAQETQYF	1
CASSLGAGGGNEQFF	1
CASSLGADTQYF	1
CASSLGGFFSGPSYNEQFF	1
CASSLGGLETQYF	1
CASSLGGRDLANEKLFF	1
CASSLGGVYSYNEQFF	1
CASSLGGLAMAEKLFF	1
CASSLGGLAGGATDTQYF	1
CASSLGGSNSPLHF	1
CASSLGDRVPYEQYF	1
CASSLGESYEQYF	1
CASSLGEETQYF	1
CASSLGISGGDTQYF	1
CASSLGISYNEQFF	1
CASSLGTGTYNEQFF	1
CASSLGTS_PKYNEQYF	1
CASSLGTRPYNEQFF	1
CASSLGTGYQETQYF	1
CASSLGTGENEQFF	1
CASSLGLNRITDTQYF	1
CASSLGSYEQYF	1
CASSLGLRGIYEQYF	1
CASSLGHNNEQFF	1
CASSLGQPDQPQHF	1
CASSLGQVFTDTQYF	1
CASSLGQASASYNEQYF	1
CASSLGQGLLYNEQFF	1
CASSLGQGASRNQPQHF	1
CASSLGVGVGTQYF	1
CASSLGVNTEAFF	1
CASSLGGYNEQYF	1
CASSLGGYGAQSEQYF	1
CASSLGGIRRDNEQFF	1
CASSLGGIRKDNEQYF	1
CASSLGRGYNEQFF	1
CASSLGRYEQYF	1
CASSLDWGQVKYF	1
CASSLDWTYPTEQYF	1
CASSLDPVGGFYGYTF	1
CASSLDPVNSYEQYF	1
CASSLDRVRGYTF	1
CASSLDRGNYGYTF	1
CASSLDVRAYEQYF	1
CASSLDGTEQETQYF	1
CASSLDGQGIQPQHF	1
CASSLDTLAKNIQYF	1
CASSLDTGGLQETQYF	1
CASSLDRLNEQFF	1
CASSLDFSDYEQYF	1
CASSLDYNEQFF	1
CASSLDRVSGYTF	1
CASSLDVGGDGEKLFF	1
CASSLDGHTYEQYF	1
CASSLDG_VDYEQYF	1
CASSLDGTNTDTQYF	1
CASSLDGQGADTQYF	1
CASSLDDYEQYF	1
CASSLDEDSTDTQYF	1
CASSLDSLAQPQHF	1
CASSLDSSTDTQYF	1
CASSLDRYEQYF	1
CASSLDRYEQYF	1
CASSLDKGNQPQHF	1
CASSLEPGVVQAQYNEQYF	1
CASSLEVVRGSYEQYF	1
CASSLEVQRLTDTQYF	1
CASSLEASGTDTQYF	1
CASSLEAPNSGANVLTF	1
CASSLEAQAVYEQYF	1
CASSLEGTRYNEQFF	1
CASSLEGTDTQYF	1
CASSLEGFSGANVLTF	1
CASSLEGSDTRYF	1
CASSLEGGSTDTQYF	1
CASSLEGSRQYEQFF	1
CASSLEISVGSTNEKLFF	1
CASSLESDNSPLHF	1
CASSLELAGATDTQYF	1
CASSLEQAYNEQFF	1
CASSLEVASYEQYF	1
CASSLEVGDSQYF	1
CASSLEAGGGGTDTQYF	1
CASSLEAGVNVLTF	1
CASSLEGLRPGETQYF	1
CASSLEGLSYNEQFF	1
CASSLEGEQYF	1
CASSLEEDATDTQYF	1
CASSLEIFTYEQYF	1
CASSLESGSTDTQYF	1
CASSLERGFRIGEQFF	1
CASSLERNEQFF	1
CASSLISGPQYF	1
CASSLISSTDTQYF	1
CASSLISAYEQYF	1
CASSLISGFNEQFF	1
CASSLIGSGRSDEQYF	1
CASSLIWGTDTQYF	1
CASSLIRTVSYEQYF	1
CASSLIVQETQYF	1
CASSLIREDEQFF	1
CASSLMSAGTYNEQYF	1
CASSLMPGTNDEQYF	1
CASSLMGLQRYDEQFF	1
CASSLMGLQRYNE*FF	1
CASSLMDQPQHF	1
CASSLIRTNYGYTF	1
CASSLISASYNEQFF	1
CASSLTGARNSPLHF	1
CASSLTTNVQETQYF	1
CASSLTSGRAVNVQYF	1
CASSLTFSQPYEQYF	1
CASSLTPNNEQYF	1
CASSLTPQLEQFF	1
CASSLTPGGSAAGYTF	1
CASSLTAGFVDTQYF	1
CASSLTGRALRQYF	1
CASSLTGTSGDWDTQYF	1
CASSLTGASSYEQYF	1
CASSLTFSE_RPNTEAFF	1
CASSLTSSTDTQYF	1
CASSLTPAPSTDTQYF	1
CASSLTQGTDTQYF	1
CASSLTASLNEPYF	1
CASSLTGAHADTQYF	1
CASSLTGAHTDTQYF	1
CASSLTGRMGTPGGYTF	1
CASSLTDRTNEKLFF	1
CASSLTRAAASNQPQHF	1
CASSLTSYEQYF	1
CASSLTGLIFEQYF	1
CASSLTGPPETQFF	1
CASSLTGGVGTEAFF	1
CASSLTGGQGAFSDTQYF	1
CASSLSPRENEQYF	1
CASSLSPGLSSGANVLTF	1
CASSLSRAGDPRDTQYF	1
CASSLSGSEIINGYTF	1
CASSLSSGSLDTQYF	1
CASSLSSGPVYEQYF	1
CASSLSSGLAGVVQFF	1
CASSLSSGLAGVVQYF	1
CASSLSRAGTDTQYF	1
CASSLSTSGRSEQFF	1
CASSLRLVHGELFF	1
CASSLRPTSRHEQYF	1
CASSLRRNKTSPFGGVGETQYF	1
CASSLRASPMNEQFF	1
CASSLRAGLNTGELFF	1
CASSLRGRNTEAFF	1
CASSLRGQGMNEQFF	1
CASSLRGMNTEAFF	1
CASSLRDPTDTQYF	1
CASSLRDRASSSYNEQFF	1
CASSLREVNTYEQYF	1
CASSLRTSLNEQFF	1
CASSLRSGASYEQYF	1
CASSLRLASNTDTQYF	1
CASSLRGNEQFF	1
CASSLRGGTNEKLFF	1
CASSLREFDYEQYF	1
CASSLNRYEQYF	1
CASSLNGQGVEKLFF	1
CASSLNDGYEQYF	1
CASSLND*R_SARYEQYF	1
CASSLNSGPMNEQFF	1
CASSLNFNTGELFF	1
CASSLNSANEQFF	1
CASSLNY_GEETQYF	1
CASSLNPSGADTQYF	1
CASSLNAGAIYEQYF	1
CASSLNGLLSYEQYF	1
CASSLKANFSYEQYF	1
CASSLKGR_ATMSSSF	1
CASSLKETQYF	1
CASSLKPNTEAFF	1
CASSLKRALEQYF	1
CASSLKASGGHYGYTF	1
CASSSLGIGADTQYF	1
CASSSSYNEQFF	1
CASSSLPGGPHNEQFF	1
CASSSPGQRIFSGANVLTF	1
CASSSRGATDTQYF	1
CASSSRLAGPADTQYF	1
CASSSVGAPTDTQYF	1
CASSSGGVYGYTF	1
CASSSTSGGTDTQYF	1
CASSSTGT_GYNEQFF	1
CASSSTGGSDTQYF	1
CASSSSGGSSYNEQFF	1
CASSSRLAGENEQFF	1
CASSSFGLAGDEQYF	1
CASSSFFYEQYF	1
CASSSLSG_DYSYEQYF	1
CASSSLPYQPQHF	1
CASSSSSHRGPTDTQYF	1
CASSSSYEQYF	1
CASSS_PKQFF	1
CASSSSRLQETQYF	1
CASSSSDSPQHF	1
CASSSSLAGYNEQFF	1
CASSSWEGEVDNEQYF	1
CASSSYNEQFF	1
CASSSLYEQYF	1
CASSSLPRGNTEAFF	1
CASSSLGRGEQFF	1
CASSSPDRITNTEAFF	1
CASSSPSTDTQYF	1
CASSSPGGVVFNPSYNEQFF	1
CASSSPSQGRSYNEQFF	1
CASSSRTPHYGYTF	1
CASSSRWRERDADTQYF	1
CASSSRDVGSYERYF	1
CASSSRTSGGAGDTQYF	1
CASSSRTGAANE*FF	1
CASSSRTGSTDTQYF	1
CASSSQGYEQFF	1
CASSSQTGQHNYGYTF	1
CASSSVRPGLAGGRTDTQYF	1
CASSSGHTDTQYF	1
CASSSGRGGYNEQYF	1
CASSSGLSYGCTF	1
CASSSGSAYEQYY	1
CASSSGTPEGEQFF	1
CASSSGTGNEQYF	1
CASSSGPFDYGYTF	1
CASSSGQGGETQYF	1
CASSSDTDTQYF	1
CASSSEGVEQYF	1
CASSSILTTIAGSSYNEQFF	1
CASSSMDRGRNEQFF	1
CASSSMDRGQNEQFF	1
CASSSTWASEQYF	1
CASSSTGGAREAFF	1
CASSSTGGWNYGYTF	1
CASSSTRGVAGAYNEQYF	1
CASSSSEGQPQHF	1
CASSSRGSMYNEQYF	1
CASSSRQSPYTDTQYF	1
CASSSRTSGVETQYF	1
CASSSNSDR_RSRATKAFF	1
CASSSKQGTAYEQYF	1
CASSSKQADSYSNQPQHF	1
CASSSLKGTAREQFF	1
CASSSRRLAGGNEQFF	1
CASSSRDRGWYEQYF	1
CASSSRTSGRYNEQFF	1
CASSSQETQYF	1
CASSSGATRESSYNEQYF	1
CASSSGQGITSTDTQYF	1
CASSSEIYNEQFF	1
CASSSIGGGSYEQYF	1
CASSSIRPDTQYF	1
CASSSTAGTGRNTQYF	1
CASSSTVGVRAFF	1
CASSSTYQPQHF	1
CASSSSGSWIEQFF	1
CASSSRHGSYEQYF	1
CASSSNRMDEQYF	1
CASSSKPGTGSYNEQYF	1
CASSSFATTDTQYF	1
CASSSLGPSYEQYF	1
CASSSLAGVTDTQYF	1
CASSSPQGA_DYQETQYF	1
CASSSPRPVGDTQYF	1
CASSSPGRWYNEQFF	1
CASSSHVRFWETQYF	1
CASSSAIQETQYF	1
CASSSGGTRLYF	1
CASSSGANFGYGYTF	1
CASSSTGGGGTQYF	1
CASSSRTGPNSYNEQFF	1
CASSSRTGETDTQYF	1
CASSSNSGYEQYF	1
CASSWAQETQYF	1
CASSWGDGTEAFF	1
CASSWGYGYTF	1
CASSWGLAGGPTDTQYF	1
CASSWGQTYEQFF	1
CASSWDFLTDTQYF	1
CASSWEGVYNEQFF	1
CASSWETSNQYF	1
CASSWTSGSTDTQYF	1
CASSWTGSEAFF	1
CASSYLADTDTQYF	1
CASSYQGSDTQYF	1
CASSYVGGRHSDTQYF	1
CASSYGTGGQGYTF	1
CASSYTSGYEQYF	1
CASSYLQSGTGQETQYF	1
CASSYPRGGRGNEQFF	1
CASSYQYEQYF	1
CASSYGLEETQYF	1
CASSYMAQGIGDTQYF	1
CASSYTGGRKLFF	1
CASSYRVGSNQPQHF	1
CASSYRQGITDTQYF	1
CASS*LK_GEDEQFF	1
CASS*LRDRGINYEQYF	1
CASS*PPH*R_GIIFYEQYF	1
CASS*QKL_GANVLTF	1
CASSLSRDTQYF	1
CASSLYNGRGGEQFF	1
CASSLLTGSHSYEQYF	1
CASSLRADTQYF	1
CASSLVPYEQYF	1
CASSLGRFPGNEKLFF	1
CASSLGGTGANVLTF	1
CASSLIPGGYYNEQFF	1
CASSLSGFGEETQYF	1
CASSLRALAGGSYNEQYF	1
CASSLRQGLADTQYF	1
CASSLKETQYF	1
CASSLSTWTSAEQFF	1
CASSLLYEQYF	1
CASSLLGSLDTQYF	1
CASSLPHYEQYF	1
CASSLPRGSGSTDTQYF	1
CASSLRFGVLQETQYF	1
CASSLRGDSYNEQFF	1
CASSLRIETNEQFF	1
CASSLGPSAQFF	1
CASSLGAGPPLETQYF	1
CASSLGTSYEQYF	1
CASSLGTGVSYGYTF	1
CASSLGSLFTQYF	1
CASSLGQGTHGCTF	1
CASSLGGVRDTQYF	1
CASSLDRGQEQFF	1
CASSLTGTANYGYTF	1
CASSLRGANTEAFF	1
CASSLRTSGSGNEQFF	1
CASSLNTGRMPGELFF	1
CASSLLTSGGRNEQFF	1
CASSLRDSGNSQYF	1
CASSLGTS_GDNEQFF	1
CASSLGRSSSYEQYF	1
CASSLGLAGASDTQYF	1
CASSLGLAPEQFF	1
CASSLIGQVKSTEAFF	1
CASSLTSGAYNEQFF	1
CASSLSGRGLNEQFF	1
CASSLNRGPNEKLFF	1
CASSLKGAEFNNEQFF	1
CASSLLGGSEQYF	1
CASSLSSGTYNEQFF	1
CASSLYYGYTF	1
CASSLLVYTDTQYF	1
CASSLPTSDEQFF	1
CASSLRVLSYEQYF	1
CASSLRGGPGDTQYF	1
CASSLRTGTLIPDTQYF	1
CASSLRRDPLSNEQFF	1
CASSLQYF	1
CASSLQGAASSYNEQFF	1
CASSLAGPFLDEQFF	1
CASSLAGNNEQFF	1
CASSLGLDYSGANVLTF	1
CASSLGRTTEAFF	1
CASSLGGSNQPQHF	1
CASSLGDAPYNEQFF	1
CASSLDTGYEQYF	1
CASSLDRTASTDTQYF	1
CASSLDRNYGYTF	1
CASSLILSVNTEAFF	1
CASSLTSVSEQFF	1
CASSLSLREAYNEQFF	1
CASSLRPGGSYEQYF	1
CASSLNYNEQFF	1
CASSPFVGTGNYEQYF	1
CASSPLAADTQYF	1
CASSPSVGQYNEQFF	1
CASSPSGTGMYNEQFF	1
CASSPSAVYNEQFF	1
CASSPRLDTQYF	1
CASSPRE_KNIQYF	1
CASSPQGGGYTF	1
CASSPQRNAEAFF	1
CASSPQAGGIDEQYF	1
CASSPQTGYYGYTF	1
CASSPVILSYNEQFF	1
CASSPARDSIATNEKLFF	1
CASSPAWDRVYNEQFF	1
CASSPGGFGNEKLFF	1
CASSPGVGQGYNTDTQYF	1
CASSPGTNYGYTF	1
CASSPGQGNQPQHF	1
CASSPGQERWSNQPQHF	1
CASSPEARNEQFF	1
CASSPTGPSYEQYF	1
CASSPTRGNEQFF	1
CASSPTKASGFGNNNEQFF	1
CASSPSWGSEQYF	1
CASSPSYPYNEQFF	1
CASSPRLGLADTGELFF	1
CASSPRQSSYEQYF	1
CASSPNTDAQYF	1
CASSPYLGQGAGGPFF	1
CASSPYRGLNYGYTF	1
CASSPLLGGEAFF	1
CASSPLRRAGGTDTQYF	1
CASSPLVRLTDTQYF	1
CASSPLAGALSYNEQFF	1
CASSPLKGVDYGYTF	1
CASSPPGGGNTEAFF	1
CASSPPTPGYVNNEQYF	1
CASSPPSFYEQFF	1
CASSPRRADSEQFF	1
CASSPRSSGASINEQYF	1
CASSPRTSLADTQYF	1
CASSPRTSGRVNEQFF	1
CASSPRTPSSYNEQYF	1
CASSPRTGLYEQYF	1
CASSPRTGGTEYEQYF	1
CASSPRLARMTTQYF	1
CASSPRPVAQSGELFF	1
CASSPRDWAQYEQYF	1
CASSPHRQGEAFF	1
CASSPHYNEQYF	1
CASSPQGGDSNQPQHF	1
CASSPQGLGGNQPQHF	1
CASSPQKRTGEETQYF	1
CASSPAGRALGGYTF	1
CASSPGPNYGYTF	1
CASSPGVGKEKLFF	1
CASSPGGQSSTDTQYF	1
CASSPGITSLSYNEQFF	1
CASSPGTSRRGTQYF	1
CASSPGTSGFQETQYF	1
CASSPGTSGKETQYF	1
CASSPGTGSYEQYF	1
CASSPGTGTFNYGYTF	1
CASSPGRTLAYEQYF	1
CASSPGLNTQYF	1
CASSPGQRVATNEKLFF	1
CASSPDGGSYEQYF	1
CASSPD*ARGTDTRYF	1
CASSPDRVSYEQYF	1
CASSPDRGEQYF	1
CASSPETGYTEAFF	1
CASSPEGQPQHF	1
CASSPEGNEQFF	1
CASSPIQTKETQYF	1
CASSPITGYEQYF	1
CASSPTGTETQYF	1
CASSPRAQPQHF	1
CASSPRGGNEQFF	1
CASSPRTYNEQFF	1
CASSPNREEKLFF	1
CASSPKGLLQFYNEQFF	1
CASSPKGVEQFF	1
CASSPFRTVYNEQFF	1
CASSPFRDHGTDTQYF	1
CASSPSLRGDRYEQYF	1
CASSPWTSGGNEQFF	1
CASSPHLSSLSYEQYF	1
CASSPQPGGRNEQFF	1
CASSPQGIRTDTQYF	1
CASSPQTRNKQYF	1
CASSPVGKIGYEQYF	1
CASSPGFNYGYTF	1
CASSPGSLGDQPQHF	1
CASSPGMDTQYF	1
CASSPGLAGDTQYF	1
CASSPGLATHTQYF	1
CASSPGHTQYF	1
CASSPGQQVYGYTF	1
CASSPGANYGYTF	1
CASSPDIGGNQPQHF	1
CASSPDSPWQPQHF	1
CASSPDRAYEQYF	1
CASSPEGLEILATDTQYF	1
CASSPEGG_VNTEAFF	1
CASSPEGLYEQYF	1
CASSPTSGGAGETQYF	1
CASSPTSGESYNEQFF	1
CASSPTGITWYTF	1
CASSPTGMNTEAFF	1
CASSPSSYEQYF	1
CASSPRGRYNEQYF	1
CASSPRGRTYSGANVLTF	1
CASSPRPDRVEQFF	1
CASSPRQLNSGANVLTF	1
CASSPKPGQGPNEQFF	1
CASSPKKAGNSNQPQHF	1
CASSPLAGGSTDTQYF	1
CASSPLGQVLNYEQYF	1
CASSPSLSYEQYF	1
CASSPYRQGSGYTF	1
CASSPLYEQYF	1
CASSPPFLRLSTDTQYF	1
CASSPPGTSVSPNNEQYF	1
CASSPRTDYSNQPQHF	1
CASSPQTSSYEQYF	1
CASSPQGSGFSRLNEQFF	1
CASSPAGLARYNEQFF	1
CASSPGQLMGQTIMNTEAFF	1
CASSPGGGTEAFF	1
CASSPGATNEKLFF	1
CASSPGTSGDTDTQYF	1
CASSPGTASPDTQYF	1
CASSPGTGSLGAKNIQYF	1
CASSPGLAGTQETQYF	1
CASSPGPSGNEQFF	1
CASSPGQGDEQFF	1
CASSPDFGNEQFF	1
CASSPDSLGGSPLHF	1
CASSPDKGEQYF	1
CASSPE_WKTQYF	1
CASSPEGGGGTDTQHF	1
CASSPMSANEQFF	1
CASSPMVVRNEQFF	1
CASSPITGLRVNSAKNIQYF	1
CASSPTGTSSYNEQYF	1
CASSPTGTDEQYF	1
CASSPNSGTFYEQYF	1
CASSPNTDTQYF	1
CASSRLGNEQFF	1
CASSRYFSGGSYNEQFF	1
CASSRLSGALYNEQFF	1
CASSRLAGGGLETQYF	1
CASSRF_GTQYF	1
CASSRSGANVLTF	1
CASSRSPGEQFF	1
CASSRSARAGTSSIEQYF	1
CASSRSGTSGVEQYF	1
CASSRWASPTDTQYF	1
CASSRLGSLTNTQYF	1
CASSRPPSAGGSNEQFF	1
CASSRPYNEQFF	1
CASSRPPDTQYF	1
CASSRPGSLNQPQHF	1
CASSRPGGTYEQYF	1
CASSRRETGTDTQYF	1
CASSRVGFSYNEQFF	1
CASSRGLAGRSYNEQFF	1
CASSRMGSDTQYF	1
CASSRNRGLYNEQFF	1
CASSRWRDNYGYTF	1
CASSRQ_NEQFF	1
CASSRQGNEQFF	1
CASSRAAGGSRDTQYF	1
CASSRGEGTEAFF	1
CASSRGTHYAEQYF	1
CASSRGSTYEQYF	1
CASSRGQESSYNSPLHF	1
CASSRGQESFRQHF	1
CASSRDIYEQYF	1
CASSRDRLSTDTQYF	1
CASSRDRYNEQFF	1
CASSRDNSGNTIYF	1
CASSRMGTSAHEQFF	1
CASSRTSGGFSSTDTQYF	1
CASSRTSDYNEQFF	1
CASSRTRGFDYGYTF	1
CASSRTPFSGANVLTF	1
CASSRTGPIYEQYF	1
CASSRTENEKLFF	1
CASSRLYNEQFF	1
CASSRLHNEQFF	1
CASSRLAASNEQFF	1
CASSRRTALYNEQFF	1
CASSRRARIAGEQNTGELFF	1
CASSRHRDTEAFF	1
CASSRQVQETQYF	1
CASSRQGGYNEQFF	1
CASSRQGFGDEKLFF	1
CASSRQGGDQPQHF	1
CASSRVPLVDNSPLHF	1
CASSRAGTSGGTTDTQYF	1
CASSRGQGILYEQYF	1
CASSRDTGMNEQFF	1
CASSREGTSTDTQYF	1
CASSRSLEWGLTDTQYF	1
CASSRNPGQGSLETQYF	1
CASSRNNYGYTF	1
CASSHFGKNTEAFF	1
CASSHFTGSDNEQYF	1
CASSHSQGAPPHNEQFF	1
CASSHWVGRTGPNEQFF	1
CASSHYRDEKLFF	1
CASSHLLAGGRSSYNEQFF	1
CASSHRGQGIYEQYF	1
CASSHQDFYEQYF	1
CASSHQSTDTQYF	1
CASSHVRGSSYNEQFF	1
CASSHVAGVNYNEQFF	1
CASSHGRRVVHNEQFF	1
CASSHGGPGETQYF	1
CASSHGDRGLSEAFF	1
CASSHDEGYGYTF	1
CASSHTTTGTGGSYEQFF	1
CASSHSSTQYF	1
CASSHSAGVIGQFF	1
CASSHSAGVIGQYF	1
CASSHYVDGPEKLFF	1
CASSHYGSVYSYTF	1
CASSHLGTGNSYEQYF	1
CASSHRLGLARWGGYNEQFF	1
CASSHQPLGRSQETQYF	1
CASSHVGEQYF	1
CASSHGTSGQETQYF	1
CASSH_YEQYF	1
CASSHSLRDTQYF	1
CASSHSGSLNTQYF	1
CASSHRVQGLLTSYEQYF	1
CASSHRTGAGELFF	1
CASSHRTGTRSTEQFF	1
CASSHKRGFVGSQETQYF	1
CASSQFLQGGAKNIQYF	1
CASSQYGKGNQPQHF	1
CASSQLSSYNEQYF	1
CASSQRGGEQYF	1
CASSQRTGHFNYGYTF	1
CASSQVSYEQYF	1
CASSQADRRNTEAFF	1
CASSQGITGEQYF	1
CASSQGPSTDTQYF	1
CASSQGTSELNEQFF	1
CASSQGLAGERADTQYF	1
CASSQDRVTNEQYF	1
CASSQEGLGSGELFF	1
CASSQMGRFSGNTIYF	1
CASSQTSGTGGLNYGYTF	1
CASSQTRDRIYGYTF	1
CASSQTSGPYNEQFF	1
CASSQTSGNLNIQYF	1
CASSQTRFTDTQYF	1
CASSQTVGLAGDIYNEQFF	1
CASSQKPWLRDPGYEQYF	1
CASSQKTRDTQYF	1
CASSQFSGRASDTQYF	1
CASSQFSGRASDTQYF	1
CASSQFPGSSYNEQYF	1
CASSQFRGYGEQFF	1
CASSQLASGSNEQFF	1
CASSQLGGYTQYF	1
CASSQLTSGGREQYF	1
CASSQWDEQYF	1
CASSQYRGYGYTF	1
CASSQLLAGPRVGETQYF	1
CASSQLAGGAYEQYF	1
CASSQPTGLGNEQFF	1
CASSQPSDEQYF	1
CASSQPNTGELFF	1
CASSQRYGDIWTCNEQFF	1
CASSQRQGAREQFF	1
CASSQQLRERQFF	1
CASSQVAPGTSGFYEQYF	1
CASSQVGGPTDTQYF	1
CASSQVSSYNEQYF	1
CASSQVPGQSSYNEQYF	1
CASSQVNYNEQFF	1
CASSQVTTGSQYF	1
CASSQVSQGHTQYF	1
CASSQVPLAATLQYF	1
CASSQVMADTQYF	1
CASSQVTLAGGGNEQFF	1
CASSQVTGPLWGTQYF	1
CASSQVTGETQYF	1
CASSQVNRSPYNEQYF	1
CASSQARDEQFF	1
CASSQAGANTGELFF	1
CASSQAGLAEQYF	1
CASSQAGLVYTDTQYF	1
CASSQAGQPKNIQYF	1
CASSQAGQVFNEQFF	1
CASSQADRADYGYTF	1
CASSQATGIPSDEQYF	1
CASSQARGTSGANEQFF	1
CASSQASGNTIYF	1
CASSQAEVLGTEAFF	1
CASSQGSGYYEQYF	1
CASSQGWTQETQYF	1
CASSQGRSTDTQYF	1
CASSQGRTSATDTQYF	1
CASSQGSSPGMETQYF	1
CASSQGWAGYADTQYF	1
CASSQGPSWGTDTQYF	1
CASSQGRSYGYTF	1
CASSQGAAYYGYTF	1
CASSQGGGLQVETQYF	1
CASSQGGISTDTQYF	1
CASSQGLKTANEQYF	1
CASSQGSGAQETQYF	1
CASSQGQGSDEQYF	1
CASSQGVRQGYDTQYF	1
CASSQGAGLLNNEQFF	1
CASSQGADTEAFF	1
CASSQGAQQNQPQHF	1
CASSQGAGPNQPQHF	1
CASSQGGLGHNEQYF	1
CASSQGGTGVVYEQYF	1
CASSQGDRKNGYTF	1
CASSQGTSGETQYF	1
CASSQGTSGRTDTQYF	1
CASSQGTYGYTF	1
CASSQGSGMSTDTQYF	1
CASSQGLAGALGQYF	1
CASSQGVRQPYGYTF	1
CASSQGGTQYF	1
CASSQGGVLANVLTF	1
CASSQGTEQFF	1
CASSQGTRPNEQYF	1
CASSQGRGIGETQYF	1
CASSQDLTGGGTEAFF	1
CASSQDLSPGYSYEQYF	1
CASSQDWIAADTQYF	1
CASSQDWSYEQYF	1
CASSQDLPATSSYEQYF	1
CASSQDPTVTDTQYF	1
CASSQDPRTGLTYNEQFF	1
CASSQDPTVYEQYF	1
CASSQDPGTRVNEQYF	1
CASSQDRLLAGSSTDTQYF	1
CASSQDRLADTQYF	1
CASSQDRRSRRIRDEQFF	1
CASSQDRLAGEETDTQYF	1
CASSQDRGGSTDTQYF	1
CASSQDRGAPLNNQPQHF	1
CASSQDRTAQFF	1
CASSQDRRLDRAYKGNQPQHF	1
CASSQDHGGSNYGYTF	1
CASSQDHEQYF	1
CASSQDQNPVYEQYF	1
CASSQDVFYEQYF	1
CASSQDANSPYEQYF	1
CASSQDGRVQETQYF	1
CASSQDGETQYF	1
CASSQDGTGYEETQYF	1
CASSQDDGRTNTEAFF	1
CASSQDEKTDTQYF	1
CASSQDIGTGELFF	1
CASSQDMGTASYEQYF	1
CASSQDMRDLYEQYF	1
CASSQDIGTDTQYF	1
CASSQDIRLSGNSYNEQYF	1
CASSQDRSNNEQYF	1
CASSQDRD_K*YEQYF	1
CASSQDNRQRRDEQFF	1
CASSQDYGAKNIQYF	1
CASSQDPLGQGGLNTEAFF	1
CASSQDPQGRQPQHF	1
CASSQDGVSGADIQETQYF	1
CASSQDGTGTDTQYF	1
CASSQDGLPHNEQFF	1
CASSQDETGWGNEQFF	1
CASSQDITGYTF	1
CASSQDRVPLEQYF	1
CASSQDRVSTDTQYF	1
CASSQDRGTDTQYF	1
CASSQDNV_FLVSSSF	1
CASSQEFRTGDGPYEQYF	1
CASSQEQGQGRNQPQHF	1
CASSQEAWAETQYF	1
CASSQEGRSNEKLFF	1
CASSQEGEQYF	1
CASSQEGGRGTDTQYF	1
CASSQEGGLAGGLNEQFF	1
CASSQEGLRTYEQYF	1
CASSQEGLAGSSGANVLTF	1
CASSQEEVEQFF	1
CASSQEEGHSNQPQHF	1
CASSQEILAGGPDTQYF	1
CASSQE_Q*QFF	1
CASSQELPGQGARDTQYF	1
CASSQEPGLRSYEQYF	1
CASSQEQGLTNEKLFF	1
CASSQEVAGPRTDTQYF	1
CASSQEAQGREKLFF	1
CASSQEGLADYQETQYF	1
CASSQEGYNEQFF	1
CASSQEITRGTQYF	1
CASSQIAGGNQETQYF	1
CASSQT*D_APYEQYF	1
CASSQTTRALETQFF	1
CASSQTSGVYNEQFF	1
CASSQTSILTDTQYF	1
CASSQTTGTRLGNEQYF	1
CASSQTGARETQYF	1
CASSQSPAGVSYNEQFF	1
CASSQRAIGTQYF	1
CASSQRDSAYEQYF	1
CASSQRQNTGELFF	1
CASSQRTGGKETQYF	1
CASSQNAASSYEQYF	1
CASSQNRGSLPYGYTF	1
CASSQNVGNEQFF	1
CASSVSPVLGGDSNQPQHF	1
CASSVHQETQYF	1
CASSVGTSGGAYTQYF	1
CASSVTGLDEQFF	1
CASSVTGGILHELYF	1
CASSVSGGLRNEQFF	1
CASSVSGSTDTQYF	1
CASSVKAGVFGNEQYF	1
CASSVSDSSYEQYF	1
CASSVPGETQYF	1
CASSVPGQGYGDTQYF	1
CASSVRGDTTTGELFF	1
CASSVGLAVSYNEQFF	1
CASSVGPGQPYEQYF	1
CASSVDSGNYYEQYF	1
CASSVDRGYEQYF	1
CASSVTVGYEQYF	1
CASSVRQGSYEQYF	1
CASSVRVGQGDGYTF	1
CASSVQTSARETQYF	1
CASSVGLARDTQYF	1
CASSVDWLSYNEQFF	1
CASSVDSTDTQYF	1
CASSVTGSGANVLTF	1
CASSVTGIFAYEQYF	1
CASSVLGDRARETQYF	1
CASSVLTTDTQYF	1
CASSVSSGSYEQYF	1
CASSVSAGGRTDTQYF	1
CASSVSESALLYEQYF	1
CASSVWGTTNEKLFF	1
CASSVWDRGYEQYF	1
CASSVPPRDFGYTQYF	1
CASSVRQVPEQYF	1
CASSVQGTDTQYF	1
CASSVQRQGYYQETQYF	1
CASSVVDGYEQYF	1
CASSVVGGANEQFF	1
CASSVVGESTDTQYF	1
CASSVVASGGQETQYF	1
CASSVVSARSTEAFF	1
CASSVVADSYNEQFF	1
CASSVVATDTQYF	1
CASSVAWDRVPVDSYEQYF	1
CASSVAPAGTYGYTF	1
CASSVAHA_GPYEQYF	1
CASSVAGGETQYF	1
CASSVATGVAYEQYF	1
CASSVATPGRTYNEQYF	1
CASSVATASGSYTNYNEQFF	1
CASSVASSGGPYNEQFF	1
CASSVALTDTQYF	1
CASSVALGVWNEQFF	1
CASSVAGGTAGEQYF	1
CASSVAALNTEAFF	1
CASSVGDTQETQYF	1
CASSVGSGSFYEQYF	1
CASSVGAGSSYNEQFF	1
CASSVGLAGPTDTQYF	1
CASSVGLSGKENNEQYF	1
CASSVGVEGAFGGYTF	1
CASSVGAGLPTDTQYF	1
CASSVGGAWGSDNEQFF	1
CASSVGGQNAEAFF	1
CASSVGGLAGYETQYF	1
CASSVGDTGGGYTF	1
CASSVGSGQTRTDTQYF	1
CASSVGLAGGTDTQYF	1
CASSVGVGNTEAFF	1
CASSVGGFAYNEQFF	1
CASSVGGGLYYEQFF	1
CASSVGGLTIQETQYF	1
CASSVGGPGYKEQFF	1
CASSVGDLRNTEAFF	1
CASSVGDLGLAGGTYTDTQYF	1
CASSVDSFSTDTQYF	1
CASSVDAGQGYEQYF	1
CASSVDGLFGNEQYF	1
CASSVDGASPYEQYF	1
CASSVDSGGDTQYF	1
CASSVDGINQPQHF	1
CASSVDMGPNSPLHF	1
CASSVEVRGTDTQYF	1
CASSVEVRGDEQYF	1
CASSVEDSSYNEQFF	1
CASSVEMGARNEQFF	1
CASSVELG_SFSYEQYF	1
CASSVELAGAENTGELFF	1
CASSVEAYNEQFF	1
CASSVEGANPYQETQYF	1
CASSVEGHYSYEQYF	1
CASSVEIGVNEQYF	1
CASSVTPDSYNEQFF	1
CASSVTAGTSYNEQYF	1
CASSALDIGNYGYTF	1
CASSALGQYQETQYF	1
CASSAAPRSLWYF	1
CASSAARGLYYGYTF	1
CASSATSGGYNEQYF	1
CASSASESGANVLTF	1
CASSASGGAGDTQYF	1
CASSAFDYYNYEQYF	1
CASSALLAGGPDEQFF	1
CASSASGLAGPSSYNEQFF	1
CASSARTSLNEQFF	1
CASSAHH_GYEQYF	1
CASSAHIDPIYGYTF	1
CASSAQSPYEQYF	1
CASSAQGNQPQHF	1
CASSAGDRYQPQHF	1
CASSAGTGGGEAFF	1
CASSADPTGYGYTF	1
CASSATQGARNYGYTF	1
CASSATGLADAEQYF	1
CASSATTRTGELFF	1
CASSARTSGVEQFF	1
CASSARTGGFYGYTF	1
CASSAGTDTQYF	1
CASSAGLLNEQFF	1
CASSAGMTTNEKLFF	1
CASSADGHSNQPQHF	1
CASSATSGFTRDTQYF	1
CASSAQGAVGYTF	1
CASSATSQTGETQYF	1
CASSGWDQETQYF	1
CASSGPTRSSYNEQFF	1
CASSGPTRSSYNEQYF	1
CASSGIFGYEQFF	1
CASSGIGTGSYNEQFF	1
CASSGSGTTSYNEQFF	1
CASSGNTDTQYF	1
CASSGPIILAGASTDTQYF	1
CASSGRWE_ANNEQFF	1
CASSGRDWDYNEQFF	1
CASSGVD_TGYEQYF	1
CASSGDGPYEQYF	1
CASSGSHQETQYF	1
CASSGYRDPYGQYF	1
CASSGLAGGPNEQFF	1
CASSGVAGSSSRQYF	1
CASSGGLTEQYF	1
CASSGGLGSYEQYF	1
CASSGGQTTGEQYF	1
CASSGSSYSQYF	1
CASSGRNDRPNSGANVLTF	1
CASSGRAGVSNEQFF	1
CASSGNEQFF	1
CASSGSSTDTQYF	1
CASSGLRTDTQYF	1
CASSGLAGLGTDTQYF	1
CASSGPGT_LNEKLFF	1
CASSGRSTDAQYF	1
CASSGRDSFGVYEQYF	1
CASSGAGGLTDTQYF	1
CASSGGRSARSYEQYF	1
CASSGKHSSFRTASYNEQFF	1
CASSDWTQYNEQFF	1
CASSDLSPEGAFF	1
CASSDRTVDTQYF	1
CASSDHRLVP_SGGDNEQFF	1
CASSDGLYEQYF	1
CASSDDGGSYEQYF	1
CASSDLPGGITNYGYTF	1
CASSDRDSHDEQFF	1
CASSDRGSTDTQYF	1
CASSDRLAGVNEQYF	1
CASSEGLLAGYNEQFF	1
CASSEGTSYNEQFF	1
CASSEGGSLFF	1
CASSEDYSYEQYF	1
CASSEDRAHYGYTF	1
CASSETPLTSYNEQFF	1
CASSETGGYGYTF	1
CASSETGGTSYEQYF	1
CASSERGYEQYF	1
CASSENRVTQYF	1
CASSERLELLTYEQYF	1
CASSEQRGPLDTQYF	1
CASSETANEQFF	1
CASSETGRELAKNIQYF	1
CASSENTDTQYF	1
CASSIHSGGLTDTQYF	1
CASSITSGAFYEQYF	1
CASSITGTDTQYF	1
CASSISGGVPYTQYF	1
CASSIRQGPYNEQFF	1
CASSIADRGPQVDEQFF	1
CASSIGTPTDTQYF	1
CASSIGTGVAYEQYF	1
CASSIDGTRGYEQFF	1
CASSMFDMPLSSYNSPLHF	1
CASSMRGGECEKLFF	1
CASSMDRGISSYNEQFF	1
CASSMTESGANVLTF	1
CASSMNHGTGLEQFF	1
CASSILAGPSPNEQFF	1
CASSIRTPGQSYGYTF	1
CASSIDHYEQYF	1
CASSIRTGQYNE*FF	1
CASSIRTGQYNEQFF	1
CASSTPTGGSYNEQFF	1
CASSTRQGYGYTF	1
CASSTSGTPNTEAFF	1
CASSTS_ETQYF	1
CASSTSSAREKQFF	1
CASSTWAEGDTDTQYF	1
CASST*REMRYNEQFF	1
CASSTLNNEQFF	1
CASSTLDRVTDTQYF	1
CASSTPPYNEQFF	1
CASSTPNGSAYNEQFF	1
CASSTQGLHEQFF	1
CASSTGGPYGYTF	1
CASSTGTSPTDTQYF	1
CASSTGLLHAVSEQFF	1
CASSTDRGYGYTF	1
CASSTEQGTFSTDTQYF	1
CASSTMPSTDTQYF	1
CASSTITGELPNEQFF	1
CASSTTPMGTQYF	1
CASSTLGTAKNIQYF	1
CASSTHGLAGWFF	1
CASSTQDSNQPQHF	1
CASSTGLAHEQYF	1
CASSTDSNDTGELFF	1
CASSTTSGESYNEQFF	1
CASSTTGHEQYF	1
CASSTRTSGTSYNEQFF	1
CASSTNVAGVYEQYF	1
CASSTPGTSGHSGDTQYF	1
CASSTRTSGGAVTDTQYF	1
CASSTRTSGRAPPSYNEQFF	1
CASSTQGINTEAFF	1
CASSTDGNYGYTF	1
CASSTIVGTSGRENVNEQFF	1
CASSTRLAGAEDTQYF	1
CASSSFLGEKLFF	1
CASSSSASSYNEQFF	1
CASSSRGAGRVVNEQYF	1
CASSSAGLSYNEQFF	1
CASSSNRGRDIQYF	1
CASSRPGISYEQYF	1
CASSRGGTAQETQYF	1
CASSREDYEQYF	1
CASSRTYNYGYTF	1
CASSRLANEQFF	1
CASSRLAAFYNEQFF	1
CASSRPSFGNRAEQYF	1
CASSRAKGGITEDNEQFF	1
CASSRDRDTEAFF	1
CASSREAGPMYNEQYF	1
CASSRTGGLQETQYF	1
CASSNSGTGDHNEQFF	1
CASSNWDTHKETDTQYF	1
CASSNPGGTQYF	1
CASSNTGANEQFF	1
CASSNRPSEIQRASEFPRRVQFF	1
CASSNRENPNNYNEQFF	1
CASSKGFSYGYTF	1
CASSKDGGSYEQYF	1
CASSKLFKTFTDTQYF	1
CASSKSGTGGYEQYF	1
CASSKWTG_YGETQYF	1
CASSK*LG_PYYEQFF	1
CASSKLRGDTYNEQFF	1
CASSKPVVGWGFNEQFF	1
CASSKPRGPQLDEQYF	1
CASSKVGQ_DKETQYF	1
CASSKVEFRRYEQYF	1
CASSKVG_AGNEQFF	1
CASSKAGRTNYGYTF	1
CASSKALSGFDSYNEQFF	1
CASSKGQGPLAKTIQYF	1
CASSKGA_TYEQYF	1
CASSKGTFYEQYF	1
CASSKGTRLDNEQYF	1
CASSKDSGGLLDNEQYF	1
CASSKDSGGLLNNEQFF	1
CASSKEGHTEAFF	1
CASSKETSGSYGQYF	1
CASSKEGTVLDEQYF	1
CASSKIRGSSTDTQYF	1
CASSKTGFEQYF	1
CASRFGGGAMAGELFF	1
CASRLGSYEQYF	1
CASRLGEARVTDTQYF	1
CASRSVRLSLFTDTQYF	1
CASRSGPGQGFDEQFF	1
CASRSRGSNQPQHF	1
CASRSSTSYEQYF	1
CASRSGDAIYNEQFF	1
CASRSGAGTDTQYF	1
CASRSLGQGIQPQHF	1
CASRYMGASYEQYF	1
CASRYSGGNYGYTF	1
CASRYRGFTDTQYF	1
CASRLVAKNIQYF	1
CASRPDENIQYF	1
CASRPGRVSGNTIYF	1
CASRPGDAIYNEQYF	1
CASRPGQ_GHTEAFF	1
CASRPGGTAREKLFF	1
CASRRGQGSTDTQYF	1
CASRREVYNEQYF	1
CASRHYTGNYGYTF	1
CASRHPG_PYEQYF	1
CASRQTGMGEKLFF	1
CASRQFDSPYNEQYF	1
CASRQVAGEADKQYF	1
CASRVQETQYF	1
CASRVASSLPNEQYF	1
CASRVEGRNNEQFF	1
CASRVDTRKYNEQFF	1
CASRVGIGGYTF	1
CASRVGTYSYNEQFF	1
CASRVILDSPLHF	1
CASRARDRVNGYTF	1
CASRATGVYGYTF	1
CASRAFQRADTQYF	1
CASRALAGGYNEQFF	1
CASRAGVFDEQYF	1
CASRGLSSTDTQYF	1
CASRGGSGEQFF	1
CASRGLADTQYF	1
CASRGDSYNEQFF	1
CASRGDSNQPQHF	1
CASRGDRDYNEQFF	1
CASRGEGVSNEQFF	1
CASRGTSGRFGNEQFF	1
CASRGTSGTTDTQYF	1
CASRGTGKHNEQFF	1
CASRGRGNRLTNEKLFF	1
CASRGLAGTTDTQYF	1
CASRGRSLVEQYF	1
CASRGQGYNEQFF	1
CASRGATDTQYF	1
CASRGGQGGYGYTF	1
CASRDSYGYTF	1
CASRDGQGWTQYF	1
CASRDTGAHTDTQYF	1
CASRDSGTYNEQFF	1
CASRDRGWYF	1
CASRDREPGELFF	1
CASRDNSYEQYF	1
CASRETLRSYEQYF	1
CASRERARGEKLFF	1
CASREGRANYGYTF	1
CASREGSSYNEQFF	1
CASRETGLNSPLHF	1
CASRISGRALSSYNEQFF	1
CASRIGYQETQYF	1
CASRITGEGTEAFF	1
CASRTDRGLTGELFF	1
CASRTPRPDNYGYTF	1
CASRTGL_LQ*AVL	1
CASRTRT_QETQYF	1
CASRTGLYEQYF	1
CASRTGAAQFF	1
CASRTTSLETQYF	1
CASRTARDIQYF	1
CASRSHGGVEQYF	1
CASRRTVTGELFF	1
CASRRNIGSYGYTF	1
CASRRSREDMQYF	1
CASRRSREDTQYF	1
CASRRAEGTEAFF	1
CASRRADTQYF	1
CASRNRDRGSHMQYF	1
CASRFIGETQYF	1
CASRFPGGFGELFF	1
CASRFDRGEYNEQFF	1
CASRLTSGGVGSYNEQFF	1
CASRSLAGYQETQYF	1
CASRSGTGTVRNEQFF	1
CASRSRAGEQYF	1
CASRSAGKGGTDTQYF	1
CASRSGQEYEQYF	1
CASRSGTGDPYEQYF	1
CASRWNEQFF	1
CASRYRTPSQGAKNIQYF	1
CASRYLSGATNEKLFF	1
CASRYGTGLNQPQHF	1
CASRYTGTGVFYTF	1
CASRLSSGSLIDEQFF	1
CASRLPGAYYEQYF	1
CASRLTSSNEQFF	1
CASRLTGGGNTIYF	1
CASRLLETGGGKQYF	1
CASRPGTGGNRRYYNEQFF	1
CASRPTGQGNYGYTF	1
CASRPNRRGGNEQFF	1
CASRPFGAAYNEQFF	1
CASRPPLGLERYNEQYF	1
CASRPGTGGLTYNEQFF	1
CASRPGSRREQYF	1
CASRPSRGGYNEQFF	1
CASRPSGRAGEQYF	1
CASRPLAGGTDTQYF	1
CASRPPPSTYEQYF	1
CASRPGLINANTGELFF	1
CASRPKSTDTQYF	1
CASRPPPGTEFSYNEQFF	1
CASRPREQGGYTF	1
CASRPGGSTDTQYF	1
CASRRYGQGPYERYF	1
CASRRRDRGYEQYF	1
CASRRGQGSSYEQYF	1
CASRRLSVMGTDTQYF	1
CASRRAVTGTYEQYF	1
CASRHP**_IRDNEQYF	1
CASRHTDRSVSAEQYF	1
CASRQDYSYNEQFF	1
CASRQSGPRRNEQFF	1
CASRQREETQYF	1
CASRVASYEQYF	1
CASRALMNTEAFF	1
CASRAEPRH_GQPYNEQFF	1
CASRGSNVRIRNTEAFF	1
CASRGQGSRDTQYF	1
CASRGTGDEQYF	1
CASRDGQGSFAKNIQYF	1
CASRDTSGGRNEQFF	1
CASRDLQGSSYNEQFF	1
CASRDGGAKNIQYF	1
CASRDGIHQPQHF	1
CASREYDEQFF	1
CASRIDRAGEAFF	1
CASRMTREQYF	1
CASRMTGGFYTF	1
CASRMTGDSTYEQYF	1
CASRIGKSEQYF	1
CASRIKLGTSGRNEQFF	1
CASRTPGQGHSGANVLTF	1
CASRTSGGLNEQFF	1
CASRTARGDGYGYTF	1
CASRTHKNIQYF	1
CASRTRVTSYEQYF	1
CASRSSGPSSYNEQFF	1
CASRSSGPSSYNEQYF	1
CASRRQASEVDTQYF	1
CASRRTSGRKQETQYF	1
CASRRDRGLSDTQYF	1
CASRRTGMKDTQYF	1
CASRKGRSANTDTQYF	1
CASRKGLTGYTF	1
CASRKGLAARTDTQYF	1
CASRKNEGGPSNQPQHF	1
CASRKEGSDSPLHF	1
CASNFGLGPGYTF	1
CASNLAGETQYF	1
CASNPPGTDTQYF	1
CASNPQGSNEQYF	1
CASNGGMNTGELFF	1
CASNEGSLWYGYTF	1
CASNSSAGGSNQPQHF	1
CASNPGTSFETQYF	1
CASNRDFSTDTQYF	1
CASNRQTQETQYF	1
CASNHPGTGPFF	1
CASNGEDEKLFF	1
CASNDRGGGYTF	1
CASNERLATYNEQFF	1
CASNIATDTQYF	1
CASNRGPLVSTDTQYF	1
CASNRDSSMNTEAFF	1
CASNNPTSLNEQFF	1
CASNKQGGDYEQYF	1
CASKYRGDTEAFF	1
CASKRDNYEQYF	1
CASKASGISYNEQFF	1
CASKASQGTEAFF	1
CASKARHTQYF	1
CASKGSNYGYTF	1
CASKEGSDTQYF	1
CASKEPYYNEQFF	1
CASKIRGLSDTQYF	1
CASKTSSQETQYF	1
CASKNDHSTDTQYF	1
CASKLAVLYNEQFF	1
CASKLRLGSTDTQYF	1
CASKPKGE*QETQFF	1
CASKQGALTSDQYF	1
CASKVGNYGYTF	1
CASKAGTTDTQYF	1
CASKIGSSSYNEQFF	1
CASKSTPTGAPQPQHF	1
CASKRAVYGYTF	1
CASKKDISTDTQYF	1
CARVYGTSVQETQYF	1
CARGDLRGDEQYF	1
CARGLAGGGDTQYF	1
CARDFGSGRDTQYF	1
CARSSGTG_FTYEQYF	1
CARELPTKSSNYGYTF	1
CANL*GKGEPNTQYF	1
CANPKDRHYEQYF	1
CANSQEAGNYNEQFF	1
CANKGNYEQYF	1
CAKWWDRTYEQYF	1
CAKRSCYEQYF	1
CASRLARG_NPPYEQYF	1
CASSLVPTGVAYNEQFF	1
CASSLVGPVGRTDTQYF	1
CASSYTNQAGTYNEQFF	1
CTSSYSETGTGYTF	1
CTSSLIRPDTQYF	1
CTSSLLARGQDNEQFF	1
CTSSVMSGSLTEAFF	1
CTSSTIHSGSDETQYF	1
CSARIDPYNQPQHF	1
CSGLAGDEQFF	1
CSSSYGLNTEAFF	1
CCARSDRGYEQYF	1
CVLIQTYEQYF	1
CASSQDRLAGSGGPYNE*YF	1
CASRKDDARDRFYEQYF	1
CARAHRGGLGDGYTF	1
CAGRNEQFF	1
CAGSFSTDYGYTF	1
CAGSQDARGTGDTQYF	1
CAGRITDTQYF	1
CAGAGGDTQYF	1
CAGDRGLQETQYF	1
CAIKGLGQPYEQYF	1
CATQGARGTQYF	1
CATSLAGRNTGELFF	1
CATGQNKETQFF	1
CATSRTLYGGEQYF	1
CASLHSPLIGNEQYF	1
CASGSGDFHNEQFF	1
CASSHSGGGEHGYTF	1
CASFNRAVNTEAFF	1
CASSTGTLSYNEQFF	1
CASLPLSGRSSYNEQFF	1
CASLERETDTQYF	1
CASRISSYNEQFF	1
CASRA_NEQFF	1
CASQTGGNQETQYF	1
CASVFRDRGINEQFF	1
CASGQEDGGVPYEQYF	1
CASGLDGTDTQYF	1
CASILVGANVLTF	1
CASITTSGTQETQYF	1
CASMTSGGVDTQYF	1
CASTSSGNYNEQFF	1
CASTSLFHR_FKSYEQYF	1
CASTGGTNYNEQFF	1
CASTIGGQTNYGYTF	1
CASTNGAGSLETQYF	1
CASTNGAGRRDNEQYF	1
CASSFGVSSGNTEAFF	1
CASSFDRSSEQFF	1
CASSFSGQSSYNEQFF	1
CASSFLKSSYEQYF	1
CASSFGLDSYNEQFF	1
CASSLGQLQSPQHF	1
CASSSSPIGGGYEQYF	1
CASSSYPQTEAFF	1
CASSYSPGFTLDGYTF	1
CASSLRTGANYGYTF	1
CASSPRQGSYEQYF	1
CASSPGLTYNEQFF	1
CASSPGLGSTDTRYF	1
CASSRASAYEQYF	1
CASSRTDSSYEQYF	1
CASSQSSQ_SSYEQYF	1
CASSQSES_GSQPQHF	1
CASSQSIQGRETQYF	1
CASSQSTGEQ_PMAGETQYF	1
CASSQSREGTSPQKRKNYNEQFF	1
CASSVGLGLAGGQNRYNEQFF	1
CASSAAVDDQFF	1
CASSGPYNLNNEQFF	1
CASSGAGGSKNEQFF	1
CASSGGNAYNEQFF	1
CASSEQGFGTQYF	1
CASSENRDREFSGANVLTF	1
CASSEPWSEAQYF	1
CASSEERGQGRKLTYNEQFF	1
CASSTTTGWDTEAFF	1
CASSFSQPGLAGGYNEQFF	1
CASSFWPSERAMSNEQFF	1
CASSFPTAF_ASTDTQYF	1
CASSFAGTGHNEQFF	1
CASSFAFEETQYF	1
CASSFGGSSYNEQFF	1
CASSFNHRTDTQYF	1
CASSFSQGTGNEKLFF	1
CASSFPSGTDTQYF	1
CASSFPRGRYDEQYF	1
CASSFRGGNEQFF	1
CASSFRTGKETQYF	1
CASSFRLAGGFDEQFF	1
CASSFGSRTGGAYNEQFF	1
CASSFGLAGRGAAYNEQFF	1
CASSFDTDTQYF	1
CASSFEGNQYNEQFF	1
CASSFTQGPNEQFF	1
CASSLFLAGVGDNEQFF	1
CASSLFRTEETQYF	1
CASSLLSVIGG_SFQTNYGYTF	1
CASSLSPSGRDTYEQYF	1
CASSLSGGSYEQYF	1
CASSLLSGMGSSYEQYF	1
CASSLLTSSETQYF	1
CASSLLYNPYEQYF	1
CASSLLFQAGVETQYF	1
CASSLLGRRDIQYF	1
CASSLLAGRYNEQFF	1
CASSLPDR_MYNEQFF	1
CASSLPTDTQYF	1
CASSLRLAGVNEQFF	1
CASSLQGLSTDTQYF	1
CASSLVSGADYGYTF	1
CASSLVLAGSYNEQFF	1
CASSLVRIQGPEAFF	1
CASSLVVTSASSYNEQFF	1
CASSLVAGKNNEQFF	1
CASSLVGTGDYEQYF	1
CASSLVTALNTEAFF	1
CASSLVTEETQYF	1
CASSLASGRYEQYF	1
CASSLASVTEQFF	1
CASSLASGRAFFTDTQYF	1
CASSLAFFPGTEAFF	1
CASSLAPSYNEQFF	1
CASSLAPPSASNNEQFF	1
CASSLAPGNNEQYF	1
CASSLAQVASYNEQYF	1
CASSLAQIRAGYYNEQFF	1
CASSLAVTGLSTAYTQYF	1
CASSLAGSSYEQYF	1
CASSLAGRLSGGYTF	1
CASSLAGGTGANVLTF	1
CASSLAATTDTQYF	1
CASSLAGVNYEQYF	1
CASSLAGGGTDTQYF	1
CASSLGQLYEQYF	1
CASSLGLLPDTQYF	1
CASSLGPEADGTEAFF	1
CASSLGGVQETQYF	1
CASSLGGQKLAKNIQYF	1
CASSLGYEQYF	1
CASSLGLGGTDTQYF	1
CASSLGGTDSYEQYF	1
CASSLGGQNTEAFF	1
CASSLGGIDQPQHF	1
CASSLGTSGTHNEQFF	1
CASSLGFNGYTF	1
CASSLGLVTDTQYF	1
CASSLGLVTTDTQYF	1
CASSLGPRDQGTYGYTF	1
CASSLGRLQETQYF	1
CASSLGQLPYGYTF	1
CASSLGQYTDTQYF	1
CASSLGQGKGFPSTDTQYF	1
CASSLGQGNIQYF	1
CASSLGQEAPSYEQYF	1
CASSLGQMNTEAFF	1
CASSLGQNSPLHF	1
CASSLGVEQFF	1
CASSLGGVGNTEAFF	1
CASSLGGDTRIDEQFF	1
CASSLGGQRTDTQYF	1
CASSLGSSPTYEQYF	1
CASSLDSGENEQYF	1
CASSLDLDTQYF	1
CASSLDLAGGPDEQFF	1
CASSLDPYRVGIDGYTF	1
CASSLDPQGSYNSPLHF	1
CASSLDRSYEQYF	1
CASSLDGRGYNEQFF	1
CASSLDGRVETEAFF	1
CASSLDPRGSLANEQFF	1
CASSLDAGDLREQYF	1
CASSLDGVNYNEQFF	1
CASSLDGTSGIGENEQFF	1
CASSLDTSRDEQYF	1
CASSLDRRNTEAFF	1
CASSLDRGRNGYTF	1
CASSLEPGDYGYTF	1
CASSLEPGSTDTQYF	1
CASSLERSSYEQYF	1
CASSLEGDSYNEQFF	1
CASSLEGPNEKLFF	1
CASSLEGQGVREQYF	1
CASSLEGKGSYEQYF	1
CASSLETSFNEQFF	1
CASSLETGGGNEQYF	1
CASSLESGVSNEQYF	1
CASSLEVGGGYEQYF	1
CASSLEGRVWFF	1
CASSLEGRGG_LDGPTDTQYF	1
CASSLEGVPHEQFF	1
CASSLIAEPYNEQFF	1
CASSLMGGIVGYNEQFF	1
CASSLTGLYEQYF	1
CASSLTIQRNEQFF	1
CASSLTGQETQYF	1
CASSLTMRTIGHNEQFF	1
CASSLTGPNYGYTF	1
CASSLTDTQYF	1
CASSLSNRETQYF	1
CASSLSPSGGASNEQFF	1
CASSLRPTEGAIYEQYF	1
CASSLRGADLEQYF	1
CASSLRPYSYNEQFF	1
CASSLRGMETQYF	1
CASSLNAQRNSPLHF	1
CASSLNSLYNEQFF	1
CASSLKGTVSEAFF	1
CASSLKMG_NDYYGYTF	1
CASSLLNGNTEAFF	1
CASSLSGLAGFEQFF	1
CASSLWQDTDTQYF	1
CASSLLQETQYF	1
CASSLLAGVYGEQFF	1
CASSLRDRVYEQHF	1
CASSLRTGTNTEAFF	1
CASSLQGASSYEQYF	1
CASSLVPFTAGEETQYF	1
CASSLAAVVATNEKLFF	1
CASSLAGDFDEQFF	1
CASSLGRASNEQYF	1
CASSLGAVSEQFF	1
CASSLGLQGNDQPQHF	1
CASSLGLAGGHNEQFF	1
CASSLESGPSYEQYF	1
CASSLIPLQEQNGQFF	1
CASSLIPLQEQNEQFF	1
CASSLTANEQYF	1
CASSSPVVQGRYNEQFF	1
CASSSQGSGELFF	1
CASSSTSNSGNTQYF	1
CASSSFAGPTDTQYF	1
CASSSSGTGNVQYF	1
CASSSSGHYNEQFF	1
CASSSSGRTGALNIQYF	1
CASSSRQGNYGYTF	1
CASSSANPLYNEQFF	1
CASSSGTDYQETQYF	1
CASSSGSFSGSQETQYF	1
CASSSGQPNVPDTQYF	1
CASSSIRSPADTDTQYF	1
CASSSALAGAADTQYF	1
CASSSGSQETQYF	1
CASSSGGTFQETQYF	1
CASSSGQGMADTQYF	1
CASSSTNKETQYF	1
CASSSSGHFSSYEQYF	1
CASSSPLEGTTDTQYF	1
CASSSQKTIHNEQFF	1
CASSWFGGKTNEQFF	1
CASSWAPDRVTEAFF	1
CASSWGANYGYTF	1
CASSWGTKKDQPQHF	1
CASSWSSGGADTQYF	1
CASSYGGAYQETQYF	1
CASSYGDQRTILYEQYF	1
CASSYPKDQDRELGEQFF	1
CASSYRGGYEQYF	1
CASSLSPVTETQYF	1
CASSLYYEQYF	1
CASSLLRSSYEQYF	1
CASSLTSSSGKLTDTQYF	1
CASSLTSGGYNEQYF	1
CASSLCI_YNEQFF	1
CASSLLGQGVNEQYF	1
CASSLLTSSKMETQYF	1
CASSLDLGGNEKLFF	1
CASSLTGGKDSGANVLTF	1
CASSLKGNTGELFF	1
CASSLKTTYEQYF	1
CASSLKLGLAVQFF	1
CASSLGQLSYGYTF	1
CASSLTGNTQYF	1
CASSLNRAEDTQYF	1
CASSLLFATSTDTQYF	1
CASSLRAGSDTQYF	1
CASSLRGYNEQFF	1
CASSLQVYNEQFF	1
CASSLGGDEEKLFF	1
CASSLGQSYGYTF	1
CASSLESILEQFF	1
CASSLTDRAYNEQFF	1
CASSLRDISFYEQYF	1
CASSPFPGQGDSNQPQHF	1
CASSPPPGLAVLQETQYF	1
CASSPRRGSGDYGYTF	1
CASSPGLYREQFF	1
CASSPGQGAEETQYF	1
CASSPGGGNYEQYF	1
CASSPDRVNEQFF	1
CASSPIQGSSGYTF	1
CASSPTGGGTDTQYF	1
CASSPRRGYPDTQYF	1
CASSPLSLGAPYGYTF	1
CASSPVGLAGANEQFF	1
CASSPGSGNEQFF	1
CASSPGATLLYEQYF	1
CASSPGTSFTTDTQYF	1
CASSPGQGIEKLFF	1
CASSPEGGPTDTQYF	1
CASSPEVSETQYF	1
CASSPTGREEKLFF	1
CASSPTLWARGADTQYF	1
CASSPTGNSYGYTF	1
CASSPRTSDISYEQYF	1
CASSPFEREGRTGELFF	1
CASSPRAYNEQFF	1
CASSPHQQNELFF	1
CASSPAAGGRNTDTQYF	1
CASSPGHSGIGTDTQYF	1
CASSPEQNTEAFF	1
CASSPEGKPGGLGEQFF	1
CASSPTSGKNGELFF	1
CASSPTGLANEQFF	1
CASSPRSGDLYYGYTF	1
CASSPRGTETQYF	1
CASSPSDTSGSSYNEQFF	1
CASSPSLAGEGDTQYF	1
CASSPQGLGVALFF	1
CASSP_YEQYF	1
CASSPGTSHNEQFF	1
CASSPEDLSYNEQFF	1
CASSPTTSGRSDTQYF	1
CASSRGLAGFNEQLF	1
CASSRSRGLGGYTF	1
CASSRGYRNEQFF	1
CASSRGSGSSYEQYF	1
CASSREGQDFYEQYF	1
CASSRTSGSVHNEQFF	1
CASSRTSGRYEQFF	1
CASSRTGPTSYEQYF	1
CASSREGQQYQETQYF	1
CASSREQFLFYEQYF	1
CASSRIAGDGNGQYF	1
CASSHGEFIPGELFF	1
CASSHDRDA*SFGYTF	1
CASSHRQGAIS*QFF	1
CASSHQDREKGYTF	1
CASSHEGVSGSYEQYF	1
CASSHTGPRTDTQYF	1
CASSHSKASGSSLEQFF	1
CASSQASGRAWETQYF	1
CASSQAVGGFTEAFF	1
CASSQGSTGQNEKLFF	1
CASSQGLASYNEQFF	1
CASSQDRDSLYEQYF	1
CASSQDQGAYIQYF	1
CASSQETATNYGYTF	1
CASSQEPGLGNTQYF	1
CASSQMGTGELFF	1
CASSQSTDTQYF	1
CASSQNRGQV_IVDSTDTQYF	1
CASSQNRDLYEQYF	1
CASSQNARDPGDTQYF	1
CASSQKTGRDTEAFF	1
CASSQLAGTTDTQYF	1
CASSQSYRGRTEAFF	1
CASSQSGSSGANVLTF	1
CASSQYGQL_FSGANVLTF	1
CASSQRIRGGTDTQYF	1
CASSQRVGLAGFVSSYEQYF	1
CASSQQTGSYNEQFF	1
CASSQVLGARGTEAFF	1
CASSQVRRNTDTQYF	1
CASSQVDRPRDIQYF	1
CASSQVDLGQLGFTDTQYF	1
CASSQVSGDYNSPLHF	1
CASSQVYGGDTQYF	1
CASSQVVTVDSSGANVLTF	1
CASSQVVAGEGEQFF	1
CASSQVTRSETQYF	1
CASSQVQGGIYGYTF	1
CASSQVDRQAYGYTF	1
CASSQALNVGGTDTQYF	1
CASSQARGSGYEQYF	1
CASSQAGGPLDEQFF	1
CASSQGISSGIGQFF	1
CASSQGPARGIQYF	1
CASSQGRTSGSYEQYF	1
CASSQGLRNEQFF	1
CASSQGVGA_RLYSEQFF	1
CASSQGAVRLAKQFF	1
CASSQGGTSGRVINEQYF	1
CASSQGTSGTDTQYF	1
CASSQGTGNEQFF	1
CASSQGWDKSYEQYF	1
CASSQGLAGSADTQYF	1
CASSQGPGASTDTQYF	1
CASSQGRAGAYEQYF	1
CASSQGQGSSYEQYF	1
CASSQGVFVGGQPQHF	1
CASSQGGGTVNTDTQYF	1
CASSQGDYNEQFF	1
CASSQGIGNTEAFF	1
CASSQGTEISYNEQFF	1
CASSQDFLGTGGSYGYTF	1
CASSQDFGQETQYF	1
CASSQDLVSTDTQYF	1
CASSQDLDRDRVLPKGYTF	1
CASSQDLLAVYNEQFF	1
CASSQDSGNNEQYF	1
CASSQDSGSYTQYF	1
CASSQDWAAGYEQFF	1
CASSQDYSGRQETQYF	1
CASSQDYGHNEQYF	1
CASSQDLRGGAKNIQYF	1
CASSQDLHFNEQFF	1
CASSQDPQGYTDTQYF	1
CASSQDPSGEQYF	1
CASSQDPGTYYGYTF	1
CASSQDRLAGVYNEQFF	1
CASSQDRATGQYF	1
CASSQDR_PWFTQYF	1
CASSQDRTEQFF	1
CASSQDRLAGNGGPYNEQFF	1
CASSQDQGTGGKENTIYF	1
CASSQDARGTGDTQYF	1
CASSQDGGFVGTDTQYF	1
CASSQDGLGSNEQYF	1
CASSQDGGL_RDYNEQFF	1
CASSQDGIGSGETQYF	1
CASSQDGNRHNEQFF	1
CASSQDGGETQYF	1
CASSQDGKENEKLFF	1
CASSQDDTNLFETQYF	1
CASSQDEAPALYEQYF	1
CASSQDISSGIGQYF	1
CASSQDSRGTDTQYF	1
CASSQDRASYNEQYF	1
CASSQDRAGGEQYF	1
CASSQDRANGYTF	1
CASSQDNSASHYNEQYF	1
CASSQDSGRKYNEQFF	1
CASSQDLGDSTGTTLPYEQYF	1
CASSQDLAGLSYNEQFF	1
CASSQDLNRGDEQYF	1
CASSQDGGGYNEQFF	1
CASSQDERGSGYTF	1
CASSQEWGILSPLHF	1
CASSQEVGSSYEQYF	1
CASSQEVTGGVNGYIF	1
CASSQEVGQSNQPQHF	1
CASSQEATGGFGYTF	1
CASSQEGSGGNEQFF	1
CASSQEGRGSDTQYF	1
CASSQEEGINQPQHF	1
CASSQEIGSYEQYF	1
CASSQELSSYEQYF	1
CASSQELAESSYNEQYF	1
CASSQEGDRDLGNTIYF	1
CASSQEGISSYNEQYF	1
CASSQEERGWTDTQYF	1
CASSQIGGSLHTDTQYF	1
CASSQMISTDTQYF	1
CASSQSFTRNEQYF	1
CASSQNPSPGRYTF	1
CASSVRGRSSSNEKLFF	1
CASSVSGTYQETQYF	1
CASSVAWDEQFF	1
CASSVGGATDTQYF	1
CASSALLAGGYDEQFF	1
CASSATESYEQYF	1
CASSAQGFGTATQYF	1
CASSAGDDYGYTF	1
CASSAGLAGGNNEQFF	1
CASSAGHDYNEQFF	1
CASSGPRTSGSTDTQYF	1
CASSGGVSYNEQFF	1
CASSGGLYEQYF	1
CASSGTLTDTQYF	1
CASSGLSGRADTQYF	1
CASSGTGTMNTEAFF	1
CASSDYREQETQYF	1
CASSDGTPSTDTQYF	1
CASSDGTGVDTEAFF	1
CASSDEGVSGSYEQYF	1
CASSEGLADLSYNEQFF	1
CASSEGLPGNEQYF	1
CASSIGTGIRYEQYF	1
CASSISFGQGPYEQYF	1
CASSIQGLSYNEQYF	1
CASSTSGTSTDTQYF	1
CASSTQIAGTWETQYF	1
CASSTAGTGTGGYTF	1
CASSTGTSGTDTQYF	1
CASSTGQGDTQYF	1
CASSTLGGHGEKLFF	1
CASSTPGTDTQYF	1
CASSTAGSSPLHF	1
CASSSEQETQYF	1
CASSRLFGQGENQPQHF	1
CASSRAGVVNNEQFF	1
CASSNGRIRADTQYF	1
CASSNPGGTDTQYF	1
CASSKTSGTDTQYF	1
CASSKETGHYQETQYF	1
CASRWSTDTQYF	1
CASRPTGGGWGEQYF	1
CASRDKGEMNTEAFF	1
CASRRASGNQQETQYF	1
CASRRSWTGFYYEQYF	1
CASRKGSDEQFF	1
CASRLGTSEVYEQYF	1
CASRPSDRSETQYF	1
CASRPDSYEQYF	1
CASRQTGIYEQYF	1
CASRQDWGRTGSGEQYF	1
CASRGRSYEQYF	1
CASRETGNPSSYNEQYF	1
CASRIRGSSFTDTQYF	1
CASRIAVQETQYF	1
CASRTGSYTDTQYF	1
CASRRDPLQEQYF	1
CASNGPGGLFF	1
CASKLAGQETQYF	1
CASKRDSGTLEEQYF	1
CASKIGTGDEKLFF	1
CARTLSGTGGCTEAFF	1
CARILGG_DYEQYF	1
CANSPGTGARVDTQYF	1
CANSQEGRKNTEAFF	1
CAYTGPTYEQYF	1
CGVGGGTYEQYF	1
CGVEGGREGQYF	1
CGAGRTLQETQYF	1
CGFRDRGYNEQFF	1
CGLAGGSSTDTQYF	1
CDRMYN_TEAFF	1
CDSSQAGGPLDEQFF	1
CISSGLAGGHRNSDTQYF	1
CTVADVDTQYF	1
CTTRDRANYGYTF	1
CTTGTSSYNEQFF	1
CSFKTGANIQYF	1
CSSRDPGGVETQYF	1
CSPNPQGTDSYEQYF	1
CSPNRTDTQYF	1
CSPWDTGDSTDTQYF	1
CSPTSGTSYEQYF	1
CSQLPLRGLAGEQFF	1
CSVLSGTSGGADTQYF	1
CSVPLPAGFYNEQYF	1
CSVPSDTEAFF	1
CSVRREDRVYEQYF	1
CSVVGPYNEQFF	1
CSVGYGTDTQYF	1
CSVGTGELYGYTF	1
CSVIEQGYNEQFF	1
CSVSKVAGVDEQFF	1
CSVRGGTQRTPGTQYF	1
CSVNDRGRMNTEAFF	1
CSVSVDGLNYEQYF	1
CSVYPGTGYSYEQYF	1
CSVYSRPGYTF	1
CSVLAGGQETQYF	1
CSVPYGGYEQYF	1
CSVRTSGGNYEQYF	1
CSVGGRINEQFF	1
CSVTGGYEQYF	1
CSVRSKTGYEQYF	1
CSVKGGQGISPLHF	1
CSVSSLNYGYTF	1
CSVGLSTDTQYF	1
CSVRTGPPNQPQHF	1
CSVNRAGDTEAFF	1
CSAFGAPKNIQYF	1
CSALVGQTYGYTF	1
CSASPETAEAFF	1
CSASIARASTDTQYF	1
CSASPTSAITDTQYF	1
CSASRGYEQYF	1
CSASRDSHTKETQYF	1
CSASHADTQYF	1
CSASQLLNEQFF	1
CSASDRGRQETQYF	1
CSASIAASSYNEQFF	1
CSASTPSYEQYF	1
CSAWGGDAFF	1
CSAWDSNQPQHF	1
CSAWTGGLSIYGYTF	1
CSAYHGRALSDTQYF	1
CSAYTSGSSGVSYNEQFF	1
CSALTRVAEQYF	1
CSALPASGSYNEQFF	1
CSALRTGSYEQYF	1
CSALEQGREQYF	1
CSALRETTNEKLFF	1
CSALGPSGANVLTF	1
CSALKIGGTEAFF	1
CSALPGDTQYF	1
CSALGSGLGWQPQHF	1
CSAPPGGLETQYF	1
CSAPRLGGEHTGELFF	1
CSAPVVGRGSGRNNEQFF	1
CSAPVVGRGSGRNNEQYF	1
CSAPDPGTSSYDEQFF	1
CSAPILTSGDTQYF	1
CSAPTSGRAQDTQYF	1
CSAPTSGGSQYF	1
CSAPTQGALGN*PQHF	1
CSAPRGSSSLVEETQYF	1
CSAPFIGTNKGEQFF	1
CSAPLGLAGSRREQFF	1
CSAPPQAGGANEQFF	1
CSAPPSLGPSQETQFF	1
CSAPRRGRNTQYF	1
CSAPAAGTSSYNEQFF	1
CSAPGTNPYEQYF	1
CSAPDPGTSSYNEQFF	1
CSAPDISYEQYF	1
CSAPEAATYEQYF	1
CSAPELAGKNNEQFF	1
CSAPIGRGNTEAFF	1
CSAPKGTSRYNEQFF	1
CSAPRQGATDTQYF	1
CSAPDGLNTEAFF	1
CSAPDRGLGSYNEQFF	1
CSAPDRIHHKEQFF	1
CSAPDRSSSYNSPLHF	1
CSAPEDSYEQYF	1
CSAPRGTFNTF	1
CSAPPTGYNEQFF	1
CSAPRGAGQETQYF	1
CSAPRNNEQFF	1
CSAPGQGGNYGYTF	1
CSAPTSGNTDTQYF	1
CSARHSTNNEQFF	1
CSARPWGERTDTQYF	1
CSARAGPSAQPQHF	1
CSARLAGGPRNEQFF	1
CSARATGREQYF	1
CSARDRGTDTQYF	1
CSARTSGSQETQYF	1
CSARTGGTDTQYF	1
CSARRRQGRGYEQYF	1
CSARQDVISPLHF	1
CSAREDYYEQYF	1
CSARKLAGGPHEQFF	1
CSAHSQGWYGYTF	1
CSAHLAGASTDTQYF	1
CSAHITSQLAKNIQYF	1
CSAHTRLPNYGYTF	1
CSAHSTGRRTYNEQFF	1
CSAHLDGQNNEQFF	1
CSAHEVASYNEQFF	1
CSAQGDQGETQYF	1
CSAQSVISYNEQFF	1
CSAQGETRGNEQYF	1
CSAQGTGYESETQYF	1
CSAQDSARIQYF	1
CSAQTALAGWQETQYF	1
CSAVQTSGSSYNEQFF	1
CSAVGTGQETQYF	1
CSAVWTGGPYERYF	1
CSAVPTSGYTDTQYF	1
CSAVGTGGPYEQYF	1
CSAVTLELANYGYTF	1
CSAVLPEGKNEQYF	1
CSAVGPKSTDTQYF	1
CSAVTGGGTEAFF	1
CSAVRDSNYGYTF	1
CSAVQGAPYNSPLHF	1
CSAALDRGGTDTQYF	1
CSAAGTSGDYQETQYF	1
CSAAGTSGRRNTQYF	1
CSAALSAGITDTRYF	1
CSAAPTSSTNEKLFF	1
CSAAQGRSYEQYF	1
CSAGWQGYNEQFF	1
CSAGVARQPYEQYF	1
CSAGLGAGFRDTQYF	1
CSAGVTGGYGYTF	1
CSAGTGDQPQHF	1
CSAGKSGINEKLFF	1
CSAGQNTEAFF	1
CSAGGDRDIETQYF	1
CSAGGLRSGPYNEQFF	1
CSAGDLAGEQETQYF	1
CSAGDRGLEQFF	1
CSAGEGPYNEQFF	1
CSAGTSGRSYNEQFF	1
CSAGTSGGETQYF	1
CSAGTGYPYEQYF	1
CSAGKLAEYQETQYF	1
CSAGPGQTIAKNIQYF	1
CSAGPLSDTQYF	1
CSAGRLEQYF	1
CSAGRGGSYEQYF	1
CSAGVPGKNIQYF	1
CSAGTGSGEETQYF	1
CSAGRG_GETQYF	1
CSAGKGGLFYEQYF	1
CSAGKTGTGFREQYF	1
CSADRGDNQPQHF	1
CSADTGTDTQYF	1
CSADRGDSTDTQYF	1
CSADRTVSSYNEQFF	1
CSADAGVNYGYTF	1
CSAEWGTTDTQYF	1
CSAEPPSNAPTFYEQYF	1
CSAEDHLKGADTQYF	1
CSAETRLAGMSDTQYF	1
CSAILAGVRTDTQYF	1
CSAIDSAASYEQYF	1
CSAITRQGNNEQFF	1
CSAILGSSTDTQYF	1
CSAISQVLSYEQYF	1
CSAIPAGPSSYEQYF	1
CSAIRPSGNQETQYF	1
CSAISPGRRLYEQYF	1
CSAIRDQETQYF	1
CSAMPRGISGYTQYF	1
CSAMRTGLYEQYF	1
CSAMGQGGLRPQHF	1
CSAMDSAGKNQPQHF	1
CSAMIAGAVYNEQFF	1
CSAMKERLYGYTF	1
CSAISTSGRETQYF	1
CSAIPPSGTYNEQFF	1
CSAIPPTSYYYGYTF	1
CSAIRTGTAYTDTQYF	1
CSAIGSSYEQYF	1
CSAIGGKETQYF	1
CSAIDNPITGELFF	1
CSAINYGTGNNNEQFF	1
CSATSSNYGYTF	1
CSATLAGGTYEQYF	1
CSATGPYNEQYF	1
CSATD*RG_YSYNEQYF	1
CSATSGRGGSYNEQYF	1
CSATLGGNPYEQYF	1
CSATPLGTTNYGYTF	1
CSATPGTGNNEQFF	1
CSATRGSVVNEQFF	1
CSATQTGLETQYF	1
CSATGVGIRTDTQYF	1
CSATGTSDYNEQFF	1
CSATGNRGSDTQYF	1
CSATTGTKRE*LFF	1
CSATPGTNNEQFF	1
CSATPMDSIYEQYF	1
CSATDDESYEQYF	1
CSATDLINEQFF	1
CSATTGVSYGYTF	1
CSATQKSKDTQYF	1
CSATVGTDTQYF	1
CSATAGPYNEQYF	1
CSASFGAAGDQPQHF	1
CSASFGTGFPGYTF	1
CSASFRGRETQYF	1
CSASLALFNEQFF	1
CSASLRANTGELFF	1
CSASLAGAYDEQFF	1
CSASSLGDNEQFF	1
CSASCRLGQETQYF	1
CSASWGSNQPQHF	1
CSASYTNTEAFF	1
CSASLSGGSYNEQFF	1
CSASLAGGSYNEQFF	1
CSASLGGAYNEQYF	1
CSASLAGGVKEQFF	1
CSASLFTHNEQFF	1
CSASLFTHNEQYF	1
CSASPSQTQYF	1
CSASPSWQGGEQYF	1
CSASPLQGYHEKLFF	1
CSASPPTDTQYF	1
CSASPPGLQETQYF	1
CSASPPTGYGYTF	1
CSASPPGRDSTGELFF	1
CSASPASLQPQHF	1
CSASPNSGYEQFF	1
CSASPYSSGSTDTQYF	1
CSASPATTVSYEQYF	1
CSASPFRDRRSNQPQHF	1
CSASRQPNEQFF	1
CSASRGTGAYEQYF	1
CSASRYPNNEQYF	1
CSASRLVGNEQYF	1
CSASRGLAKNIQYF	1
CSASRGGRANEQFF	1
CSASRRGIDSPLHF	1
CSASRNSGLQETQYF	1
CSASRQGTALYGYTF	1
CSASHEVAKDTQYF	1
CSASQSGDQETQYF	1
CSASQTNQPQHF	1
CSASAGTGDTDTQYF	1
CSASGGQGAWNEQFF	1
CSASGDQGGEKLFF	1
CSASGILTSGFSYKQYF	1
CSASGPFPGNEQFF	1
CSASGDRLDEQYF	1
CSASGDRNTEAFF	1
CSASGTGAYEQYF	1
CSASDPYNEQFF	1
CSASDHEQFF	1
CSASDRFNYGHTF	1
CSASEGAAKNIQYF	1
CSASETSGPHNEQYF	1
CSASISGPSNEKLFF	1
CSASIQSGPTDTQYF	1
CSASRGNEQFF	1
CSASRGQREQYF	1
CSASRDSATGET*YF	1
CSASRDSATGETQDF	1
CSASRPGNAQETEYF	1
CSASNLEAQPQHF	1
CSASNPSGYGYTF	1
CSASNPGTNTQYF	1
CSASKVAGGRTDTQYF	1
CSASFTLWDREDNEQFF	1
CSASSLGGNTDTQYF	1
CSASSGGGYNEQFF	1
CSASSGLAGAYNEQFF	1
CSASYRGSGRAFEQFF	1
CSASLSLFPSYEQYF	1
CSASLEGIDTQYF	1
CSASLMRGIGGYTF	1
CSASPRAYEQYF	1
CSASPRTSGRGYEQYF	1
CSASPHPTGNNSPLHF	1
CSASPSDVIGEQFF	1
CSASPSDVISEQYF	1
CSASPLLSLAGVYEQYF	1
CSASPVDEGSTDTQYF	1
CSASPGTSEETQYF	1
CSASPGGRPYNEQFF	1
CSASPQGIYGYTF	1
CSASRAGDGYTF	1
CSASRGLAGNNEQFF	1
CSASQGGNQPQHF	1
CSASQGLYQETQYF	1
CSASVGSTEAFF	1
CSASVREQFF	1
CSASAFDSSYNEQYF	1
CSASGDGIYEQYF	1
CSASGASGGRLNTGELFF	1
CSASGGSYEQYF	1
CSASGGTNEQFF	1
CSASGGTNEQYF	1
CSASGGKETQYF	1
CSASGGDHEQYF	1
CSASGRTYYNEQFF	1
CSASGLAGAYEQYF	1
CSASGQANYEQYF	1
CSASGESSYNEQFF	1
CSASDPYNEQFF	1
CSASDSNQPQHF	1
CSASIFRNEQFF	1
CSASIREAFF	1
CSASSYNEQFF	1
CSASSGSYNEQFF	1
CSASRGLTHEQYF	1
CSASKSLGTDTQYF	1
CSARFSGYNEQFF	1
CSARFRDRGMAYEQYF	1
CSARFGTRAFF	1
CSARLNRGMNTEAFF	1
CSARLLAGGDTQYF	1
CSARSAWETQYF	1
CSARSATYGQGTQYF	1
CSARSDRGYEQYF	1
CSARWLLATNNSTGELFF	1
CSARWRTAYEQYF	1
CSAR*QASSYEQYF	1
CSARLGGVNEKLFF	1
CSARPLAGANNEQYF	1
CSARPSGGYNEQFF	1
CSARPLAGARNEQFF	1
CSARPLPSGTYNEQFF	1
CSARRLAGGKIPTDTQYF	1
CSARRITEAFF	1
CSARRRALFNEQFF	1
CSARQDRGQYF	1
CSARVSHRTYEQYF	1
CSARVRTGTYGYTF	1
CSARVFGIQTSGKYNEQFF	1
CSARASGTYEQYF	1
CSARGDSNQPQHF	1
CSARGDQPHTYEQYF	1
CSARGAIPQYF	1
CSARGGAYGYTF	1
CSARGSGGLNEQYF	1
CSARGGRTDTQYF	1
CSARGTSGKNEQFF	1
CSARGRNSNQPQHF	1
CSARGQGATEAFF	1
CSARGETPYEQYF	1
CSARDYQETQYF	1
CSARDAGVSTDTQYF	1
CSARDSPNEKLFF	1
CSAREMGRANGYTF	1
CSARESTEAFF	1
CSAREAGGYGNEQFF	1
CSARESTDTQYF	1
CSARILAGGMEQYF	1
CSARILAMFQETQYF	1
CSARITGNYGYTF	1
CSARMGAVETQYF	1
CSARIERGRFFQPQHF	1
CSARTSGRGAEQFF	1
CSARTGTEKPQYF	1
CSARSPTSGETQYF	1
CSARRDFSTNEKLFF	1
CSARRAGLARLSTDTQYF	1
CSARFLFNEQFF	1
CSARFGIGETQYF	1
CSARLRLAGGAYNEQFF	1
CSARLAGQDTQYF	1
CSARLMATDQETQYF	1
CSARSPNYGYTF	1
CSARSLAQPQHF	1
CSARSGLAGETQYF	1
CSARSAGNYEQYF	1
CSARSDYEQYF	1
CSARSPGSYEQYF	1
CSARSVPGQGYNEQFF	1
CSARWSDTQYF	1
CSARWVQGIYNEQFF	1
CSARWAGQGTLSYEQYF	1
CSARWGTSGRNEQYF	1
CSARYGLSNQPQHF	1
CSARYSSYEQYF	1
CSARLDGGGNQPQHF	1
CSARLLRNEQFF	1
CSARLACSTDTQYF	1
CSARLAGDTQYF	1
CSARPPGRGEQFF	1
CSARPATYEQYF	1
CSARPIQGIKDGYTF	1
CSARPSEQETQYF	1
CSARPFWGGSYEQYF	1
CSARPFRGSYEQYF	1
CSARPAFWGLRGYGYTF	1
CSARPKRLAGGPGSYNEQFF	1
CSARPGLRTDTQYF	1
CSARPTVSYEQYF	1
CSARPTEANEKLFF	1
CSARPRTDNQPQHF	1
CSARPSGVRNTEAFF	1
CSARPHRASKEQETQYF	1
CSARPAGGPNYNEQFF	1
CSARPISGTVPYNGMQFF	1
CSARPKVYRSTDTQYF	1
CSARRSGGDTQYF	1
CSARRVEGGLGNTEAFF	1
CSARRPAQETQYF	1
CSARRGGSSYNEPFF	1
CSARRNQGAGANVLTF	1
CSARRNEQFF	1
CSARRGQGSQPQHF	1
CSARHLREGQGWYGYTF	1
CSARQGNSNQPQHF	1
CSARQSGTHTNTQYF	1
CSARVLDGYTF	1
CSARVWGLAENNEQLF	1
CSARVLGQLGRDTQYF	1
CSARVPVEAGVNTGELFF	1
CSARVRAGPYEQYF	1
CSARVGTGGEGQPQHF	1
CSARVGGGEKLFF	1
CSARVDTASFYNEQFF	1
CSARVKG_STDTQYF	1
CSARVPGLDTQYF	1
CSARVPLAKNIQYF	1
CSARVRSSGANVLTF	1
CSARVVTSGSRDEQFF	1
CSARVARGITDTQYF	1
CSARVGTSTDTQYF	1
CSARVGGQETQYF	1
CSARVSGMVYEQYF	1
CSARVSGLDEQFF	1
CSARVLAGGDTQYF	1
CSARVGVDTQYF	1
CSARVGQTYGYTF	1
CSARVEGRAQETQYF	1
CSARVTAAKETQYF	1
CSARVTGGPNEQFF	1
CSARVFRKNTEAFF	1
CSARVSSTDTQYF	1
CSARVPLGTGNEQYF	1
CSARVPPGKRSYNEQFF	1
CSARVGRGVSQPQHF	1
CSARVTSGLGSEKLFF	1
CSARAYTYEQYF	1
CSARAPGTSGSGNEQYF	1
CSARARESYNEQFF	1
CSARATGTRSGYTF	1
CSARARRLAGGVNEQFF	1
CSARANPIGLAGAKYEQYF	1
CSARAPVGSHSYNEQFF	1
CSARARWQETQYF	1
CSARARGRGEQFF	1
CSARAHTPGTQYF	1
CSARAVLAGKISTDTQYF	1
CSARAAGRTDNSPLHF	1
CSARAGTSGWNEQFF	1
CSARAEGGWGYTF	1
CSARAFSPPSGSYNEQFF	1
CSARAYRGLGETQYF	1
CSARAAGSYNEQFF	1
CSARAGARVGEQFF	1
CSARAGAYTDTQYF	1
CSARAGGAGTEAFF	1
CSARAETSFSKNIQYF	1
CSARARGSESNEQYF	1
CSARAAGPSYEQYF	1
CSARGGVAGSDTQYF	1
CSARGLGQVGEQFF	1
CSARGLDLGTDTQYF	1
CSARGPGTGDLAKNIQYF	1
CSARGPGRVEADTQYF	1
CSARGGFGDTQYF	1
CSARGYENTDTQYF	1
CSARGPGSEQPQHF	1
CSARGGRGTDTQYF	1
CSARGTLNTEAFF	1
CSARGTGGFNEQYF	1
CSARGTGGLYGYTF	1
CSARGTTNYGYTF	1
CSARGRPGTLGIYEQYF	1
CSARGRDTYTDTQYF	1
CSARGPNTQYF	1
CSARGQGAGYGYTF	1
CSARGQGKRSGDGYTF	1
CSARGANYGYTF	1
CSARGGSRGVTDTQYF	1
CSARGGRDRDSSTDTQYF	1
CSARGITAEKAPDTQYF	1
CSARDLGGNQPQHF	1
CSARDLGTVNSPLHF	1
CSARDLTGLLDTQYF	1
CSARDLRQGLHEQFF	1
CSARDLETQYF	1
CSARDLSTSRNEQFF	1
CSARDSMWGEREQFF	1
CSARDSSGRNNEQFF	1
CSARDSRERVQPQHF	1
CSARDWREGQYNEQFF	1
CSARDYPHGYTF	1
CSARDYGTGVHGYTF	1
CSARDLQGASPTYEQYF	1
CSARDLASGTYEQYF	1
CSARDLRPEAESIQYF	1
CSARDLGNPSYNEQFF	1
CSARDLRAGTTDTQYF	1
CSARDLATITDTQYF	1
CSARDLG_IQETQYF	1
CSARDLKHTGTSGQETQYF	1
CSARDLLARNYEQYF	1
CSARDLIVGFTYEQYF	1
CSARDPLAGVGGETQYF	1
CSARDPSSYEQYF	1
CSARDPQGNEQFF	1
CSARDPRKSSYNEQYF	1
CSARDPWTPQNNEQFF	1
CSARDPLVAKNIQYF	1
CSARDPRGPYNEQFF	1
CSARDPRD*NAYEQYF	1
CSARDPQTGNTEAFF	1
CSARDPGAGPLDEQFF	1
CSARDPGLGNEKLFF	1
CSARDPRAELDTQYF	1
CSARDPWSNQETQYF	1
CSARDPREPQHF	1
CSARDPASGPYEQYF	1
CSARDPGGRINEQFF	1
CSARDPGSGRPYEQYF	1
CSARDPTGSLHF	1
CSARDPLGKSYEQYF	1
CSARDPGVAATGEQFF	1
CSARDPGGVETQFF	1
CSARDPSSTDTQYF	1
CSARDPKRSSYEQYF	1
CSARDRSGKFMNTEAFF	1
CSARDRGMFF	1
CSARDRGPTNYGYTF	1
CSARDHDRHTYEQYF	1
CSARDHGGYEQYF	1
CSARDQPAGARLIDNEQFF	1
CSARDQGRGMVAQYF	1
CSARDQGARVEKLFF	1
CSARDQESFYNEQFF	1
CSARDQTADTQYF	1
CSARDVRDAYGYTF	1
CSARDVNRNQIYGYTF	1
CSARDATGISSNEQYF	1
CSARDAGINYNEQYF	1
CSARDARIGGNTEAFF	1
CSARDGLGLAGDLAYNEQFF	1
CSARDGGRASYEQYF	1
CSARDGQILTDTQYF	1
CSARDGARAGSNQPQHF	1
CSARDGTFNSPLHF	1
CSARDGTGGNSPLHF	1
CSARDGTDHYEQYF	1
CSARDGGGALNVLTF	1
CSARDDGYGYTF	1
CSARDEGA_GGKSTQYF	1
CSARDIQREGREQFF	1
CSARDILAGGSDTQYF	1
CSARDIAGLGYF	1
CSARDITGFNYGYTF	1
CSARDTGRVNYEQYF	1
CSARDSGGQGGNEQYF	1
CSARDSGGVSGTQYF	1
CSARDSRESYEQYF	1
CSARDRRGSGANVLTF	1
CSARDRGGPVLYEQYF	1
CSARDRSRTGYGYTF	1
CSARDRLAGVSSYEQYF	1
CSARDRPSAQYF	1
CSARDNVRGGMNTQYF	1
CSARDNGAGRGTQYF	1
CSARDWTGVGDEQFF	1
CSARDYRAGGLEQFF	1
CSARDPRGYNEQFF	1
CSARDPEIAGIISYNEQFF	1
CSARDPGKERETQYF	1
CSARDRMYEQYF	1
CSARDQRKSSYNEQFF	1
CSARDQSGSYEQYF	1
CSARDVQGISYNEQFF	1
CSARDVTGSRGNQPQHF	1
CSARDASGNEQYF	1
CSARDALLGVLTF	1
CSARDATSGSTYIQYF	1
CSARDGLRTDTQYF	1
CSARDGETQYF	1
CSARDRGYNEQFF	1
CSARDRIYGYTF	1
CSARDKLTGSNEQFF	1
CSARESNYGYTF	1
CSAREWGTSGENTQYF	1
CSAREYLAPFSYERYF	1
CSAREPQGARQPQHF	1
CSAREPTSSYNEQFF	1
CSAREPGVITDTQYF	1
CSARERREVGKITDTQYF	1
CSAREVTTNEQFF	1
CSAREAPWGYEQYF	1
CSAREAVSYEQYF	1
CSAREGGKDLYEQYF	1
CSAREGRGSYNEQYF	1
CSAREGGREQYF	1
CSAREMGTSGRYYNEQFF	1
CSARESARETQYF	1
CSARESVPGRASTDTQYF	1
CSARESAKQGRNEQYF	1
CSAREWDRNSYNEQFF	1
CSAREGGAGEKLFF	1
CSAREGRLKADTQYF	1
CSAREGDRVNSPLHF	1
CSAREDSGVESYEQYF	1
CSAREDHYEQYF	1
CSAREEDRVVNIQYF	1
CSAREITSGSYEQYF	1
CSARIFSDTQYF	1
CSARMPQGAWEQYF	1
CSARMGYEQYF	1
CSARTSPETQYF	1
CSARTGTSGRSYNEQFF	1
CSARTLNSNQPQHF	1
CSARTASGGVYTQYF	1
CSARTIMSGVAHSADTQYF	1
CSARTGGPYEQYF	1
CSARTGGGYEQYF	1
CSARSSGTGNYGYTF	1
CSARSQGFSTDTLYF	1
CSARSDRASNEQFF	1
CSARSTKRGSYEQYF	1
CSARRQPPYEQYF	1
CSARRGGQVLGDTQYF	1
CSARRGLYEKLFF	1
CSARRIYEQYF	1
CSARRTGDNEQFF	1
CSARRLANKQFF	1
CSARRPSEQFF	1
CSARRQLYEQYF	1
CSARRGANTGELFF	1
CSARNRQGTTYEQYF	1
CSARNFREGTYNEQFF	1
CSARNYRGKGYEQYF	1
CSARNRDSSNNEQYF	1
CSARKGQDQPQHF	1
CSARKRYNEQYF	1
CSARKAGLDHNEQFF	1
CSARKEGDEQYF	1
CSANPTAGTNYGYTF	1
CSANQGSTGEQFF	1
CSANVRGNRDSPLHF	1
CSANPIAADYNEQFF	1
CSANRGLNEQYF	1
CSANHRAVNSYEQYF	1
CSANQGEGVEKLFF	1
CSANGDISYEQYF	1
CSANGGRNTGELFF	1
CSANNPSGRANYEQYF	1
CSAKLRGAEQYF	1
CSAKPGLARETQYF	1
CSAKGDGYNEQFF	1
CSAKEGWRTDTQYF	1
CSAKEPGQGNYNEQFF	1
CSAKTSGRVDEQFF	1
CSAKLRQEIQYF	1
CSAKPQGAWNSPLHF	1
CSAKQGAAKFYNEQYF	1
CSAKQGNHLSTDTQYF	1
CSAKATTVPDTQYF	1
CSAKGLAGTQYF	1
CSAKDAGVNYGYTF	1
CSAKDGDRGPTYEQYF	1
CSALAKNIQYF	1
CSALTDTQYF	1
CSALRTGISYEQYF	1
CSASNTREILRGYTF	1
CSASNRGVGTDTQYF	1
CSASRASEGSPLHF	1
CSASGRLAGLSTDEQFF	1
CSAYRLAGGYNEQFF	1
CSALRPPGQGEQYF	1
CSALTSGGTDTQYF	1
CSALTARTQYF	1
CSAPFGSPRDGEQYF	1
CSAPPLGRDEQYF	1
CSAPSGLTYEQYF	1
CSAPSGAYTDMQYF	1
CSAPSGRSGELFF	1
CSAPRCGTYQETQYF	1
CSAPSATGYNEQFF	1
CSAPLMVAGAGNEQFF	1
CSAPLQGRNPQYF	1
CSAPLGGDEQFF	1
CSAPRGGARSTDTQYF	1
CSAPHGEHYEQYF	1
CSAPQGASSYEQYF	1
CSAPKPNANYGYTF	1
CSAPKGIIVSDTQYF	1
CSAPSSGRQTYEQYF	1
CSAPHLDTEAFF	1
CSAPGLSYTDTQYF	1
CSAPGLAGVVGATDTQYF	1
CSAPTSGVVEQYF	1
CSAPTGRTDTQYF	1
CSAPTSSNEQFF	1
CSAPRGDETQYF	1
CSAPRRKPAKNIQYF	1
CSAPSGGLYGYTF	1
CSAPKQGAIYGYTF	1
CSARRTGVDEQYF	1
CSARTGASYNEQFF	1
CSARPGTVSYEQYF	1
CSARWADTQYF	1
CSARVGSGDSYNEQYF	1
CSARATETYNEQYF	1
CSARTGNVETQYF	1
CSARPLVSSTDTQYF	1
CSARQGADQPQHF	1
CSARRGPRADTQYF	1
CSAHISGIDNTQYF	1
CSAHMTGLEGGYTF	1
CSAHPGGQGTDTQYF	1
CSAHGQGGDEQFF	1
CSAHGQINYGYTF	1
CSAQGGGGPVSYNEQFF	1
CSAQEAGVEQFF	1
CSAQTGSSGANVLTF	1
CSAQSSLAGGTQYF	1
CSAQSSTTGKETQYF	1
CSAVRVNRGSNQPQHF	1
CSAATSLSATDTQYF	1
CSAATPGQVKNEQFF	1
CSAAGASYNEQFF	1
CSAAGLAEYEQYF	1
CSAATSGGVYEQYF	1
CSAALAAKSSQYF	1
CSAGRGSYEQYF	1
CSAGG_IEQYF	1
CSAGGEGPGYGYTF	1
CSAGPLSGGSYEQYF	1
CSAGQLTTGYEQYF	1
CSADTRYQPQHF	1
CSADSLTSGRETQYF	1
CSAEPHSSTNEKLFF	1
CSAEGTGIQPQHF	1
CSAELAGVNEQYF	1
CSAEHAGEGIYEQYF	1
CSAEQGTDTQYF	1
CSAEAMGISTDTQYF	1
CSAESGRAVNEQFF	1
CSAIYLGLAGPQRFNEQFF	1
CSAILLSGPTDTQYF	1
CSAIGPTSGPKADTQYF	1
CSATRDGSHELFF	1
CSATGQKYKETQYF	1
CSATATGGRTEAFF	1
CSATNEESYEQYF	1
CSATGVSYNEQYF	1
CSATSGVVETQYF	1
CSASISSYEQYF	1
CSASDRDNPSYNEQFF	1
CSARRMAYEQYF	1
CSARRTGGLNTEAFF	1
CSARQGAYEQYF	1
CSANLLTGSVHGYTF	1
CSANPFSLAGVVLTDEQFF	1
CSANKLAGEGVMTGEQFF	1
CSAKGGDASFEQYF	1
CSAKTSGGYYNEQFF	1
CSAKESKSGTNEQFF	1
CSAKTGGAYEQYF	1
CSAFSIAGGPQETQYF	1
CSALGSTYEQYF	1
CSAWGRGSSGANVLTF	1
CSAWGRSESPETQYF	1
CSALRGTSGYNEQFF	1
CSAPVAGLENEQFF	1
CSAPVAGLENEQYF	1
CSAPERSTPYNEQFF	1
CSAQRVGREKLFF	1
CSAVLAGLSYNEQFF	1
CSAGSSGFFSYNEQFF	1
CSAGGTSDYNEQYF	1
CSAGQGLGFQPQHF	1
CSAGAGGNTDTQYF	1
CSADSESDDIQYF	1
CSAERGSTDTQYF	1
CSAEEPNGKNIQYF	1
CSAEGTGGEKLFF	1
CSAMGQNYNEQFF	1
CSATTKGSSYNEQFF	1
CSATADHYGYTF	1
CSARTGGYGYTF	1
CSANQGMKLFF	1
CSANTGWPYEQYF	1
CSAKKVQNYNEQYF	1
CSASHRAKNIQYF	1
CSASDRATNEKLFF	1
CSAWTGNQPQHF	1
CSAPDTRTAYNEQFF	1
CSARGVDNSPLHF	1
CSAQRGGGTYEQYF	1
CSAQDGTFGTDTQYF	1
CSAALGRGGFEAFF	1
CSAAGTSGGKHEQFF	1
CSAAGTSGGKHEQYF	1
CSAAISGRRSSYEQYF	1
CSAGGDLTYEQYF	1
CSAGSAEAFF	1
CSADTGTSGRAYLNEQFF	1
CSADLARDTQYF	1
CSADPTGAYGYTF	1
CSATYNEQFF	1
CSATPFVGGSYNEQFF	1
CSATGQGHGVQYF	1
CSATSLAEGAGTDTQYF	1
CSATLVLSTDTQYF	1
CSASPGTGMNEQYF	1
CSARTGGSYGYTF	1
CSARNAGTGSTGELFF	1
CSARDWDSLSYEQYF	1
CSAKGQGDYEQYF	1
CSAKRPGLTYEQYF	1
CSGQREGEEQYF	1
CSGRGDSYNEQFF	1
CSGPPGQGMGNTEAFF	1
CSGVQGITEAFF	1
CSGAAGVSTDTQYF	1
CSGGRGDLPEQYF	1
CSGGEGPYNEQYF	1
CSGGMGYNEQYF	1
CSGDYLQETQYF	1
CSGTDQETQYF	1
CSGRTGRLNIQYF	1
CSGLRDSYEQYF	1
CSGLAGSTDTQYF	1
CSGREYEKLFF	1
CSGQGGSGANVLTF	1
CSDGRLGNEQFF	1
CSEGDPLDNEQFF	1
CSEGDPLDNEQYF	1
CSISGPTANSPLHF	1
CSTGTYEQYF	1
CSTRNAGGNNEQFF	1
CSTFRTSGNYEQFF	1
CSFAEQAYEQYF	1
CSSEGVGDTDTQYF	1
CSSAGVISSTDTQYF	1
CSSGPRADTQYF	1
CSYRDRNTEAFF	1
CSLGQDYGYTF	1
CSPIAGGNEQFF	1
CSPGGRNNGQFF	1
CSPGLADSDTQYF	1
CSPIPQGAYNEQFF	1
CSPGDANEQFF	1
CSPGIGYNEQFF	1
CSHQSELGGSYNEQFF	1
CSHGTSYNEQFF	1
CSHSRGERITDTQYF	1
CSHTGTASNEQFF	1
CSVLTGGGNQPQHF	1
CSVLRGSSYNEQYF	1
CSVSRGGTQYF	1
CSVSGSSNTGELFF	1
CSVSNNEKLFF	1
CSVYGTGWGTDTQYF	1
CSVYGGTGAYEQYF	1
CSVLRVGQRDGYTF	1
CSVLLPGRNYGYTF	1
CSVLPPWDRVGPEAFF	1
CSVLRLYQETQYF	1
CSVLGVYEQYF	1
CSVLTGTGIGGELFF	1
CSVPDTVETQYF	1
CSVPSDLVYGYTF	1
CSVPRQGYNEQFF	1
CSVPDARSDQPQHF	1
CSVPDRGETDTQYF	1
CSVRPGQGIGETQFF	1
CSVRPGQGIGETQYF	1
CSVRGFPNQPQHF	1
CSVRLAGVREQYF	1
CSVRHGPTDTQYF	1
CSVRIRTSPKGAFF	1
CSVHPGTSGTNEQFF	1
CSVHPGTSGTNEQYF	1
CSVHMNYGYTF	1
CSVQEDLSYEQYF	1
CSVQKRGGYEQYF	1
CSVVWVSSYNEQFF	1
CSVVLAGGPYTQYF	1
CSVVGTGGNYGYTF	1
CSVVGGLATNEKLFF	1
CSVVEQRAEQFF	1
CSVVIGETQYF	1
CSVVSGSSYNEQFF	1
CSVVRTGGAGNEQFF	1
CSVVWGVEQYF	1
CSVVLITGNEQFF	1
CSVVPASRNNEQFF	1
CSVVPGPYEQYF	1
CSVVVTGETQYF	1
CSVVGTSGGYNEQFF	1
CSVVEGETQYF	1
CSVVSRDNEQYF	1
CSVVKGGGTDTQYF	1
CSVVPTLAGESQYF	1
CSVVQDGRYEQYF	1
CSVVGLFDNEQFF	1
CSVVEGGNEQFF	1
CSVVELPGATVYF	1
CSVVWGSYEQYF	1
CSVVPHMRLGYNEQFF	1
CSVVPHMRLGYNEQYF	1
CSVVQAWEQYF	1
CSVVGASGSATEQFF	1
CSVVEGSGNQPQHF	1
CSVAHGGSYNEQFF	1
CSVASSPNEQFF	1
CSVASVHNEQFF	1
CSVASGGDSYNEQYF	1
CSVAKTGNNQPQHF	1
CSVALRSYGYTF	1
CSVALSTVNTEAFF	1
CSVARGEQFF	1
CSVARGEQYF	1
CSVAGPDTQYF	1
CSVATRLQGSEAFF	1
CSVANNEQYF	1
CSVAWRLAGGRGQETQYF	1
CSVALDRDYGYTF	1
CSVAREETYGYTF	1
CSVAHRGRVGTEAFF	1
CSVAVAANEQYF	1
CSVAARLSTDTQYF	1
CSVAGAYEQYF	1
CSVAGLAGVQDTQYF	1
CSVAGQGQETQYF	1
CSVASSYNEQFF	1
CSVASGTYEQYF	1
CSVAPGDTQYF	1
CSVAGVDTQYF	1
CSVGFSNEQFF	1
CSVGYTAGSFTDTQYF	1
CSVGLGVNTEAFF	1
CSVGQMNTEAFF	1
CSVGGGTGYEQYF	1
CSVGSDRGYNEQFF	1
CSVGHPREPQHF	1
CSVGVDNEQYF	1
CSVGGLNEQFF	1
CSVGGTSYEQYF	1
CSVGMGSFYEQYF	1
CSVGTGTASNTEAFF	1
CSVGSSYEQYF	1
CSVGSEKLFF	1
CSVGRGPKGYNEQFF	1
CSVGSYNEQFF	1
CSVGSTGLGNEQYF	1
CSVGWLGAAEKLFF	1
CSVGQGNTYEQYF	1
CSVGVGTGEGYTF	1
CSVGAQGGSYYGYTF	1
CSVGAGGVEQYF	1
CSVGAGPRYGYTF	1
CSVGGYSNEQFF	1
CSVGGGSQPQHF	1
CSVGGDPDTQYF	1
CSVGTGPYTQYF	1
CSVGTGGSNQPQHF	1
CSVGNSYEQYF	1
CSVGSRGSEKLFF	1
CSVGSGDDNEQFF	1
CSVGSGLSDEQYF	1
CSVGPGGDTQYF	1
CSVGQGGPYEQYF	1
CSVGQITYNEQFF	1
CSVGAGASYEQYF	1
CSVGGV_RNIQYF	1
CSVGGGNQPQHF	1
CSVGGLAGDNEQFF	1
CSVGDRGGTNTEAFF	1
CSVDSGGPPNYGYTF	1
CSVDRGRRAEQFF	1
CSVDRTSGFSYNEQFF	1
CSVDRAETNEQFF	1
CSVDRDGQFF	1
CSVDHLTDNYGYTF	1
CSVDVGTSIGDTQYF	1
CSVDANEQFF	1
CSVDAGGVNYGYTF	1
CSVDGSTGELFF	1
CSVDGQGDEQYF	1
CSVDGLGNPYEQYF	1
CSVDGLAGGYNEQFF	1
CSVDEGTGGYTF	1
CSVDTGKGTDTQYF	1
CSVDTAGVYNEQYF	1
CSVDNTGIHGYTF	1
CSVDKAGGSYNEQFF	1
CSVDKAGGSYNEQYF	1
CSVDPLRLGGKTDTQYF	1
CSVDPGILNTEAFF	1
CSVDPDRGGYTF	1
CSVDRTDTQYF	1
CSVDRREDYNEQFF	1
CSVDGATTDTQYF	1
CSVDGADTQYF	1
CSVDTGGPRETQYF	1
CSVDSSSQETQYF	1
CSVDSTDTQYF	1
CSVDRGLENIQYF	1
CSVEFSRETQYF	1
CSVESGGWGETQYF	1
CSVELGFLEQYF	1
CSVEPLKGEQFF	1
CSVEPLKGEQYF	1
CSVEPRWETLYF	1
CSVEPG_GGGYTF	1
CSVERTGFTDTQYF	1
CSVEASQGRWHTDTQYF	1
CSVEARGMGEKLFF	1
CSVEAVGQINEQFF	1
CSVEAGGHGYTF	1
CSVEGPNYGYTF	1
CSVEGGLANVLTF	1
CSVEDRGYGYTF	1
CSVEEGGITDTQYF	1
CSVEIGAGANVLTF	1
CSVETGFNQPQHF	1
CSVETGHNSPLHF	1
CSVERAGLGDEQYF	1
CSVEWTLPYGEQFF	1
CSVEWSQETQYF	1
CSVELLGPYNEQFF	1
CSVELAGGFRDNEQFF	1
CSVEPPTSDSYNEQFF	1
CSVEPRTGYYEQYF	1
CSVEPFESRYGYTF	1
CSVEPDRDTQYF	1
CSVERDTYEQYF	1
CSVEQDYGYTF	1
CSVEVLEANYGYTF	1
CSVEVPGANVLTF	1
CSVEVPLTGNYEQYF	1
CSVEVGQGGAYEQYF	1
CSVEVTSPTSRGNEQFF	1
CSVEVGGRTYEQYF	1
CSVEVGLGDTQYF	1
CSVEVRGPGTSGANVLTF	1
CSVEVAGLTDTQYF	1
CSVEVGQGLYNEQYF	1
CSVEAHLGHRPYEQYF	1
CSVEAPGLAGETQYF	1
CSVEAGGYNEQFF	1
CSVEGGEDPSTDTRYF	1
CSVEGGSYNEQFF	1
CSVEGLAGTYNEQFF	1
CSVEGRGLTSYEQYF	1
CSVEGQVGYGYTF	1
CSVEGQGANYNEQFF	1
CSVEGATGIGAEAFF	1
CSVEGGGAKIYNEQYF	1
CSVEGGFQETQYF	1
CSVEGTAGTDTQYF	1
CSVEGVSGLAMFNEQFF	1
CSVEGVQLAGDEQFF	1
CSVEGVQLAGDEQYF	1
CSVEDSSGGMEQYF	1
CSVEDLSASGRDEQFF	1
CSVEDLRGRGTDTQYF	1
CSVEDLGFTPRGNQPQHF	1
CSVEDRGAGGMQYF	1
CSVEDRISGVYEQFF	1
CSVEDIETQYF	1
CSVEDTLAETYNEQFF	1
CSVEDPSRDEQFF	1
CSVEDPNGRGEQYF	1
CSVEDGRGVYEQYF	1
CSVEDNSRVEQFF	1
CSVEEGNRLSGANVLTF	1
CSVEEWEGQYF	1
CSVEEQVADTQYF	1
CSVEIGGAGTDTQYF	1
CSVEMAGGYGGYTF	1
CSVETGLQGTDTQYF	1
CSVETGGTYEQYF	1
CSVERRGLSYEQYF	1
CSVERQAVNEQFF	1
CSVERAGNGNEQFF	1
CSVERGSNNEQFF	1
CSVERGRSTDTQYF	1
CSVERDRSWGEQFF	1
CSVERTAETQYF	1
CSVENRQKGDEQYF	1
CSVENGDEQFF	1
CSVEKTAGWGDYGYTF	1
CSVIQGYTQYF	1
CSVITGTGVYYEQYF	1
CSVTRDNGAYEQYF	1
CSVTDRVNTEAFF	1
CSVTTGGSYEQYF	1
CSVTGQC_PDTQYF	1
CSVTNNEKLFF	1
CSVTGGKETQYF	1
CSVTGEGLYEQYF	1
CSVNGQGVYNEQFF	1
CSVNDRGEGDTQYF	1
CSVNTDSPYNEQFF	1
CSVKRGFSTDTQYF	1
CSVKDTTGANQPQHF	1
CSVFWGASNRIQYF	1
CSVSSVHNELFF	1
CSVSSSYNEQFF	1
CSVSGRGAFF	1
CSVSTGKSYEQYF	1
CSVLPGGLHEQFF	1
CSVLLAGNLYEQYF	1
CSVPLTGTKETQYF	1
CSVPRGPTDTQYF	1
CSVPAFF	1
CSVRSGQLNYGYTF	1
CSVRQGEQPQHF	1
CSVRQGANEQYF	1
CSVRQGRGEQFF	1
CSVQSDRRETQYF	1
CSVQQTMNTEAFF	1
CSVVGGATDTQYF	1
CSVVLDSYEQYF	1
CSVVGTSYSYEQYF	1
CSVVTMLNEKLFF	1
CSVARGRSE*FF	1
CSVALAGVGEQYF	1
CSVAAGQRSSYEQYF	1
CSVAGLVYNEQFF	1
CSVAERDSYEQYF	1
CSVATGGGYEQYF	1
CSVASGTAYNEQYF	1
CSVAMTGNEQFF	1
CSVGTGGYNEQFF	1
CSVGRNYGYTF	1
CSVDTGETQYF	1
CSVDKTGAYNEQFF	1
CSVEGTTTGNTGELFF	1
CSVMSSYNSPLHF	1
CSVTGEAIGNQPQHF	1
CSVTTGTETQYF	1
CSVRQTLYEQYF	1
CSVNQGVMNTEAFF	1
CSVCGLAVDEQFF	1
CSVPPGTGGYNTQYF	1
CSVPDRGNTEAFF	1
CSVRTGGYGYTF	1
CSVVYYNEQFF	1
CSVAQGVNEQFF	1
CSVADSYEQYF	1
CSVATLRGAQEQYF	1
CSVGAPYEQYF	1
CSVGIQETQYF	1
CSVGTGHYQPQHF	1
CSVGQLTSYEQYF	1
CSVGQGVSGANVLTF	1
CSVGQTYEQYF	1
CSVGTTRDYGYTF	1
CSVESDRTYEQYF	1
CSVESQGRNIQYF	1
CSVTPTGGSGANVLTF	1
CSVTQGALAYEQYF	1
CSVTGVGETQYF	1
CSVRGSNQPQHF	1
CSVRGSGNTIYF	1
CSVRWDRSASYEQYF	1
CSVNDRAIYTEAFF	1
CSVKLGLERYEQYF	1
CSVYDPTVSYNEQFF	1
CSVLAGWEQYF	1
CSVPGGPGPYGYTF	1
CSVRIGGGRVEQFF	1
CSVVTVNNEQYF	1
CSVVGTDTQYF	1
CSVGVGGSSYEQYF	1
CSVGRQEGYNEQFF	1
CSVGQGSIETQYF	1
CSVGAPGANVLTF	1
CSVERQGFQETQYF	1
CSVETSGRVEQYF	1
CSVRPTGELEQYF	1
CSVKGQGDYGYTF	1
CSVKDRRDNEQFF	1
CSVKDRRDNEQYF	1
CSASSGRVETQYF	1
CSASTGQETQYF	1
CSALALLSCNEQFF	1
CSALALLSYNEQFF	1
CSAP*HRGAGKNIQYF	1
CSARTGRLNEKLFF	1
CSAGGLAETTQYF	1
CSAIQGNYGCTF	1
CSATASFTYGYTF	1
CSATGVNTYEQYF	1
CSASGREYEQYF	1
CSARWGNEQFF	1
CSAKMGGSMNTEAFF	1
CSALEGMKTQYF	1
CSASTTSGQETQYF	1
CSASQVSGGANVPTF	1
CSAYFYGYTF	1
CSAYWDRGRADTQYF	1
CSAYGPTGLNIQYF	1
CSAYGVTSLANYGYTF	1
CSALTDRYNEQFF	1
CSALTDRYNEQYF	1
CSALTG_HDEQYF	1
CSALGGGRSTDTQYF	1
CSAQNGGSLGYNEQFF	1
CSAQLAGGRYEQYF	1
CSAAPGVNERFF	1
CSAATGGNTEAFF	1
CSAGAQLETQYF	1
CSAGPGQGTQYF	1
CSAGGLAKNIQYF	1
CSAGTGTGITDTQYF	1
CSAGYSNIQYF	1
CSAGPSDTQYF	1
CSADPDQETQYF	1
CSAEETSGSRDEQFF	1
CSAETGTNTEAFF	1
CSAETGNYDGYTF	1
CSASFNTEQFF	1
CSARTSGGYEQYF	1
CSARKGLYNEQYF	1
CSANRADRRANYGYTF	1
CSANGRLETQYF	1
CSAVTTGDYTF	1
CSAGMRDEQFF	1
CSASPMTDTQYF	1
CSARLEAAEQYF	1
CSAHLGGTQPQHF	1
CSAVGQGGYEQYF	1
CSAVRYSTDTQYF	1
CSADRGYNEQFF	1
CSARTGGRETQYF	1
CSGQGGGGTEAFF	1
CSGDRGDTQYF	1
CSGSGQVSYNEQFF	1
CSGGQGINEQFF	1
CSGVTGSGELFF	1
CSGGYPDTQYF	1
CSGGPTGISNQPQHF	1
CSGGQQNTEAFF	1
CSGGQGTNYGYTF	1
CSGDRANTEAFF	1
CSGTGGRTTNEQFF	1
CSGSGDVTRYTQYF	1
CSGHRVVGSDTQYF	1
CSGQLQETQYF	1
CSGGHYTSGATDTQYF	1
CSDGDRNTEAFF	1
CSDERG_EGYTF	1
CSETRYGDNEQFF	1
CSTWGTEAFF	1
CSTPGQGLYGYTF	1
CSTEQFF	1
CSTSGRFTEAFF	1
CSTPSGSGGTDTQYF	1
CSTQGQGIETQYF	1
CSTPGQGGRETQYF	1
CSTARTGSPDTQYF	1
CRVTSSGEQFF	1
CRARQGQTEAFF	1
CRANRGSYNEQFF	1
CRGVNYNEQFF	1
CRVEIAGSDTQYF	1
CRVEIAGSDTQYF	1
CKPTRDNEQFF	1
WASSPPSDLTDTQYF	1
WSVEDGLGVGYTF	1
*ASSLWLSSDNEQFF	1
*ASRNDRAASPLHF	1
YASSPGWSQGNYEQYF	1
YASSPPVNHGFSYNEQFF	1
YARSLGGSGMEQFF	1
YASSLATGQGRFEAFF	1
YSARPPRGANYGYTF	1
YSVEEQLGGTGAPGRAFF	1
RAISDRQGVSYEQYF	1
RAISDQRGMTDTQYF	1
RAISFSNNEQFF	1
RATLRTGMTYNEQFF	1
RATSRDRRAGEAKNIQYF	1
RASSFQGYEQYF	1
RASSLLPTSGRGGTQYF	1
RASSLSRSGVQETQYF	1
RASSLTGKGYTF	1
RASSYLVFYEQYF	1
RASSKGPGETQYF	1
RASSLYEQFF	1
RASSPGTSGDTDTQYF	1
RASRCVLEQYF	1
RASRNWGDEQFF	1
RASRPEGVGQFF	1
RVSSHLAGDETQYF	1
RASSYSGSAQPQHF	1
RASSQGLAGGQFF	1
RSAQATNQPQHF	1
RSAMNSGPINEQFF	1
GASSPGLGSTDTQYF	1
GSAGDRNTEAFF	1
