amino_acid	templates
CASSFPIPDGNYGYTF	123
CASSQRQGNNEKLFF	61
CASSAGVNSPLHF	43
CASSPRGGENQPQHF	54
CASSHPGLAGGANQETQYF	82
CSVEGGDRGEAFF	42
CASSEKGPDEQFF	59
CASSLTRQGSGDTQYF	74
CASSLIGETQYF	64
CSATLAGRTYEQYF	62
CASSSFISGSGRMNPQHF	42
CASSVLGNEQFF	63
CASSSRRAGRAPGNEQFF	63
CASSLRPDSNQPQHF	46
CASSQDVLGEQYF	49
CASTLRRRNQPQHF	46
CASRDTAYEKLFF	25
CASLGQSTGELFF	51
CASSSTVLSYEQYF	53
CASSQDNQPQHF	29
CASSAGDNSPLHF	28
CSVDRGGSITDTQYF	37
CSACREGQSYEQYF	48
CSARWYRDYNEQFF	46
CASSDREVQPQHF	28
CSARDVDRDQETQYF	44
CASRKVINTGELFF	32
CASSPGVGSYEQYF	49
CSARDLAGNDRNEQFF	38
CASSSTTLAVSSYNEQFF	47
CSVNQQNTEAFF	21
CASSRGQGGMLTDTQYF	28
CASSLYTDGYTF	24
CSVEDPRSTGELFF	26
CASSFRGSVYEQYF	33
CASSHYSGYEQYF	32
CASSFSGLTYEQYF	35
CSARGQGDTEAFF	19
CASSRRTGNNEKLFF	18
CASSQWDNQPQHF	19
CATSDRDGESYNEQFF	29
CSARKPPAPRTGGIMNTEAFF	20
CASSAGTGGGYEQYF	26
CASSLGQGNQPQHF	22
CASSESKRLGFTGELFF	21
CASSPDQRPHSF	17
CASSLGPPRDDTQYF	24
CATSATTHTQYF	22
CAISVGTYEQYF	21
CSVLDRNTEAFF	14
CASSLIGNEQFF	26
CSARFSGRDYNEQFF	26
CASSLVTYEQYF	24
CASHRGQFGELFF	20
CSARAGTPQETQYF	22
CASSLAPTSGSTDTQYF	25
CPLFKTGEDSQPQHF	15
CASSQEASRPGGTQYF	22
CSVDTSGIQETQYF	21
CASSLIGNEQFF	22
CSALDGTLLEAFF	12
CASGDRDRHYNEQFF	19
CASSLSTFNRGTNEKLFF	12
CATSENLDYNEQFF	20
CASSEANTGELFF	17
CASSDFRESSEQFF	16
CSARDVAGELETQYF	19
CASRGENEKLFF	11
CATSDLDINEQFF	19
CASSFLLQTGELFF	16
CASSLWSDQPQHF	14
CASSQDQGGVGTGELFF	16
CASSKRGGDEQYF	21
CASSSPRTGENTEAFF	11
CASSYSTSGSTGELFF	16
CAITSGTGIPPGNTIYF	8
CASSRTGTTNYGYTF	10
CASSGTSGSTDTQYF	12
CASSAGEGGQPQHF	15
CAIRTGTGVYEQYF	13
CASSLSGSGTYEQYF	15
CASSGTDLAKNIQYF	12
CASSFKAGGTGELFF	20
CASSLGAAGRSGNTIYF	11
CATSVGGSKNIQYF	14
CASSRSLQGAEAFF	10
CASSLAEGGRGSPLHF	11
CASSWPGRNYGYTF	14
CASSKTQGNTEAFF	11
CASNPLGGKGSYEQYF	17
CASSQEPGGQGYEQYF	16
CASSDTSGGTDTQYF	11
CASSQPTSGGAPDTQYF	15
CSAPRQLDQPQHF	9
CASSLVNEQFF	13
CASSLMVVNTGELFF	17
CASSHLTGEKLFF	11
CASSYSARNTEAFF	7
CASSPRGERLTDTQYF	15
CATSDSTSGSMDTQYF	13
CASSSFGQGGEKLFF	10
CASSVAMTDTQYF	12
CASSDSDTGELFF	9
CASSGALLGAETYNEQFF	15
CAPTKPPSSLSLIRGEAFF	10
CAIAGGTNEKLFF	8
CATTLGTEAFF	8
CASSVGQTSTDTQYF	14
CSAREDRGNQPQHF	10
CASSIIGETQYF	13
CASSLIGNEQFF	13
CASSLTGPLQFF	12
CASSVIGNEQFF	14
CASSQTSGTYNEQFF	14
CASRHSGSQSSGGELFF	21
CASSLSFTTSYEQYF	14
CASSQGGVTDTQYF	13
CASSLETGGYGYTF	10
CASRGRANTGELFF	10
CASSPTEETNYGYTF	8
CAISESEEGHQPQHF	8
CASMGVGELFF	10
CASSGPTDTQYF	9
CASSDSGDLGNEQFF	13
CASSFQGGVSVGYTF	10
CASSVVAGGTDTQYF	8
CASSLEGAGELFF	12
CASSPYGDTQYF	9
CASSLSLGNTIYF	9
CASSAEAQETQYF	15
CASSRPTGDNEQFF	17
CASSFPGSSYNEQFF	12
CASSQEEPGLARYEQYF	11
CASSQRQGTYNEQFF	12
CASSFGGLAGSEQFF	12
CSAQLSSRLINQPQHF	9
CASSFLSDTQYF	12
CASSLVTGQETQYF	24
CSARHRDRGIAGELFF	11
CASSQDPLGETQYF	11
CSAIAGKATGELFF	8
CSAGVSRWGNQPQHF	8
CATSELQGETDTQYF	9
CAIRPGQGNYGYTF	6
CASSGTGKSLGEAFF	9
CAISVLFSYEQYF	10
CASSEANYGYTF	9
CAGSGPYNEQFF	12
CATSSGQRSPQYF	9
CASSFGERYTGELFF	11
CASSEQTSTGLEAFF	7
CASSANTVPGNTIYF	8
CASSELAGSTDTQYF	8
CAISEPSAGSNTGELFF	8
CASRQGQGLSPLHF	6
CSARQGDTEAFF	6
CSGDPPSEETLFSTSLKKPPTLNYEQYF	14
CASSFTGLAGVYNEQFF	13
CASSYGTPNTGELFF	11
CASSLIGETQYF	11
CASSGDPYGYTF	8
CASSLAQGRGLNTEAFF	7
CASKRGTGYTF	6
CASSRQDGNTEAFF	7
CASSATEGVGETQYF	11
CASSQDGSGGAVETQYF	9
CAIGQDTDTQYF	8
CSARTGRSEETQYF	13
CASSFSGISSYNEQFF	12
CASSLEGGNQPQHF	8
CASSLGQGSTAGNTIYF	7
CASSLAGGYGYTF	6
CASSNSVREQFF	9
CSATRPTGGNQPQHF	8
CASSEALGQGYEQYF	10
RASSFDRTVNTEAFF	5
CASSFPPIERDRSTRGYNEQFF	14
CASSPLPGLSGDEQYF	12
CASSQAETPPNQPQHF	6
CASTGLYGYTF	8
CASSGTGDVDEQYF	8
CASSLGTGFHQPQHF	8
CAIVRGYEQYF	7
CASSVSGGNTYEQYF	7
CATSDPGTVGNEQFF	9
CASSDQGHNEQFF	8
CAISWAPGDTEAFF	5
CASSLAGSSGNTIYF	5
CSAREKGVLNYGYTF	7
CASKRSQGNSPLHF	6
CASSQLAGESDTQYF	8
CASSSAPTSGEETQYF	9
CASSSPGLGGYEQYF	9
CSVVDPRGVYEQYF	8
CASSSISAPDTQYF	8
CASSQSGQGTPLHF	7
CASSLAGGGHQPQHF	6
CASETGAVNTEAFF	7
CSVEEEYSGNTIYF	5
CASSARLAETGELFF	8
CAISYSDVYNEQFF	9
CASTWGGPNEKLFF	6
RASSLSRGHNSPLHF	5
CASSLGQPGATPYYNEQFF	10
CSVEVAGGTYEQYF	8
CASRDRGLSEQFF	8
CSARAPGVSYNSPLHF	5
CATSIIRDKAYEQYF	8
CASSSRTGTEAFF	5
CASSNLNTEAFF	4
CSARDLNVGAYHGYTF	6
CASSLQETQYF	8
CASRETGDWAYGYTF	6
CASSEKDNTGELFF	5
CASSLYAGVASNEQFF	9
CASSLQSTDTQYF	8
CAISEHGELFF	6
CASRVRVGTGELFF	8
CASSSQEWGQPQHF	5
CASSLNPGPQNTEAFF	6
CAISESPGRGTDTQYF	7
CASSPRWDNQPQHF	7
CASSEVGQGASGYTF	8
CASSQPGDWVRSDGNQPQHF	6
CASSFGGINTGELFF	9
CSARLAGGLDEQFF	10
CASSLAVGLAGGRTDTQYF	9
CSARPPGRQPLEYSGNTIYF	5
CASSGLTGRGLGEQYF	9
CATSRDRVSPLHF	5
CSVVDSNSPLHF	4
CASSFRNSPLHF	6
CASSEGTGDTGELFF	6
CASSISGTGGSPLHF	5
CSVAGTGNYGYTF	4
CASSFTGTGESANEKLFF	6
CSAIRGNYGYTF	6
CASSFEETQYF	8
CASSGSGASWGNTGELFF	10
CSARGGTGEYQPQHF	6
CASSYSTDPDRGDQETQYF	10
CASSKTSASGTDTQYF	9
CASSLATDILYGYTF	7
CATSQGAFPGELFF	6
CASRGSSIMNTEAFF	6
CASSPGYDEQYF	10
CASRRTVVGNQPQHF	5
CATSREMGWNEQFF	6
CASSLDPGLNTEAFF	6
CASSLSGQPQHF	5
CASSSRSGTGGDQPQHF	5
CASSEDYNSPLHF	4
CSARDHGFGWLAGAINEQFF	10
CAISESGSTQETQYF	6
CASRGF	6
CASSSDEAGGPGTDTQYF	9
CACSRGARTGEQYF	7
CASSSAGTGGEKLFF	4
CASSLDPGDEQFF	8
CASSFGGASYGYTF	8
CASSLAVGGYGYTF	5
CASSLQGLAGVFDEQYF	10
CASSTQGGNSPLHF	5
CASSWGTEAFF	5
CSARGGHTEAFF	4
CASSYGAEQYF	7
CASSQGMEGGTEAFF	5
CASSGSTAGGFGSPLHF	4
CATSDEGAGLSADTQYF	6
CSARGMTSAKETQYF	6
CASSGTSRNQPQHF	5
CATSDGTGGYGYTF	4
CASSFRRGVELRQEANYGYTF	6
CASSQDTGQVTGELFF	5
CASSLASGTNTEAFF	4
CSAALQGNEQFF	8
CSARGGQVDQPQHF	4
CASSLFAGGGFEQYF	6
CASSLVLADTGELFF	6
CASSQDLGETETQYF	7
CASTKWDSPTEAFF	4
CASSQDTGEYNSPLHF	4
CASSFVLNTGELFF	7
CASTSGREAGELFF	5
CASSYRGSPLHF	4
CASSLVGAGTGQETQYF	13
CASSLGTGSYEQYF	7
CASSEGTGGSPLHF	3
CASSATPGQGTDTQYF	8
CASSLTGQFNSPLHF	5
CASSSGVSSGSWGNNEQFF	7
CASSQDFGGELLYEQYF	7
CSANRDRHTEAFF	5
CASSLRRRDYGYTF	4
CSARRAGAAYNEQFF	10
CASSFGLAGGGTQYF	8
CSARVLGASRGEQYF	9
CASSIGSSETQYF	8
CSAGLVGNEQFF	7
CASSDRDTGELFF	5
CASSSTDRGDTYEQYF	9
CASSQGESSYNEQFF	7
CATRDSTDTQYF	4
CASSFTPGQQETQYF	7
CASSLVSEQYF	6
CASSQGGQGEFEQYF	7
CAIRRQGKQYF	6
CASSYEGPNQPQHF	6
CASRSGTSANTQYF	9
CASSRTGDLYEQYF	7
CASSWDSYEQYF	6
CASSLWAKTGWDTEAFF	4
CASNPGPNYGYTF	4
CSVEGELGTEAFF	3
CASSSRGISTDTQYF	7
CASSQRTAFNEQFF	7
CASSAGPGQGFSETQYF	5
CASSYSDGSSSYNSPLHF	5
CSVELRIQETQYF	5
CASSPPGVNTEAFF	4
CASSLQGPSNTEAFF	4
CSAREQGEVWNYGYTF	4
CASSPTGAGADTQYF	6
CATSGLASPTDTQYF	5
CASSQGAFSYEQYF	7
CASSPEAGVSNQPQHF	5
CASSVSWTPNQPQHF	4
CASSSFNEQFF	8
CASSLGSSFYGYTF	5
CASSPVRWYTEAFF	4
CASSRTGSPLHF	4
CASSFVGLAGLQAQYF	10
CAISESKSLDSSYEQYF	5
CASSGNSGYYQPQHF	5
CASSNRGYEQYF	9
CASSLSAGYTYGYTF	8
CASSDRDNNEQFF	5
CASRQVEAFF	5
CASSQEPSGFGNTIYF	4
CATSVPGRAYNEQFF	5
CASSDWTVGNTEAFF	3
CASMTVEETQYF	7
CASSERDNEQFF	7
CSARPGQENQPQHF	5
CASSLEGANQPQHF	5
CASSQRTGGTDTQYF	8
CASSAGPYSNQPQHF	5
CASSYSLTGTEKLFF	3
CASSEVRGVAYEQYF	7
CSARDGDRVAYGYTF	3
CASSFPGSTQYF	8
CAISDPDLGTQYF	5
CASTEEGGYTEAFF	4
CASSISHAGETQYF	12
CASSPKRGGNEQFF	9
CATSDTHNEQFF	7
CASSLSGGTDTQYF	7
CSAPWGGRESSEQFF	7
CASSDAAGGPDEQFF	6
CASSLATSGNQPQHF	4
CANGQGNTGELFF	4
CSVGFSGNTIYF	3
CSVVLAGGSGANVLTF	17
CSARIDKDYEQYF	6
CASSEISLNTEAFF	4
CSVAAGTGNTEAFF	3
CASSQVFLAGGKEQSGELFF	7
CAISESGTAPFGTF	4
CASGISSGNTIYF	4
CASSDRNYTGELFF	4
CASSLGQDSSYEQYF	8
CASIGSEVEQFF	7
CASRRQGNYEQYF	6
CASSLERGTGRAFF	4
CASSRTDTQYF	6
CSARGLAAYNEQFF	6
CASSVRRVESNQPQHF	3
CASSRGGQGMGQPQHF	3
CASRDDPTDTQYF	4
RASTGLLQPQHF	3
CASSDSLSGPGNTGELFF	5
CSVVRGLAGYNEQFF	5
CASSVGNSPLHF	4
CASRDRGLAEAFF	3
CASSDWVAGGSINEKLFF	3
CASSPDEASTDTQYF	4
CSVRDSTEAFF	3
CASSVGRGEGYTF	9
CAIAGGSSYNEQFF	6
CASSSGQGLWNEQFF	6
CATSDLFLAGDSSEQFF	5
CASSPREGHTDTQYF	5
CASSGRTYGYTF	4
CSVGTDSGNTIYF	3
CASRTTGQETQYF	8
CSASDHLLAGVENEQFF	8
CATSDSLASGRAGYNEQFF	7
CASSLSGTGTSEQYF	6
CSASKEGASYNEQFF	6
CSAIKTSGGYEQYF	6
CASSRRTGNNEKLFF	3
CASSSDGGYTF	4
CASSPGANEKLFF	3
CASSVESGQGAWGNTIYF	3
CASSSGQGHEQYF	6
CASSFGRIQETQYF	5
CASSLEGRGGDYGYTF	4
CASSGQDTGELFF	3
CASSISREANTDTQYF	7
CAISQLYVETQYF	4
CATSDYGDTGELFF	4
CASAPQIYGYTF	4
CASSLKTELFF	4
CASSSGTPEGYGYTF	4
CASSQPAGAGGNTIYF	4
CASSQPVTGKNTEAFF	3
CASSEGGHRQASNQPQHF	4
CASTPDGNTEAFF	4
CASSEGFPNEKLFF	3
CASVGRGLTDTQYF	8
CASSLDSNYGYTF	4
CAISSPDRGSNQPQHF	3
CASKAVDGNTGELFF	8
CASSYLASRLYNEQFF	7
CSARHNTGDVQPQHF	5
CASSSEAVTSTDTQYF	4
CASSPSQGTEAFF	3
CASSRDMLHEKLFF	3
CSAREGTSGLWGGDTQYF	6
CASSLQGDTQYF	5
CASSYGTSDYNEQFF	5
CASSQGRPPNTEAFF	4
CATKGTGGDGYTF	3
CASSKVCTSGDQETQYF	6
CASSEGDTGELFF	4
CSVGTLEQFF	4
CSVEDPHGNQPQHF	3
CATTGGIGNTEAFF	2
CATSRDPGGGGDNEQFF	5
CASTPWSRQDYGYTF	5
CASRSGTGENSPLHF	5
CASSPPPGHAGNTIYF	4
CSVGPWGEAFF	3
CASSRNPEETQYF	11
CATSVGDRTEAFF	4
CASAVEYSYNEQFF	5
CASPGTEVKLSSYNEQFF	5
CASSLEAGGGPTDTQYF	5
CASSLNSGANTEAFF	4
CASRLNTEAFF	3
CASSPDWDYSPLHF	4
CASSLDRGHSPLHF	3
CASSLTGGAGNTIYF	3
CASVDSLNEKLFF	3
CASSPPGHQAFSGNTIYF	3
CASSQRPRDNDGYTF	3
CASSRTFTGELFF	5
CASSLEADTQYF	5
CSARLAGGQETQYF	5
CSARSGADYTDTQYF	5
CASSLVRGARFDEQFF	6
CRGAGGTGELFF	4
CASSLPDRGNSPLHF	2
CASSLSQGPGEQYF	6
CASSPTSGRVSEQFF	5
CASSERLAGAYNEQFF	4
CSARGTGSTDTQYF	4
CASSMTPDGGELFF	3
CASSADTFAALNTEAFF	3
CATSLVAEQETQYF	6
CSARPMDRDYEQYF	6
CATSDLRDTGELFF	5
CASSLDPLYSTDTQYF	4
CAISSGRLTGELFF	3
CASSLSPGPIGRPYGYTF	3
CASSLADSNTEAFF	3
CASSLGTGEGTEAFF	3
CASSRRLADIYGYTF	3
CASSGSTTGKDAEAFF	2
CASSPGSWETQYF	6
CATSLGHNTSTDTQYF	4
CASSDQAGGSTDTQYF	4
CASSLDRGNQPQHF	4
CASSYSEGVTEAFF	3
CASSHAVFRTGMNTEAFF	3
CSAPPGHLNSPLHF	3
CASSLGGTKYNEQFF	6
CASSYSGENTDTQYF	5
CASSMSGTSGRAGNYEQFF	5
CAIRGQGQETQYF	4
CASARDKEYGYTF	3
CASSMWGGISTDTQYF	3
CASDSGGYNEQFF	6
CASSFYEQYF	5
CASSLAGRGGELFF	5
CSASKPGQGERSKNIQYF	5
CASSTSGGSTYEQYF	4
CPYSRGPF	2
CASSQDRGTGNEKLFF	2
CASTLKGRGSSYNEQFF	8
CASSRLAQGRAAKNIQYF	5
CASSLLGFSRPNTEAFF	4
CASSGPGNTEAFF	3
CASSLDRGNEKLFF	3
CASSFTDTQYF	4
CASSDGTAKAFF	3
CASSDQGDPANSPLHF	3
CASSLNTGELFF	5
CSVADRDYGELFF	5
CASSFLSGSGTDTQYF	4
CASSPGSSTDTQYF	4
CASSLRDRVEQPQHF	3
CSARVQDYGYTF	3
CSVVPGTGAGEAFF	3
CASSLSWWGENTEAFF	2
CSARGPVKGPEAFF	2
CAISESGYEQYF	4
CASQSTSWTGELFF	4
CASSPQAANEQFF	6
CSARKVRLVEDNEQFF	6
CASSPGETTTGELFF	5
CASSLHTRGEQFF	5
CASSQDLVRQAQHF	4
CASSQVGLDKNIQYF	4
CASSLAQTGGISEAFF	3
CASSYSELQPQHF	3
CASSYSRGMDEKLFF	3
CASSPSDTEAFF	3
CSGLAGAPNTGELFF	3
CASRSQGARSEAFF	2
CASTRVRGLNTEAFF	1
CSAEGQGLSYEQYF	5
CAISEGANTGELFF	4
CASSLYSGGVIGELFF	4
CSALGRETQYF	4
CASSPRTSGTIGETQYF	9
CASSQAGGDYNEQFF	5
CASSLDGQLAKNIQYF	5
CASSPQLSTDTQYF	5
CASEQPFRPNEQFF	4
CASSHQTGEKLGYTF	4
CASSRPGHRVGDRGNTIYF	3
CSVATGGNTEAFF	2
CAISERWGDTYEQYF	5
CASSPISSWNTEAFF	4
CASNPSGVNTQYF	4
CASSGQGANTEAFF	4
CATSSGTGVNTEAFF	3
CASSLEGGAPYGYTF	3
CASSSYAGSNTEAFF	3
CASRTQGFNYGYTF	3
CASSEPGFGEAFF	2
CASSLGAGPQETQYF	5
CASSRPGGTDTQYF	5
CSARPGVPDYEQYF	4
CASSSGTGDTDTQYF	3
CASSDSTGDTGELFF	3
CAISESRTDDRRQPQHF	2
CATSQGGTGEKLFF	2
CASSDRVRGYTF	2
CASSKNLQMNTEAFF	2
CSARGGADSSYNEQFF	5
CAGGSSNTGELFF	3
CASSLADSNTEAFF	3
CASSPGLAGAKNIQYF	3
CASSLEGFGAFF	3
CASSVGPLDTIYF	3
CATSREGTGTGLAFF	2
CASSLRGGGYTF	2
CASSAGVYGDEQYF	5
CSARPASDWNEQFF	5
CASITLEGSYTF	3
CASSLGTANTEAFF	3
CASSQDGGEYSPLHF	3
CSVEDLPNGYTF	3
CASSLGGGEVDEQFF	5
RASSMVVETFFTDTQYF	5
CASSPALGGELFF	4
CASSKQRYSNQPQHF	3
CASSGTGVAQAFF	3
CASSEAGPNEKLFF	2
CASSLGASGSKLETQYF	11
CASSLPGREHDNEQFF	5
CASSLASHEQYF	4
CASSRGGNYGYTF	4
CSAREEREQYF	4
CASSLSEGFQRPQHF	3
CASSFENTEAFF	3
CASSYRGVNTEAFF	2
CASSLYRVGMNTEAFF	4
CASSLEGGAREAFF	3
CASSRPLDRDNSPLHF	3
CATSAGRPRSPLHF	2
CASSLGGSGSYNEQFF	7
CASSWPPGSSYNEQFF	6
CSARRDSFYQETQYF	5
CASSLTYQYEQYF	4
CSATRQNSYNEQFF	4
CASSFGLAEAFF	3
CASSLEGRQPQHF	3
CASSPGQQNTEAFF	3
CSASTGTDNSPLHF	3
CAISPRGSENTEAFF	2
CASSYSGNTEAFF	2
CASSDNYGYTF	2
CASSLDQGTDTQYF	5
CASSQTSLTGTDTQYF	4
CASIPTGTDTQYF	3
CASQDTGELFF	3
CASSWGQGRFPEAFF	3
CASSRLRANTEAFF	3
CAIYSGENTEAFF	2
CATSRESGANSPLHF	2
CASSLSGDPGNTIYF	2
CASSYRPGLAGGAEQFF	5
CASSLFGSTYEQYF	4
CASSAYEYGYTF	4
CASSNPPGGREPTDTQYF	4
CASSSGTSRTDTQYF	4
CSARDNGGWETQYF	4
CATIEGQGDTGELFF	3
CASGRGVTDTQYF	3
CASSESDTGELFF	3
CASSPTGELRNSPLHF	3
CAIAEGAEAFF	2
CASSSLRDSYSPLHF	2
CASGPLGTATSTDTQYF	7
CASSSTGQPQETQYF	5
CSARHSYEQYF	5
CASTLGGYGYQPQHF	4
CASSLGGDNSPLHF	4
CASSPLVDTQYF	4
CSARDLEGVVETQYF	4
CASSLNTEAFF	3
CASSLMRRGPGQPQHF	3
CASSQGVYGYTF	2
CSVSEDLYGYTF	2
CSGDRGGNTEAFF	2
CASSLVAGVINEQFF	6
CATTEGAYGEQFF	4
CASSFRTGRSSPLHF	4
CASSFGTHSPGELFF	4
CASSPGTVSYEQYF	4
CASSLFSRGHGYTF	3
CASSSLDRGQVYGYTF	3
CASRATGFDTEAFF	3
CSVDFLGTGELFF	3
CAISETLRDREGAFF	2
CASSLQQNTEAFF	2
CARTTNTEAFF	2
CSVAEGMDYGYTF	2
CASSPPPQGATQYF	4
CASSQEGQHTDTQYF	4
CASSLGGGESEAFF	3
CASSLLTEAFF	2
CASSWQGRAEAFF	2
CSATDNVEGVDYGYTF	2
CASSKTFHEQFF	6
CSIEGGGRNEQFF	6
CATSKQAGGYNEQFF	5
CASSLRTGGTDDQFF	5
CASSGLAGDYNEQFF	4
CASSVLSSYEQYF	4
CSARDTYNEQFF	4
CSANKLGPRMQETQYF	4
CAISDPLYTDTQYF	3
CAISEGLTGTGELFF	3
CASQITGELFF	3
CASSYTGTVDQPQHF	3
CASSEGRLGNQPQHF	3
CASSDFNQPQHF	3
CASEYGNNSPLHF	2
CASSPSRGVVSTEAFF	2
CASSVAGNGYTF	2
CASSVDALGQGYSPLHF	2
CASRKDRNNEKLFF	2
CASSQGPNEKLFF	2
CASSDSSGSTDTQYF	4
CASSAGPGTGYIQYF	4
CSVGGQFYEQYF	4
CSVGSPGQGHNEQFF	4
CASSQDQPKRVTEAFF	3
CASSTTGTGVWQPQHF	2
CASSYTEAFF	2
CSVRRGTSGNTIYF	2
CASSDLTGTGTYNEQFF	7
CASSEGTGGYNEQFF	6
CATSDFDRGAKAGELFF	5
CASSFVRTAPYEQYF	4
CASSVGTGEYNEQFF	4
CASSLAGFPRDKNIQYF	4
CAIRVSTGELFF	3
CASSFNRGGGYTF	3
CASSDSKSGGNEQFF	3
CASSLDTTDTQYF	3
CASKGGAGPFGAEAFF	3
CASSPGQNTEAFF	3
CAISETGGVNTEAFF	2
CASSSGGYTEAFF	2
CSASRGAFNEKLFF	2
CASSESGGGSAETQYF	4
CASSFGTSTYEQYF	4
CASSLETGTVVRPNPPPNTEAFF	4
CASSQPGLARYNEQFF	4
CSARRPAGQAYEQYF	4
CAISGTGVEETQYF	3
CASSFQGSTDTQYF	3
CASSPNGGWEKLFF	3
CASSQGSVGTGVYGYTF	3
CASSQVGRDTEAFF	2
CASRGLEAEAFF	2
CASSPRQGLTYNEQFF	5
CASSEDRGPSTEAFF	4
CASSLRPNSNQPQHF	3
CASRSLGQGSTEAFF	2
CASSLGLAGISEQFF	6
CASAGAGQNQPQHF	5
CASSERQVRGNEQFF	5
CASSEEEGTGNQPQHF	4
CASSSDSYNEQFF	4
CASSPLRLVTDTQYF	4
CASSLTHAGDTQYF	4
CSATGQGDYNEQFF	4
CASSPRPGDTGELFF	3
CASSQPYTF	3
CASSQVSTGELFF	3
CASRTGNTEAFF	3
CASSLALRTQLNTEAFF	3
CSARDVGREAGNTIYF	3
CSATPGHTEAFF	3
CASSLEKALKWGNTIYF	2
CASSQEPQGNYGYTF	2
CSVLVGAREKLFF	2
CSASSPYSGNTIYF	1
CASRRQASRDEQYF	5
CASSQAWAGGRGDTQYF	5
CASSYDREETQYF	4
CASSRPGDVSYNEQFF	4
CASRDDAGGELFF	3
CASRSSGATEAFF	3
CSARSFSGLDQYF	3
CASSPRSQKASPLHF	2
CASSLVGGGTEAFF	2
CASSSYQGSTLEAFF	2
CASSQAEFGKLFF	2
CSVTHDPNTEAFF	2
CSVAGTPGSPLHF	2
CSGGNTEAFF	2
CASSFRTHGANEQFF	6
CASSMRAGGSSYNEQFF	5
CASSGEGDTDTQYF	3
CASSLGRTNTEAFF	3
CASSPRQGREAFF	2
CASSPNRRGNSPLHF	2
CARRGNEAFF	2
CASSLLREGNTEAFF	1
CASSLVAGEGYNEQFF	6
CASSLLQETQYF	5
CAISPGLGGSGETQYF	4
CATNSGGGGVQQFF	4
CASSPHYGQGESPLHF	4
CASSLGPGGGDYGYTF	4
CASRDTDTGELFF	4
CSARDLGGASETQYF	4
CSVGRQHNEQFF	4
CASSPTSMNTEAFF	3
CASSQGGWNSPLHF	3
CASSEGAAPTDTQYF	3
CASSLDLGNEQFF	3
CASRGRAYGYTF	3
CASRKGDTGELFF	3
CSARDVGGSYGYTF	3
RANPRMRGLNHYEQYF	3
CASIPFVGPRPGDRSGNTIYF	2
CASSFNRDSGYTF	2
CASSSASGGEKLFF	2
CASSLDYQVLHTEAFF	2
CASSLDVNRGRKLFF	2
CASSSDRPSGYTF	2
CASSPTRGIYQPQHF	2
CASSPGTANTEAFF	2
CAVRGHPNTEAFF	2
CASFPDRGSEKLFF	2
CSAGGETEAFF	2
CASRWMGAASSGANVLTF	12
CASSPQGGGYYEQYF	5
CASSLDLATSAPDTQYF	4
CATSDGGFTTGELFF	3
CASSLEGLVTEAFF	3
CASSPRGGDTEAFF	3
CASSRAAGIPDTQYF	3
CASSHFRVTGSNQPQHF	3
CASSQDLEGAAEQYF	3
CASSMGLAGVHGELFF	3
CASSLEQEAFF	3
CAIRRHMNTEAFF	2
CASSLSPNTEAFF	2
CASSPGTVNTEAFF	2
CASSLWDSSGNTIYF	2
CASSLGETQYF	5
CASSLAGEQYEQYF	5
CASIPGTSEVNEQFF	4
CASSLGSSTDTQYF	4
CASSSGPGGEQYF	4
CASRGREDTGELFF	4
CASRRGRGVGEETQYF	4
CASSSRDATNEKLFF	3
CASRGEYSNQPQHF	3
CASSDGVPIAEQYF	3
CASSSGQEGGIQYF	3
CSARDGSSYNSPLHF	3
CSARGREIDGYTF	3
CSVEDERDPYNEQFF	3
CAISDWTGYNSPLHF	2
CATQSPGEDGYTF	2
CATSDGQGRGYGYTF	2
CASSLSGTGIKQGAFF	2
CASSLAWGRDTEAFF	2
CASSYTGTLGDTIYF	2
CASSPGQGSTEAFF	2
CASSESFANTEAFF	2
CASSQGGRGNTEAFF	2
CATEGQGSAEAFF	1
CAIMGGLAEENTGELFF	3
CASSLGLSLHF	3
CASSDSDRTYYEQYF	3
CASSPVGALYEQFF	3
CASSLRPDSNQPQHF	3
CAISGDTYGYTF	2
CASMLQVPPRPQHF	2
CASSLEGTGIEKLFF	2
CASSQSGGPEAFF	2
CASRNPGQGNEKLFF	2
CASRFRDRGQGTEAFF	2
CSVALTLFYGYTF	2
CSVDHRFGTRNTEAFF	1
CASSTWWGGIPFF	6
CASSFLPGGTYEQYF	5
CASSPGQGISSTSNEQFF	5
CASTGRGGSSTTDTQYF	4
CSARPEARVQAGTQETQYF	4
CAISEGTSGGQTGELFF	3
CASSLQGNQPQHF	3
CASSKARPGLAGNEQFF	3
CASSLDGMNQPQHF	3
CSARHYGYTF	3
CSARDRRGAADTQYF	3
CASTVASIYGYTF	2
CASSLSPGMNTEAFF	2
CASSYQRQGAAGYTF	2
CASSLTTNTEAFF	2
CASSLIAAPDTQYF	2
CASSSTVLNSPLHF	2
CASSYPGVPGNTIYF	2
CASSNGRDGNTIYF	2
CAHRGGNQPQHF	1
CATSLTGEFGYTF	1
CASSPGQGAGLQETQYF	4
CASSVFPLRSSYNEQFF	4
CASSHGPTTDEQFF	4
CSARVGGYEQYF	4
CATRPSWGVTGELFF	3
CASTRTPQPPYEQYF	3
CASSGQGGMTTGELFF	3
CASSLPAGTQYF	3
CASSPPLNTEAFF	3
CASSQVGDNTGELFF	3
CSARWAGVLGTQYF	3
CATSTNRGMNTEAFF	2
CATSDPRLPEAFF	2
CASSLGANTEAFF	2
CASSSLGARSYGYTF	2
CASSLTGGSQPQHF	2
CASSRTANTEAFF	2
CASREGQGKTYSNQPQHF	2
CSVGGGNTEAFF	2
CSVPGQANYGYTF	2
CASSLVQGGDEQFF	7
CASSLGDRAKGTQYF	5
CASHAGTGSVKTQYF	4
CASSDSTNTGELFF	4
CASSESSGTYEQYF	4
CASSQAGLAPGELFF	4
CASMGTGSWSGYTF	3
CASFGVEVNSPLHF	3
CASSLEQAHPAAPVPLYGYTF	3
CASSLTPNGGSTDTQYF	3
CASRSRQGANNEQFF	3
CSGLATPADTQYF	3
CASSPLGPHGYTF	3
CSVLGQGDQPQHF	3
CSVPLWTGLREQYF	3
CSVVKGPRELFF	3
CASSRGRGEPLHF	2
CASSARGMENTIYF	2
CASSETADGNQPQHF	2
CASSLGLNTEAFF	2
CASSLYGERDEKLFF	2
CASSVGWVGMNTEAFF	2
CATQSGLAGSQETQYF	5
CASSFRAASGGFYNEQFF	5
CASSHTRRRITNTGELFF	4
CASSFRRQETQYF	4
CASSLGTGVNNEQFF	3
CASSEQGLTYEQYF	3
CASSPTGNTEAFF	3
CASSFGTGGGMETQYF	3
CASSLGHLSSYNSPLHF	3
CASSLTSSNTGELFF	3
CSVPRPPDRAGEQFF	3
CASRYSTGNEKLFF	2
CASSGPGQAAPLHF	2
CASSLPGLGRDGNTIYF	2
CASSSYLEAFF	2
CASSQDTSSGYTF	2
CSARDRRGTFYGYTF	2
CSASGGATEAFF	2
CSVVTGGNQPQHF	2
CSVAQKNNSPLHF	2
CASRPVGGSYEQYF	1
CASSLARLLERFYEQYF	5
CASSSTPPASGRYNEQFF	4
CASSRDRGGVGYF	4
CASSLAGPYEQYF	4
CASSLGIYEQYF	4
CASSYRDRHTDTQYF	4
CASSQEMEGSGEQFF	4
CASSSQPTSTDTQYF	4
CASSQVRGLEQFF	4
CASSQRGTALYEQYF	4
CAITAGGRYNEQFF	3
CATSDEPGLALDTQYF	3
CASTRGASTDTQYF	3
CASSDGDTGELFF	3
CASSFKYEQYF	3
CASSLGQGEGQETQYF	3
CASSQDRTAVSGELFF	3
CASSPGQGSVGNQPQHF	3
CASSNNRDKDSPLHF	3
CAISESGGQPQHF	2
CAISQDNSPLHF	2
CATSDSLTGNTIYF	2
CASSSSIRTEAFF	2
CASSSWDSSYNSPLHF	2
CASSFRTGGGYTF	2
CASSLALKGRKNTEAFF	2
CASNKGREYTEAFF	2
CASSLTGGDQPQHF	2
CSASLGQGHRQPQHF	2
CSVSMGETEAFF	2
CSVGEGANYGYTF	2
CSVEIPRNQPQHF	2
CSAKTAGTITNTEAFF	2
CASSLRDSMNTEAFF	4
CASSDGLAGDYNEQFF	4
CASSLTTGGLQHF	4
CASSRRQGGLEQYF	4
CSARGADRKETQYF	4
CSARERLRGGPETQYF	4
CSAKSLTTSGGPVETQYF	4
CASSVVGKTHGEQYF	3
CASSAHLAGGGDTQYF	3
CASSKKNEQYF	3
CSARDKRGRGSPLHF	3
CAISDKRESSPLHF	2
CASSSSTGGFQPQHF	2
CASSDTSGTGGMTGELFF	2
CASSLGIRVNTEAFF	2
CASSLGWARTGGEDYGYTF	2
CASSPYGGLEEKLFF	2
CASSHEDRVDTEAFF	2
CASSDSGRNEKLFF	2
CASRLNTEAFF	2
CASSPTGYNSPLHF	2
CASRVTGSTDTQYF	2
CASSFSSSGNTEAFF	1
CASSHQGTRHF	1
CASNQAGGKQETQYF	8
CASSDTSGPYNEQFF	5
CASSYTSGAYQETQYF	4
CAIENGNEQFF	3
CAISERASGRNEQFF	3
CASSLGGEQFF	3
CASSLGGVYGYTF	3
CASSSGVLTEAFF	3
CAISTGTGYGYTF	2
CATSRPGNEKLFF	2
CASSSDTKRSNQPQHF	2
CATQAPDRKNTEAFF	2
CASSQETRLTYGYTF	2
CASSLDNYGYTF	3
CASSLVSDPGELFF	3
CASSDLADPNNEQFF	3
CASSLWAGLGQPQHF	3
CSAPGGVGMDGYTF	3
CSARYTSGAGPETQYF	3
CSAREVLTSGGNIQYF	3
CAISARRAGDHSNYGYTF	2
CASSSGPIQAFF	2
CASSYQQGTRNTIYF	2
CASSYKRGGVDEKLFF	2
CASSDFDTTNYGYTF	2
CASSLGRRNQPQHF	2
CASSHQGSEAFF	2
CASSQRDRESHGYTF	2
CDLYGYTF	2
CASSRIVGPEAFF	2
CSVPGQGIAEAFF	2
CSARSREVEAFF	2
CASSLAWGGQETQYF	4
CASSPPYSGLALRSSYEQYF	4
CASSKRTSVADTQYF	4
CASSPPNTGELFF	3
CASSQDNRHSTDTQYF	3
CASSVGQGTTGELFF	3
CSVKFASTPYEQYF	3
CAGVGSGELFF	2
CAISEPRTGGGYTF	2
CATSAGGRGNTIYF	2
CASSLYPGGTEAFF	2
CASSLDGTGSSPLHF	2
CASSLMAGTQNTEAFF	2
CASSPNRANYGYTF	2
CASRGGGKDYYEQYF	2
CASSARPDDNTIYF	2
CSVHQNEHEKLFF	2
CASSPLGGLASTEAFF	1
CASSQKFAGLSNQPQHF	1
CSVGQIRNQPQHF	1
CASSPNNGREWPDTQYF	5
CASPGRGRWYF	4
CASSYLVHEQFF	4
CASSLAASGGPFLDTQYF	4
CASSVGGLSYNEQFF	4
CASSLGGQGGHEQYF	4
CASSWGRFSNQPQHF	3
CASSEEGAASGNEQFF	3
CAISSTETPYNSPLHF	2
CATSADSYGYTF	2
CASSFQSGGTEAFF	2
CASSLSPDALGQPQHF	2
CASSHTGGGSNQPQHF	2
CASSETGRNQPQHF	2
CASSWWTSGRMNEETQYF	2
CASSLDSPAAFF	2
CASSGLAGTEANEKLFF	2
CASKAGADTGELFF	2
CASSLAPGRDYGYTF	2
CASSLGLQDSPLHF	2
CASSSQGAGYTF	2
CASSISWTGEHNSPLHF	2
CSARQSPYGYTF	2
CSAADRNSGYTF	2
CASSYYGAGSYGYTF	1
CASSLGPGGEQYF	4
CASSPTTDTQYF	4
CASSHRQGSYNEQFF	4
CAWSVGSNQPQHF	3
CAISGLAGLTDTQYF	3
CAIRGGSEDTQYF	3
CASSLQSNYGYTF	3
CASSFFPSKTGNYEQYF	3
CASSLDRGSSYEQYF	3
CASSVAGASGRAFWGEQYF	3
CASSVNQGVAKNIQYF	3
CASSQDRWGGDTQYF	3
CSVVKAGGTDTQYF	3
CASSYNEQFF	2
CASSPIRGPRNTEAFF	2
CASSAAGVGSPLHF	2
CASSFSRAYAEKLFF	2
CASSSVGRTWGTEAFF	2
CASSPPRGDNSPLHF	2
CASSPGTAERPQHF	2
CASIPTGGEAFF	2
CASSSAGLMNTEAFF	2
CASSRGQGTGYTF	2
CASSIRTGSNQPQHF	2
CSAWHTEGYGYTF	2
CSASMEAYNSPLHF	2
CSARGRGANYGYTF	2
CSARDLGGNQPQHF	2
CASSFGGTIPNEQFF	4
CASSPPGLGQYF	4
CASSLDPRGEQYF	4
CAISELLSTDTQYF	3
CATQKTGTPGDIQYF	3
CASSFLSRLAGGGTGELFF	3
CASSPGQLQNEETQYF	3
CASSLVPPEQFF	3
CASSRLAGRTDTQYF	3
CASSRGTSGSLYEQYF	3
CSARTRDPFYEQYF	3
CAIANPGPNQPQHF	2
CASSETGTLANYGYTF	2
CASSPGQGNTEAFF	2
CASSGQTNIQYF	2
CIHTCYTIYF	2
CASSFQVNTEAFF	2
CASSFGTPATNEKLFF	2
CASSLLMLEKLTEAFF	2
CASSLGQTSYNSPLHF	2
CSARVNTEAFF	2
CSARDPWTGLGSPLHF	2
CSAGTGSEKLFF	2
CSVGKGGSNQPQHF	2
CASSLGSPNTEAFF	1
CASSLTGLGNQPQHF	1
CASSLDSKDEQFF	4
CASSSDSDNEQFF	4
CASSPQGDTEAFF	3
CASSDGLATDTQYF	3
CASSSQGVLGETQYF	3
CSARIDRGEQFF	3
CASSPKPGYGYTF	2
CASSPRVTAEAFF	2
CASTSPGRQASPLHF	2
CASTEVRNTIYF	2
CASSPDRSTDTQYF	2
CASSLDWITDTQYF	2
CASSLASSQGGYGYTF	2
CASSLGNTEAFF	2
CASSLGGGTDTQYF	2
CASSLGGIGTGNTIYF	2
CASSYPPGQGATNEKLFF	2
CASSPPDRGSNQPQHF	2
CASSPQGSGNTIYF	2
CASSQGHFYGYTF	2
CASSVGGERYDGYTF	2
CASRRATNEKLFF	2
CASRGGVTGHKGHQPQHF	2
CASRLVPGQGASGYTF	2
CASSLRQDLAEAFF	2
CASSPGPAGNNSPLHF	2
CASSQVLPGQPLLYGYTF	2
CSARPTGEAFF	2
CSVAGSKRSNQPQHF	2
CATSDYRTSNVYNEQFF	4
CASSTQYPLAGGNNEQFF	4
CASSLVDREESYEQYF	4
CASSSDSYNEQFF	4
CASSLSSIYSNQPQHF	3
CASSQETGGPYEQYF	3
CASSQDGTRAPEQFF	3
CSARAGTLTGELFF	3
CAIGRAENQPQHF	2
CAISYRGSTDTQYF	2
CASSLTAQPNQPQHF	2
CASSPGSSGNTIYF	2
CASSISWDVGRYGYTF	2
CASSTSVGGYTF	2
CASSEVFSGNTGELFF	2
CASSNGITEKLFF	2
CASRQEPSSGNTIYF	2
CSAAYNGLNQPQHF	2
CSVGSNQPQHF	2
CASSLDPSGRARTYEQYF	1
CAWSLGTLGKNIQYF	6
CASRRLGQGGGYTF	4
CASSLIGSSGGFADTQYF	4
CASSLRDTQYF	4
CATSDFYEQYF	3
CATIPGRQNYGYTF	3
CASSFTGAHNEQFF	3
CASSYSSDTGELFF	3
CASSQEVVREVTDTQYF	3
CAISPGSNEAFF	2
CAISDPAGGGADTQYF	2
CAISESWGALHGYTF	2
CATSRSGDTTGDTQYF	2
CASIVQGAAEAFF	2
CASTLGQGRFEAFF	2
CASSLSTGELFF	2
CASSVRGTGDEKLFF	2
CASSFRQSNEKLFF	2
CASSFTGTNTEAFF	2
CASSLVAGDVSPLHF	2
CASSLGPSMTGTEAFF	2
CASSSSGGLLYEQYF	2
CASSWGQGPNQPQHF	2
CASSRDGAFQPQHF	2
CASSKDHGSPLHF	2
CASRRDGGNTIYF	2
CASSFDSNQPQHF	2
CASSLDHGSNQPQHF	2
CASSPGADSPLHF	2
CASSPGTVNTEAFF	2
CSASLPIGGNTEAFF	2
CSVVGQGGGYTF	2
CSVETAGPTDTQYF	2
CASSESAIWAGGDTGELFF	1
CAWGQGGGEQFF	4
CASSLTVANEQYF	4
CASSLNGGQDQQFF	4
CAISGLPDTDTQYF	3
CASSFSSTGLTDTQYF	3
CASSYSSGGVQPQHF	3
CASSLRGQGGQPQHF	3
CASSDGTDDNEQFF	3
CASSLGNTGELFF	3
CASSQEGVEETQYF	3
CSARGTSEATEQFF	3
CSPILAGGPTDTQYF	3
CATSDYLTSGELFF	2
CATRQGSNSPLHF	2
CASIGGANTEAFF	2
CASTKRAGQGDEKLFF	2
CASSWQGFPNQPQHF	2
CASSYSGSPLHF	2
CASSYGAQAFF	2
CASSLPPGVFNEKLFF	2
CASSGGIYGYTF	2
CASSLDIRGSNQPQHF	2
CASSLGGIGGNQPQHF	2
CASSPQPGGLNYGYTF	2
CASSQEEGGLVTLHF	2
CASSADRGDTGELFF	2
CASTEGNEAFF	2
CASSDRSTNEKLFF	2
CASSLGGRTNEKLFF	2
CASSLEGRTNEKLFF	2
CASSLIVGGEAFF	2
CASSEGGTGNYGYTF	2
CSASDSGTYTGELFF	2
CSVEYTGYDQPQHF	2
CASMPRSGTEAFF	1
CASSSEGGGPMDTQYF	5
CASSLPRTGRDEQYF	4
CATSVADSHTGELFF	3
CASIKTGGLYGYTF	3
CASSRTGTGTFVAFF	3
CASSELAGGYNEQFF	3
CASSLWAPSADNEQFF	3
CASSLDYLNEKLFF	3
CASSLSPQGRNSPLHF	3
CASSPQGASTDTQYF	3
CASSIAPVYNEQFF	3
CSASVAGDRGELFF	3
CSAYRLDNEQFF	3
CASSFWTGSNQPQHF	2
CASSFKVTEAFF	2
CASSLTDTQYF	2
CASSPSRNGGYTF	2
CASSRDRGNQPQHF	2
CASSRQGTNYGYTF	2
CASSTDGLGQPQHF	2
CASSLFPGNYGYTF	2
CASSLEVRARSGNTIYF	2
CASSRTGQREAGYGYTF	2
CSASAGGDSETQYF	2
CSASPTDIYNSPLHF	2
CSVVRGSNQPQHF	2
CAISGHDQNTEAFF	1
CASSYSAGGTEAFF	1
CASTQETQYF	4
CASSDSAGSVDTQYF	4
CASSLKGRDGVNEQFF	4
CASRSLQGANNEQFF	4
CASRQGAETQYF	4
CASRTGTSGETDTQYF	4
CSARDWRNYNEQFF	4
CATSQAGPSGGQFF	3
CASSPSSGHLTDTQYF	3
CASSLVFRTDVRETQYF	3
CASSPSLSSYNSPLHF	3
CASRQGGEQFF	3
CASMGGYISDTQYF	3
CASSFTLAGGTGELFF	3
CASSLSVTGDHGELFF	3
CASSLGVGDLITYEQYF	3
CASSQQSTDTQYF	3
CSASPGSTDTQYF	3
CAISYRGSTDTQYF	2
CATERNYGYTF	2
CASSLRDRGKGNQPQHF	2
CASSWGTANSPLHF	2
CASSYSEVSTDTQYF	2
CASSYSLPNTGELFF	2
CASSEEAGRNQPQHF	2
CASSLVVDNGGYTF	2
CASSSGGQPQHF	2
CASSQAVGGKDGYTF	2
CASRLWGNTEAFF	2
CASSLQSMNTEAFF	2
CASSQGRGMGDYGYTF	2
CASNLAGQGTEAFF	2
CSAPSPTGGYNQPQHF	2
CSAGRDRGLYGYTF	2
CSASPWNTGELFF	2
CSASGGRVTEAFF	2
CSAARDSPGELFF	2
CASSDLRTGMAFF	1
CSASRMEGGSPLHF	1
CSVEGQGNGYTF	1
CASSLRGNEQFF	4
CASSQPGLREGSSYEQYF	4
CAWSSTGNEQFF	3
CATSDLSSFNEQFF	3
CATSRDRAYGQPQHF	3
CASSLSGGRGYEQYF	3
CASSQDQGRIYEQYF	3
CSVGNVEQFF	3
CAETDSHNYGYTF	2
CAISATGFQETQYF	2
CAISESRGAGSYTDTQYF	2
CATSDRDTGELFF	2
CASLPREGLGIQYF	2
CASSLTGNTIYF	2
CASSSPPGNTIYF	2
CASSWSRPGTEAFF	2
CASSDWTGSYEQYF	2
CASSLGQGLGQPQHF	2
CASSLEGGYTEAFF	2
CASSRESLSGNTIYF	2
CASSQENRRMNTEAFF	2
CASSKALRESPEKLFF	2
CASSLVWGGDNRENEKLFF	2
CASSSGGINQPQHF	2
CASSLRGTTEAFF	2
CASSRDRESYYGYTF	2
CASSQEGSGRQNYGYTF	2
CSAFKGKAEEAFF	2
CSASWVARRNTEAFF	2
CSANPYGYTF	2
CAISESGGSEAFF	1
CASSSDGEAFF	1
CASSLLTGEKGYGYTF	1
CASSKGRRGSRNSPLHF	1
CSVEGLLNTEAFF	1
CASSLPSAARNTEAFF	6
CASSPLSGTSGRNEQFF	4
CSVLAGGGGYEQYF	4
CASSPPTDHGNTIYF	3
CASKGDGETQYF	3
CASSSSYEQYF	3
CATGTDRSNQPQHF	2
CASRQGEVQPQHF	2
CASSLAGHGYNEQFF	2
CASSYSRGNTIYF	2
CASSHPAMGTDTQYF	2
CASSQRGGTDTQYF	2
CASSANKNTEAFF	2
CASSFQGRAEAFF	2
CASSLPAPGGPVEAFF	2
CASSLGTLDNSPLHF	2
CASSSQPNYGYTF	2
CASSSAPGQRFENSPLHF	2
CASSYDPGGMKTQYF	2
CASSLGVQANTEAFF	2
CASSQDPRGVETQYF	2
CASRPLDYGYTF	2
CASGDRDNSPLHF	2
CASSGTLLGGYTF	2
CASSLEGQGNTEAFF	2
CASSLEGSLYGYTF	2
CASSPTEGAPGYTF	2
CSAIVPGQGLNGYTF	2
CSARDPQISTGTHTEAFF	2
CSAPGRGTYGYTF	2
CSVEGSGGGTDTQYF	2
CATSRGGNTEAFF	1
CASSGRVDTEAFF	1
CASSNTGGQNTEAFF	1
CASSLGKAGGLTEAFF	1
CASSESGPNTEAFF	1
CAWTFDRANEQFF	4
CASSPLQTSGEQFF	4
CASSTGTSNEQFF	3
CASSPPRTDPSYNEQFF	3
CASSPQGSYEQFF	3
CASSSPPGNGYTF	3
CASSQDPPGFGDEQYF	3
CSAHRWGSTDTQYF	3
CSARGSSGNTDTQYF	3
CAISVKLTNTGELFF	2
CATSGGGQGINYGYTF	2
CATSGNSGQGAIYHQPQHF	2
CATSDPGAGEFGYTF	2
CATSEVGSGNQPQHF	2
CASSPRAGDYGYTF	2
CASSPRLTERNQPQHF	2
CASSAGTYGYTF	2
CASSGGGEADTQYF	2
CASSDKADSAGELFF	2
CASSLQWHGGYTF	2
CASSQGQGGDGKLFF	2
CASSETGQGGRPLHF	2
CASRTAEGTDTQYF	2
CASSLGQGTEAFF	2
CASSSITQDMNTEAFF	2
CASSQDREVGINEKLFF	2
CASSGGGDTEAFF	2
CSAPDRGNTEAFF	2
CSARGYRENSPLHF	2
CSAGGKGNQPQHF	2
CSTQPPGTRFTEAFF	2
CASMPQGTEAFF	1
CASSPGGGQPQHF	1
CASSVEVTDTQYF	1
CASSGTGGWETQYF	1
CASSKASDSSSGNTIYF	1
CSASTSLAEEMNTEAFF	1
CASSLSLPFGEQFF	5
CASGRPGELFF	3
CAWSVGHHTEAFF	3
CATSRDTSSETQYF	3
CASSFGGRPPNEQFF	3
CASSLASGTSYEQYF	3
CASSYTSSGGSYNEQFF	3
CASSLAGGPNIQYF	3
CASSQDPVSSYEQYF	3
CASSRRESSYEQYF	3
CSARQGVGEQYF	3
CASSFAGTKGAFF	2
CASSWDRANTEAFF	2
CASSYIPGDGYTF	2
CASSLGSHASNQPQHF	2
CASSLNTEAFF	2
CASSLQTGQADGYTF	2
CASSPGGAQPQHF	2
CASSPRTGELFF	2
CASSRTTGTAHNYGYTF	2
CASSVDTNIATNEKLFF	2
CARTPGTGYDGYTF	2
CASSDYEQYF	2
CSASPQHSNQPQHF	2
CAWRNPPGNTIYF	1
CATRLCGTGALGGPLHF	1
CASTQGGESTEAFF	1
CASSLYRPSSGNTIYF	1
CASSSRGTEVAGELFF	1
CASSLPGQGSPLHF	1
CASSQVAGASEAFF	1
CSVETRLTADSGNTIYF	1
CASGDVSEQYF	4
CASSLPPLKDRGQRGRFTDTQYF	4
CSARGTSDQETQYF	4
CAISKETGGGETQYF	3
CASSWWWTGGLGEQFF	3
CASSLSGIDYNEQFF	3
CASSLVMGVGSNNEQFF	3
CASSLASFGYEQYF	3
CASSLTLSSYNEQFF	3
CASSPYISYEQYF	3
CASSHGGQGSGELFF	3
CASRDIYDRAGTIYF	3
CASSLQGAPDTQYF	3
CASSPRGQGYTGELFF	3
CASSQGGLAGGSSYEQYF	3
CARGGIWRKGNQPQHF	3
CSARDQGREGDTQYF	3
CSAHPSYNEQFF	3
CAISSWTGTDTQYF	2
CASSFEGEKLFF	2
CASSLDRANSPLHF	2
CASSLDRGMNTEAFF	2
CASSYVNTGELFF	2
CASSDSPYQTAGDQPQHF	2
CASSESAELAGALGPSTDTQYF	2
CASSEANTGELFF	2
CASSFPQGLNTEAFF	2
CASSLLAMGGELFF	2
CASSLAWDSNQPQHF	2
CASSSSGTDTNSPLHF	2
CASSSQHTEAFF	2
CASSRRDRGDSPLHF	2
CASSVSWGFNTEAFF	2
CASLGTAVGYTF	2
CASSPEGVEKLFF	2
CASSLVTGTRNTEAFF	2
CASSLDVGNTEAFF	2
CASSSFGQPQHF	2
CASSSEGYYGYTF	2
CSADQGGEGTEAFF	2
CSARSGDQPQHF	2
CSAEITGTGFRNQPQHF	2
CSVPEGNTEAFF	2
CASSLVDRHSGNTIYF	1
CASSSGQTIYSNQPQHF	1
CASSSIGDSPLHF	1
CASKRGTEAFF	1
CASSLGHRNNEQFF	4
CASSYSGTGYEQYF	4
CASSQDIGLAREQYF	4
CASSRALADTPYEQFF	3
CASRFIAGGPDTQYF	3
CASRLTGVWDYGYTF	3
CASCPLTLTDTQYF	3
CASSTRDRVYNEQFF	3
CASTETPGVGQPQHF	2
CASSFGYSNEKLFF	2
CASSLGEKMKQPQHF	2
CASSSPPGELFF	2
CASSPPGHQNEKLFF	2
CASSGTSDPGELFF	2
CASSLVPAGVTGELFF	2
CASSLEQGGQPQHF	2
CASSLADQPQHF	2
CASSYRDRVMNTEAFF	2
CASSPIDSYEQYF	2
CASSFHGARALNTEAFF	2
CASSLARTGHYGYTF	2
CASSLGWGANQPQHF	2
CASSQAGDVGYGNQPQHF	2
CASSGDGNTEAFF	2
CASSERGPNTGELFF	2
CASSTPGTGGLMYTEAFF	2
CSVEAGNTEAFF	2
CSVEGWATDTQYF	2
RASSLLANTGELFF	2
CASQWTGAPNTEAFF	1
CASSLPGSWNTEAFF	1
CASSRRGRTEAFF	1
CASSPFRDSNSPLHF	1
CASSDGGWMNTEAFF	1
CASSFGDRANYGYTF	1
CSALQGVEIGELFF	1
CSARGLGSDLGYTF	1
CASSSLGAGGTQYF	4
CASNIQSRTGELFF	4
CASSLGGNNEQFF	4
CSARERGRGSSYNEQFF	4
CSVEDLRGARGFGHEQFF	4
CASSFSTDTQYF	3
CASSESLSYEQYF	3
CASSFRSGSSTDTQYF	3
CASSLGPGDLAYF	3
CASSYAGESYEQYF	3
CASSPSPDTQYF	3
CASSPDRNLYNEQFF	3
CASRNRGSSYEQYF	3
CASSPGLTISYEQYF	3
CASGDLRTQYF	3
CASSRDRGNQETQYF	3
CASKIGTLNTGELFF	3
CSASPISTGYNEQFF	3
CAASWGRGTDTQYF	2
CAITPQGGGTGELFF	2
CATGRTGNEQFF	2
CATGVRGVAGELFF	2
CATSREVGKGYTEAFF	2
CASSLGGQGTEAFF	2
CASSLSNQPQHF	2
CASSPSTGSGNTIYF	2
CASSFTTGTGGEKLFF	2
CASSLTSGMLSTIYF	2
CASSRLQGRAFF	2
CASSAQGLNEQFF	2
CASRFSDDNSPLHF	2
CASSPGGGYSNQPQHF	2
CASSRQEAQYF	2
CASSFQGADGYTF	2
CASSLGAGYPEAFF	2
CASSLDRFNSPLHF	2
CASSSFKGTANTEAFF	2
CASSLGQGLGTEAFF	2
CASSPKGAKDQPQHF	2
CASSQSPGELFF	2
CASSQVSQNFEAFF	2
CASSGQFMNTEAFF	2
CASSERVSDIYGYTF	2
CASRPVGSNQPQHF	2
CSAREGNQPQHF	2
CASGVGRFYGYTF	1
CASTLAGEIHF	1
CASKGTEAFF	1
CASSFGTGDEKLFF	1
CASSALGNTIYF	1
CATSENAGGRGTDTQYF	3
CASSLEFGNTIYF	3
CASSEVEHSPKRGDEQFF	3
CASSLAREAEQFF	3
CASSLRGLVSTDTQYF	3
CASSSWWGGDGNQPQHF	3
CASSQRGLAGVKNIQYF	3
CSPTTQETQYF	3
CSAPGTGDHQPQHF	3
CSARDRGYEQYF	3
CATRGGSGYTF	2
CASGRGTEAFF	2
CASTQGQGWTEAFF	2
CASSLTVNYGYTF	2
CASSLFRDTGELFF	2
CASSLLGELTEAFF	2
CASSYVFGREVRNQPQHF	2
CASSLTGQPNQPQHF	2
CASSPSRGVDCTF	2
CASSDASGTGELFF	2
CASSTGNYGYTF	2
CASSSGRNYGGYTF	2
CASSLGSYEQYF	2
CASSLEQDSSTGELFF	2
CASSLESPFAGYTF	2
CASSPSVANTEAFF	2
CASSPPLNTGELFF	2
CASSPIRGREEKLFF	2
CASSPDRGYGYTF	2
CASSQRPGDQPQHF	2
CASSQDPGTNEKLFF	2
CASREGSHNSPLHF	2
CASRGVRAGELFF	2
CASSLWSGRGEKLFF	2
CASSLQSTYGYTF	2
CASSLVPDRNTEAFF	2
CASSLDSNQPQHF	2
CASSLNSAGNTEAFF	2
CASSLNEADGLHF	2
CASSLGANQPQHF	2
CASSSEGGAFF	2
CASSLEVAGSGNTIYF	2
CASSPSTGQPQHF	2
CASSPGQGYGYTF	2
CASSGGRGGYTF	2
CASSRVDTEAFF	2
CSASKGKLDGYTF	2
CAISATNTIYF	1
CATEGLSSGNTIYF	1
CATSDFPSTGELFF	1
CASSGGQGQPSGNTIYF	1
CASSLPGAGNTIYF	1
CASSVGGSQEKLFF	1
CASSGGHDGYTF	1
CASSQVGYTEAFF	1
CSVGAAGNTIYF	1
RASSSLGGNSPLHF	1
CASSLAQGANEQFF	4
CASSRPPQRGGAHEQYF	4
CASSLDQKKNEQFF	4
CASSFFAKETQYF	3
CASSQDSRQANEQFF	3
CSAGGWVAGRYEQYF	3
CAISGTRNEQYF	2
CAISGTSGSTGELFF	2
CAISDASGGWGTDTQYF	2
CAIRAEYNQPQHF	2
CASRSTQGRGGYTF	2
CASTPDRGGPRFGQPQHF	2
CASTETGYYEQYF	2
CASSLGQPQHF	2
CASSLSGWYSNQPQHF	2
CASSYRDRKYYGYTF	2
CASSDTSGSTDTQYF	2
CASSEQRGWESPLHF	2
CASSLDRDRLYGYTF	2
CASSLTPGLQDTQYF	2
CASSLEDTNYGYTF	2
CASSLEGARYTF	2
CASSPQGSYGYTF	2
CASNGQGENQPQHF	2
CANSFGSNTGELFF	2
CASGPGQFNYGYTF	2
CASSLAGQAYEQYF	2
CASSLGDRINQPQHF	2
CASSLNRDRANYGYTF	2
CASSSGDGTEAFF	2
CASSPRQEVTEAFF	2
CASSQRSDTRHQPQHF	2
CASSQVEGNYGYTF	2
CSASLPGTGLGYGYTF	2
CSAREGDVFSPLHF	2
CAWATRNTEAFF	1
CAISGTGIYQPQHF	1
CAISEGMGRNEKLFF	1
CATSARRGEELFF	1
CASSCAPGAGNTIYF	1
CASSYSGEAFF	1
CASSESGFQPQHF	1
CASSLWMQGASEKLFF	1
CASSLVLGTDPGNTIYF	1
CASSLGRGGDTEAFF	1
CASSSEAFF	1
CASSLGTMGHTIYF	1
CASSQVPSVGNTIYF	1
CASSVQGANYGYTF	1
CSAVDRGRTEAFF	1
CSVLPRGSGTEAFF	1
CATRTVTDTQYF	4
CASTLTYNEQFF	4
CASSHTDTQYF	4
CASIGARSSYNEQFF	3
CASTREGATYEQYF	3
CASSFGPPPYEQYF	3
CASSLAIDRLFNTQYF	3
CASSQAGGNEQFF	3
CASSLATSELSTDTQYF	3
CASRQANTGELFF	3
CSAKSPGVEAETQYF	3
RASSQYTDTQYF	3
CAVNVADTQYF	2
CAISAGTGITGELFF	2
CATSSGNQPQHF	2
CASLPRGLQNSPLHF	2
CASARGETQYF	2
CASATQGAYNSPLHF	2
CASSFGQGEGMNTEAFF	2
CASSYSRIDTQYF	2
CASSPGGATNEKLFF	2
CASSELAIDTGELFF	2
CASSLKYNQPQHF	2
CASSSMLDYTF	2
CASSSRHGEGNTQYF	2
CASSYGINTEAFF	2
CASSLLPLDGYEAFF	2
CASSQQGDYGYTF	2
CASRRTGNYGYTF	2
CASTESKQGEQYF	2
CASSLGQGARNYGYTF	2
CASSLDRDTEAFF	2
CASSSDPGVYNSPLHF	2
CASSPGRGPGYTF	2
CASSPQGRGTEAFF	2
CASSRDREIQTEAFF	2
CASSQAGLPWYGYTF	2
CSASGVNQPQHF	2
CSARAGIGSTSYNSPLHF	2
CSVVSGAPYEQYF	2
RASRQGAEKLFF	2
CASSPTSSGNTIYF	1
CAWATGMNTEAFF	1
CAISVEGTEAFF	1
CASGFRETEAFF	1
CASIPNGFISPLHF	1
CASSLGVSYNSPLHF	1
CASSYPTGKMYEAFF	1
CASSYASGTVNTEAFF	1
CASSQAGGPREKLFF	1
CASSDRNGSPLHF	1
CASSFNRGTEAFF	1
CASSLVAGDNSPLHF	1
CASSLGVGSVNEKLFF	1
CASSLDSGTGGVEKLFF	1
CASSLDGWDGYTF	1
CASSQSEAMNTEAFF	1
CASSQEGQGGEKLFF	1
CASSGETGDTEAFF	1
CASSGGDRGTSPLHF	1
CASSTGNNQPQHF	1
CASRLRQGQAFF	1
CASKSDLEDNSPLHF	1
CASSESGAEAFF	1
CSVATGPNTEAFF	1
CASTRTGGPQETQYF	4
CASSRKTPGQGPYEQYF	4
CASLTAGPGTDTQYF	3
CASSLSASGLTNEQFF	3
CASSVGTASSYEQYF	3
CASSLGTSGSYTDTQYF	3
CASSSGTFQYTQYF	3
CASSRGDVTDTQYF	3
CASSQLAGGVNEQFF	3
CASSEGAGEQTQYF	3
CASSKDPGQGFTSNQPQHF	3
CASSPVPSQRGDTQYF	3
CSATETDTQYF	3
CAISESDDTQYF	2
CAISEGLDYTDTQYF	2
CAIRAGSYNEQFF	2
CATRSGQGDTGELFF	2
CATSDSSGYTF	2
CATSKGGASGELFF	2
CATRDRETGELFF	2
CASTQYRDRGEEKLFF	2
CASSFGRGFTEAFF	2
CASSLQGSDTQYF	2
CASSSLGNQPQHF	2
CASSSGSYGYTF	2
CASSPRDTDYGYTF	2
CASSKQGLNTEAFF	2
CASSLRYAGQPQHF	2
CASSLVSAGDGYTF	2
CASSLAMWNTEAFF	2
CASSSTGSYGYTF	2
CASSWGRGNEKLFF	2
CASSLTLSGNTIYF	2
CASSPGYTGELFF	2
CASSVKQGGNTEAFF	2
CASSATYGPKQFF	2
CASSGTGQRGNTIYF	2
CASSKPGSPYEQYF	2
CASSKVLAFIGSLTWELFF	2
CASRLRGTGKQYF	2
CASRRTGGSNQPQHF	2
CASSSGTENQPQHF	2
CASSESPANTEAFF	2
CASSFEGGGYGYTF	2
CASSLDGDTEAFF	2
CASSLDNYGYTF	2
CASSLGDEAFF	2
CASSPQGGEGQPQHF	2
CASSPQQGANYGYTF	2
CASSPGQKSPLHF	2
CASSPRTGKDGYTF	2
CSARDSNYGYTF	2
CSANPAGLENSPLHF	2
CSVVRQGGTGELFF	2
CAWSGQSGAYGYTF	1
CAISDFEGAKNIQYF	1
CAISGQANTEAFF	1
CASSLDGYSGNTIYF	1
CASSESGLGTEAFF	1
CASSEQGGEAFF	1
CASSKRLNTEAFF	1
CASSLHGLLMNTEAFF	1
CASSLGLIEKLFF	1
CASSLESGVGNTIYF	1
CASSLERVRREHPAFF	1
CASSSSRALGPQHF	1
CASSQGSLNYGYTF	1
CASSAESGNTIYF	1
CASSSRGSPLHF	1
CASKTLGTVNTEAFF	1
CARALFRTRDTEAFF	1
CSVEDRARMNTEAFF	1
CSVGDSEAFF	1
RASRNLKGRTGPHSATNEKLFF	1
CAWSVLGGAGTGELFF	4
CATSESLPGYEQYF	4
CASSLGYEQYF	3
CASSSLQAYTVPGELFF	3
CASSYSVIDTGELFF	3
CASSLATGGRSYEQYF	3
CASSLGTYEQYF	3
CASSLGSTDTQYF	3
CASSLIYVGRPYTDTQYF	3
CASSQDSGLPNEQFF	3
CAITGLAGADTQYF	2
CAISESAGDNEQFF	2
CAIRPPSQDTGELFF	2
CAIKGAGPSNADTQYF	2
CATVGQHTGELFF	2
CATGRGPQHF	2
CATSPEMVGTGHTGELFF	2
CATSAALITDTQYF	2
CASSLQGVGEKLFF	2
CASSGLAGGPDTQYF	2
CASSESGQGSHEQFF	2
CASSEGLADTDTQYF	2
CASSFKTTPLNQPQHF	2
CASSLVGANTEAFF	2
CASSLDLQGLMDGYTF	2
CASSLKPGLEQFF	2
CASSLRTSGYTGELFF	2
CASSLARGFLPQYF	2
CASSLKETQYF	2
CASSPHQGTEAFF	2
CASSHRSGIGQPQHF	2
CASSQVGEKGPQHF	2
CASSQDESVPYEQYF	2
CASSKPGGSEYF	2
CASRSRFTGELFF	2
CASSRSENTGELFF	2
CASSLDRGGYGYTF	2
CASSSGPNTDTQYF	2
CASSLGSGNQPQHF	2
CASSLETAGNTIYF	2
CASSPDLRNTIYF	2
CASSPQGDYSPLHF	2
CASSTDRGAFGF	2
CSASGSRTEAFF	2
CSARTGNQPQHF	2
CSARPGQGINYGYTF	2
CAWSIRTGPSRGYTF	1
CAWSNRDRGYRNTEAFF	1
CAISPGQGSMNTEAFF	1
CAISADIHPGVSF	1
CASITPRDRGNQPQHF	1
CASSLWEKLFF	1
CASSLGQGFEAFF	1
CASSYQGNQPQHF	1
CASSYQTEAFF	1
CASSPNRGLNYGYTF	1
CASSLMSSDTEAFF	1
CASSPDREGGYTF	1
CASSRLPPGVEKLFF	1
CASSRGNTEAFF	1
CASSEGRGGYTEAFF	1
CSARAVGRANQPQHF	1
CSVTTVTEAFF	1
CAMGGMGVKNIQYF	4
CASRWTDNNEQFF	4
CASSAGGLAGETQYF	3
CASSFGGPSYEQYF	3
CASSLRANHLTQETQYF	3
CASRGVSGELFF	3
CSARDYSSGEADTQYF	3
CSVGPGLAGGVTDTQYF	3
CAISERADTDTQYF	2
CAMSTSTDTQYF	2
CATSDPSGRAPYEQYF	2
CASVQRGTDTQYF	2
CASSFGLLGAFF	2
CASSSRGPNQPQHF	2
CASSSKRGQPQHF	2
CASSWEGSGWNTEAFF	2
CASSYLFPGQGGDEQFF	2
CASSPQGALSGYTF	2
CASSDKTGGYNEQFF	2
CASSFNPTVTFTEAFF	2
CASSFRHLTDTQYF	2
CASSLGASGRTGELFF	2
CASSLDGYGYTF	2
CASSSSLEQFF	2
CASSLSSSYNSPLHF	2
CASSRREADSPLHF	2
CASSQVREKLFF	2
CASSDTGTGDTGELFF	2
CASSIIGETQYF	2
CASSNAGLQRDTQYF	2
CASRRGAGELTEAFF	2
CASWDRYSYEQYF	2
CASSWSGDGYTF	2
CASSYGPRLTYNEQFF	2
CASSLHWTGVQPQHF	2
CASSPQLAGGYEQYF	2
CASSPGQGNEAFF	2
CASSQDPTGSNTEAFF	2
CASNDGSNYGYTF	2
CSAPFNQGYTF	2
CSAVAGPRNTQYF	2
CSANDQPQHF	2
CSANLPGRDTDTQYF	2
CSVDSRQGARRHYGYTF	2
RASSLASRNTGELFF	2
CAISERSGSSYEQYF	1
CAIRQNTEAFF	1
CASTPKTGSGNTIYF	1
CASSTRQGVGNQPQHF	1
CASRPYMNTEAFF	1
CASSLGAGERGYTF	1
CASSYSSWDTEKLFF	1
CASSEEGGPYTEAFF	1
CASSLSRTYSPLHF	1
CASSLLTDRINEKLFF	1
CASSLPGFGELFF	1
CASSLGGGSPLHF	1
CASSPGPTHQPQHF	1
CASSHPPQGGGGAQHF	1
CASSVGSSNYGYTF	1
CASSVSSYEGAEAFF	1
CASSTRAGLNYGYTF	1
CASSTRDRDEAFF	1
CANPVRQGGMNTEAFF	1
CASSQGWTGNQPQHF	1
CSATGGTNEKLFF	1
CSVVRTGLAFF	1
CSVEQGNGYTF	1
CSVEVGGRANEKLFF	1
CASSLSRGGYEQYF	3
CASSLGWESYEQYF	3
CASSWGDLSSANTGELFF	3
CASSLLSGRGETQYF	3
CASSRSGELFF	3
CASSQDGPAGGFNEQFF	3
CASRTQGGSGSYEQYF	3
CASSAYFNEQFF	3
CSAIPLETSYEQYF	3
CSVPAGGSTGELFF	3
CAWSRLAGGGDTQYF	2
CAISETLAGVYEQYF	2
CAISPGAFYGYTF	2
CATSREGRGTDTQYF	2
CASSLGKGKAFF	2
CASSLSFGQVYF	2
CASSLRGDTEAFF	2
CASSLNNRSGYTF	2
CASSSEGYNSPLHF	2
CASSSGELFF	2
CASSWGRVTEAFF	2
CASSDGESGGDTQYF	2
CASSFGGANRDTQYF	2
CASSFGSGPDTQYF	2
CASSLYLGSGNTIYF	2
CASSLGTKIYGYTF	2
CASSLGQNTGELFF	2
CASSLYNQPQHF	2
CASSLLDEPDTQYF	2
CASSLSWQGNTEAFF	2
CASSPQGVAVNEQFF	2
CASSPGLTDTQYF	2
CASSRQVSTDTQYF	2
CASSQDSAYGYTF	2
CASSVGGLAQETQYF	2
CASSKNGSNADTQYF	2
CASNVGRVDSPLHF	2
CASTGSMNTGELFF	2
CASSSGQGANTGELFF	2
CASSQNRQDYYEQYF	2
CASSLSASHNYGYTF	2
CASSLGGNSNQPQHF	2
CASSLGRYNPDSPLHF	2
CASSLGDRANTEAFF	2
CASSLTAYSNQPQHF	2
CASSSLTGTGKGPLHF	2
CASSPDGEASQPQHF	2
CSARRQGAGGTEAFF	2
CSVEPGNTEAFF	2
CSVEVQIQETQYF	2
CAWSSSNTGGPQHF	1
CAIAGSPGNSPLHF	1
CAISGVGEVTEAFF	1
CAISEQGLFYGYTF	1
CAIKGQENEKLFF	1
CASSDGDGNTEAFF	1
CASPPLHF	1
CASTQRDEKLFF	1
CASSLSGGWAFF	1
CASSLPRTRVEAFF	1
CASSSHLGGSEAFF	1
CASSSRQGGQPQHF	1
CASSYSEIQPQHF	1
CASSYSVLGSPGLLFYGYTF	1
CASSYGQGASEAFF	1
CASSDSIGGGTEAFF	1
CASSRGSGDSPLHF	1
CASSLGQWGNTEAFF	1
CASSLEAGPSGGYTF	1
CASSSGTGKAFF	1
CASSLQQGSNTEAFF	1
CASSHPRGGSGNTIYF	1
CASSQRRSNQPQHF	1
CASSQDFGGPYNSPLHF	1
CASSQDRGRLNTEAFF	1
CASSVAGTYNSPLHF	1
CASSARGRTEAFF	1
CASSEEQGATEAFF	1
CASSIEGARGYTF	1
CASRMPNQPQHF	1
CSVDRNTEAFF	1
CSVESSDFTDTQYF	1
CSVEPIQGNEKLFF	1
RASSLLIRGRTRNTIYF	1
RASSLGDAFF	1
CASRPRNRDRAYEQYF	4
CASTSGWGRGYEQYF	4
CASRDLQEEQYF	4
CASSMGPILAGAYNEQFF	4
CASFTEAGASYNEQFF	3
CASSLASASTDTQYF	3
CASRGGLVTDTQYF	3
CSARVWTSGGEQETQYF	3
CAIVTGQFLGNEQFF	2
CAISVGAGGYEQYF	2
CAISAGQGRTDTQYF	2
CATSEIGSSGSYEQYF	2
CASIPDVGTYEQYF	2
CASTDRVTDTQYF	2
CASSFRVMNTEAFF	2
CASSFKSGGSNQPQHF	2
CASSLRRVREKLFF	2
CASSLKRQYGYTF	2
CASSLTGGFGNTQYF	2
CASSYALAGGVNYEQYF	2
CASSDGTSYNEQFF	2
CASSLLLRGSPLHF	2
CASSLPEDRGAGAFF	2
CASSLGFYEQYF	2
CASSLSNTGELFF	2
CASSPRTSGTGELFF	2
CASSRYPSTGGIYEQYF	2
CASSHREGRAGELFF	2
CASKLAGGPFNEQFF	2
CASSPSFREQYF	2
CASSLENSNQPQHF	2
CASSLTGGTEAFF	2
CASSLRPDSNQPQHF	2
CASSPGQGYRNSPLHF	2
CASSQELAGGQPQHF	2
CASSTGQPNQPQHF	2
CAISDSLYNSPLHF	1
CATPLLIDRLVKQPQHF	1
CATGTRDSKGGYTF	1
CATSDGGNQPQHF	1
CATSFQEANEKLFF	1
CASGGEKLFF	1
CASEGNYGYTF	1
CASISPGANSPLHF	1
CASSYSVGMNTEAFF	1
CASSYAYANYGYTF	1
CASSYGQKGEKLFF	1
CASSTRTANSGNTIYF	1
CASSLVWDNTEAFF	1
CASSLTMNTEAFF	1
CASSLWLNTEAFF	1
CASSLAAGLINSNQPQHF	1
CASSPSTGQGSLPLHF	1
CASSPGTGRVTGNTIYF	1
CASSRGTGTGTYNSPLHF	1
CASSVVGRYTF	1
CASSAPGPEAFF	1
CASRLQTGARNTEAFF	1
CASRQGGFTEAFF	1
CASSGTKNTEAFF	1
CASSLSGSGNTIYF	1
CASSLAPDNTEAFF	1
CASSLGGLNTEAFF	1
CSAEPRQGGEKLFF	1
CSAILGEKLFF	1
CSVERLNTEAFF	1
RASSLQGASGDTEAFF	1
RASSLKKAGQGNSPLHF	1
CASSNPGLTQLWGYNEQFF	4
CASSLAASTPSGNTGELFF	4
CAISAGQGAGSEQYF	3
CASSLSLANPYEQYF	3
CASSSSYEQYF	3
CASSSGPGQGSYNEQFF	3
CASSLNTQPQHF	3
CASSFKRLRGNEQFF	3
CASSLGDVAGFYEQYF	3
CASSFDRWRGFEQYF	2
CAISSTASGDTQYF	2
CAISESPLNYGYTF	2
CAIQISRQASFNEQYF	2
CATLGQGAYEQYF	2
CATSDLEGQKLFF	2
CASGGYGAGSGDEQFF	2
CASTSHGNTEAFF	2
CASTDRGSSHTEAFF	2
CASSFITGELFF	2
CASSFTGTGNTIYF	2
CASSFPGTGVGNQPQHF	2
CASSLGGLDTGELFF	2
CASSWNTGELFF	2
CASSPHRGGFTGELFF	2
CASSQSGTGGDGYTF	2
CASSDRDRGLQETQYF	2
CASSLALAGGRPYNEQFF	2
CASSLVGAGMDTGELFF	2
CASSLGGWETNTGELFF	2
CASSLEVMAGGSDGYTF	2
CASSLEGKGGLAGARAGNIQYF	2
CASSLTYEQYF	2
CASSPRLDGGTQYF	2
CASSPAAYGYTF	2
CASSPADTQYF	2
CASSRSYGRNADTQYF	2
CASSQDAAGTEASTNEKLFF	2
CASSGGGDTQYF	2
CASRVGDRVGGNTIYF	2
CASREGPEAFF	2
CASRPESGDTEAFF	2
CASSLSGGSYNEQFF	2
CASSLGMNTEAFF	2
CASSSGTRHTGELFF	2
CASSPDRADEKLFF	2
CASSMAASGVDGYTF	2
CASSTGTGNEKLFF	2
CSAASGAPYNEQFF	2
CSARGDRGDTEAFF	2
CSARDVRTAGQPRSNQPQHF	2
CSARRGTGGYSNQPQHF	2
CSASDPNTGELFF	2
CSVVGGGEQETQYF	2
CSVGLVGSQETQYF	2
CSGTDNTEAFF	2
CAISEDRGGEKLFF	1
CATSDEGGHQHF	1
CATKWTGSNTEAFF	1
CASSIARGLNEKLFF	1
CASSSGRYNQPQHF	1
CASSYWGGNSPLHF	1
CASSYDRAYGYTF	1
CASSPSRGNSPLHF	1
CASSVTGPEAFF	1
CASSVEQGFSMNTEAFF	1
CASSAVRDREAFF	1
CASSTQGRLGAFF	1
CASSLSRGYLIEKLFF	1
CASSSPERARNTIYF	1
CASSYKTGTGFGYTF	1
CASSPLNRGYTEAFF	1
CASSRTGRPLNTEAFF	1
CASSHGAGELFF	1
CASSVSMNTEAFF	1
CASSVAIGGTTEAFF	1
CASSAGSAFF	1
CASSKGQTREAFF	1
CASRPDRASNQPQHF	1
CASRHHEGIYGYTF	1
CASRSTGTDLSTEAFF	1
CASRRGRDRNQPQHF	1
CASRQGLGQGNYGYTF	1
CASRKDSIGGNTIYF	1
CASIQGWMNTEAFF	1
CASTHDIYTEAFF	1
CASSVSGGSPLHF	1
CASSQSSGNTIYF	1
CSARDQESPLHF	1
CSARTVNTEAFF	1
RASSLQGQGLRNQPQHF	1
CAISVLGGPYEQYF	3
CASSFGTGSGANYGYTF	3
CASSFEAGLSYEQYF	3
CASSDYHMSDLRTVSSYNSPLHF	3
CASSLAWAGETQYF	3
CASSLSRTGRFGPDYEQYF	3
CASSPLTDTDTQYF	3
CASRTSGIFFAPNNYEQYF	3
CASRRQGQETQYF	3
CASSPGRDTTDTQYF	3
CASSQVTYNEQFF	3
CSARETPPAGGVETQYF	3
CAISTDRGAETQYF	2
CATSDLGQETQYF	2
CASSFRSGSDGDTQYF	2
CASSLSAGGYGYTF	2
CASSLASPPGNEQFF	2
CASSSLSNQPQHF	2
CASSYSQYEKLFF	2
CASSYSAGGTYEQYF	2
CASSDSDTGELFF	2
CASSLLAGAADTQYF	2
CASSLVQGIETQYF	2
CASSLGSNQGTQYF	2
CASSLETQYF	2
CASSLTGRGVSEQFF	2
CASSSFDTNTEAFF	2
CASSYPGRTNYGYTF	2
CASSLTPTGSIPDTQYF	2
CASSPYQETQYF	2
CASSPARTGGSEKLFF	2
CASSPFRGTGELFF	2
CASSPGWGNTDTQYF	2
CASSRAATGELFF	2
CASSRDRVTEAFF	2
CASSRETSGYGYTF	2
CASRIGGDRDYEQYF	2
CASSLLYTGELFF	2
CASSSYGQGNSPLHF	2
CASSLVNTEAFF	2
CASSLGAVNQPQHF	2
CASSLSPAGNTGELFF	2
CASSLGQGQAFF	2
CASSPAGQGNSPLHF	2
CASSQGPGQGNEKLFF	2
CASSQELLGNQPQHF	2
CASSTVTGPGEKLFF	2
CSASDRGRTGELFF	2
CSATGTSNTGELFF	2
CSARGTGNTEAFF	2
CAITTQVDYGYTF	1
CAISESSGTGRSPLHF	1
CAISESLNTEAFF	1
CAISESQEYGYTF	1
CAISEGQGLGAFF	1
CAIRADHSGNTIYF	1
CASSITQGARAEAFF	1
CASKDNSPLHF	1
CASSVEAFF	1
CASTGLRRNSPLHF	1
CASSLRHRGGYTF	1
CASSYPMRGTTEAFF	1
CASSHDRDGGYTF	1
CASSDAPLCNQPQHF	1
CASSEMTGRGYTF	1
CASSERGQPLEAFF	1
CASSLLPQNTEAFF	1
CASSLVWDSSNSPLHF	1
CASSLDRDYGYTF	1
CASSLEAGSLVRNTEAFF	1
CASSLMQGANEKLFF	1
CASSLNPGPTDSPLHF	1
CASSLKQGALGAFF	1
CASSSSAGGGLHHF	1
CASSSLTGVAEKLFF	1
CASSWRGLNSPLHF	1
CASSPEPAATNEKLFF	1
CASSPRQGSYTEAFF	1
CASSPRGTFATNEKLFF	1
CASSPGVGTEAFF	1
CASSPSSGPATNEKLFF	1
CASSPQVKDTEAFF	1
CASSHSRLITNEKLFF	1
CASSQVGRLSGNTIYF	1
CASSEAVTEAFF	1
CASSIISGNTIYF	1
CASRTTDRVVGKLFF	1
CASRLDRGLWKNSPLHF	1
CASTRGVNTEAFF	1
CASSLVRQGFSPTF	1
CASSRRERTEAFF	1
CSASSEWTLTLEAFF	1
CSVETAINTIYF	1
CSALGQGNTEAFF	1
CSGQPGAEAFF	1
CASSFTSGGPYEQYF	3
CASSHTSGDSNEQFF	3
CASSVAGGSTDTQYF	3
CASSLARVTGELFF	3
CASSLLSQRDGDTQYF	3
CASSSFGASGGLYNEQFF	3
CASSSLGVRYEQYF	3
CASSQMETQYF	3
CASSSRGASTDTQYF	3
CASSWDSRNEQFF	3
CASSYTLGHNEQYF	3
CSVETGGSYEQYF	3
CAIRDRVGETQYF	2
CATSSTSGRNTGELFF	2
CATSDPAGNTGELFF	2
CATTRGGDTQYF	2
CATGTSYYNEQFF	2
CASSPGGLAPLHF	2
CASLLGRTDTQYF	2
CASSLGTGGAEGYTF	2
CASSLQGNQPQHF	2
CASSLATVGGFF	2
CASSLTSGRDTGELFF	2
CASSLTGVNTEAFF	2
CASSLSPGTGGETQYF	2
CASSSSLENTEAFF	2
CASSYSKAGRNIQYF	2
CASSRTGGLVTEAFF	2
CASSVPGEPNTGELFF	2
CASSASGDSGELFF	2
CASSALAETGELFF	2
CASSRHLYNSPLHF	2
CASSFIFRIGDTGELFF	2
CASSLGGLQETQYF	2
CASSLVLETQYF	2
CASSLGDDPREKLFF	2
CASSLGGAIPETQYF	2
CASSLGRPTDTQYF	2
CASSLEWDQPQHF	2
CASSLGTAYGYTF	2
CASSLGVGGADTQYF	2
CASSLDRRTRIGEKLFF	2
CASSLSGGRTGELFF	2
CASSRSFRTGSSGNTIYF	2
CASSHPGLAGEDTDTQYF	2
CASSQSSERGGYNEQFF	2
CASSQVPPTGELFF	2
CASSQEGKVMNTEAFF	2
CASSAQMDYGYTF	2
CASSTGRGNTEAFF	2
CASRPRGQRTYEQYF	2
CASRSHDELFF	2
CASRLLAGGPHEQFF	2
CASSFDRAGTGELFF	2
CASSFTVTGELFF	2
CASSLGPQHF	2
CASSLETNEKLFF	2
CASSQARAGTDTQYF	2
CASRGSMNTEAFF	2
CSARNSGPQHF	2
CSASDRDPDEQYF	2
CSARLGDGYTF	2
CSVAQSTNQPQHF	2
CACGTGGTEAFF	1
CAWSGRGGFYGYTF	1
CAIRGNTEAFF	1
CAISEIAGMNTEAFF	1
CAISTGIGTEAFF	1
CATSRASEMNTEAFF	1
CATSQQGRHTEAFF	1
CASGYTATNEKLFF	1
CASDGYTF	1
CASTFTGTRNEKLFF	1
CASTWTGGRTEAFF	1
CASTAGWLQINTEAFF	1
CASTGQTCP	1
CASSFRQPQHF	1
CASSFIRKVSPLHF	1
CASSYSSLPLHF	1
CASSYLPGGGNTEAFF	1
CASSYPPLGAWVF	1
CASSYIGQAYGYTF	1
CASSPRRNTEAFF	1
CASSALGQNNSPLHF	1
CASSADRGGGMNTEAFF	1
CASSEGQGAEKLFF	1
CASSRTERLYEQYF	1
CASSLGQGASPLHF	1
CASSLRVETEAFF	1
CASSLWGKVAEAFF	1
CASSLLGVSNQPQHF	1
CASSLRWGRGNTEAFF	1
CASSLQGFTNEKLFF	1
CASSLAGLGTEAFF	1
CASSLGRGWEGNTEAFF	1
CASSLGVGTDNSPLHF	1
CASSLDPVYNSPLHF	1
CASSLKGQPQHF	1
CASSSTGTANEKLFF	1
CASSSPWGTALDEAFF	1
CASSSQGARNNEKLFF	1
CASSYSNTEAFF	1
CASSLAGSTIYF	1
CASSLTGVTEAFF	1
CASSPPVRQPQHF	1
CASSPRGFLMNTEAFF	1
CASSPRGATNEKLFF	1
CASSPLYRVTEAFF	1
CASSPGEALSTEAFF	1
CASSPDGGVEAFF	1
CASSPTPRNEKLFF	1
CASSQVGGRGPTEAFF	1
CASSQVPQNSPLHF	1
CASSQDPGNTEAFF	1
CASSADSYSGNTIYF	1
CASSRDRESNQPQHF	1
CASRRQGRNTIYF	1
CATQRDTEAFF	1
CASSPVSNQPQHF	1
CASSLGQGFGYTF	1
CASSLEGNTEAFF	1
CASSSGLLGGENTEAFF	1
CASSWAPGTVNEAFF	1
CSAYDRSRIYGYTF	1
CSAKGIAGNTIYF	1
CSVAGGVDQPQHF	1
CSVGGQDGYTF	1
CSVDARQGLTF	1
CSARGGGTEAFF	1
RASSLTPGPNTEAFF	1
CASSPAGAHETQYF	5
CASVLELHSYNEQFF	3
CASSTDQGASRYEQYF	3
CASSQEWTSYEQYF	3
CASRPRQGTDTQYF	3
CASRQGFRAGPTDTQYF	3
CASSFITGLTGELFF	3
CASSWAAGTNIDEQYF	3
CASSHFWTGRFPSYEQYF	3
CASSVLAGTTDTQYF	3
CSAPTGTYEQYF	3
CSAIFFEGRPYEQYF	3
CSARVRGRARGKTTGELFF	3
CSVTGWGADQETQYF	3
CAITRGLTTDTQYF	2
CAISAPSGGSTDTQYF	2
CAISEPRTGGVGSSYEQYF	2
CAISPQGTDTQYF	2
CATSRAGDSGNTIYF	2
CATSDSGQGTNIQYF	2
CATRTSDVYEQYF	2
CASDEPDRGSYEQYF	2
CASEDGSLFSGNTIYF	2
CASSLGGPGTEAFF	2
CASSSSTDTQYF	2
CASSRDRVINYEQYF	2
CASSVGQGNSPLHF	2
CASSADWNQPQHF	2
CASSDQREGDTDTQYF	2
CASSESRSSSTDTQYF	2
CASSFSPYEQYF	2
CASSFYQETQYF	2
CASSLFVGGSGYEQFF	2
CASSLASVPRVSPLHF	2
CASSLGRVFPGRFYNEQFF	2
CASSLGQNTGELFF	2
CASSLGRARRELFF	2
CASSLDRGGQNIQYF	2
CASSWYSTSHNTGELFF	2
CASSPSGRGRRAFF	2
CASSPNSQLGYTF	2
CASSPHLTRAGNTIYF	2
CASSVAPDRAVSSPLHF	2
CASSKWGQGEVWTQYF	2
CASRSGDVYNEQFF	2
CASRGRGFYEQYF	2
CASSVTGGNTEAFF	2
CASSETGGGTEAFF	2
CASSRDRGFYGYTF	2
CASSPGWDEFQPQHF	2
CASSRTGRVFDTEAFF	2
CSAADSVAKNIQYF	2
CSARVSSRGPNQPQHF	2
CSARDYGATNQPQHF	2
CSAREGGLAKNIQYF	2
CSAQRRGANSPLHF	2
CSVVPTSGGDEQYF	2
CSVEPLAAYNEQFF	2
CAWTTGAAEAFF	1
CAISEQEGNQPQHF	1
CAISVEAMNTEAFF	1
CAISVQANTEAFF	1
CAISDGGRNSPLHF	1
CATGSLGRPEKLFF	1
CASSYRQGKNEKLFF	1
CASRPANYGYTF	1
CASWGYTEAFF	1
CASEIGQGYQPQHF	1
CASTVTGGSGNTIYF	1
CASTTLGETQYF	1
CASSFRQLGSPLHF	1
CASSLGTVSYGYTF	1
CASSSAGTEWDTEAFF	1
CASSYPAEGSSYNSPLHF	1
CASSYVQGIRSPLHF	1
CASSQDVNTEAFF	1
CASSEGGFGSPLHF	1
CASSELGQGAFF	1
CASSMTVSYNSPLHF	1
CASSFQGSGNTIYF	1
CASSLVRRGAAKNIQYF	1
CASSLNLLQGWHYGYTF	1
CASSSLPVGQGGLRDTIYF	1
CASSSNSQTNEKLFF	1
CASSYQGRDTIYF	1
CASSLYRASVEKLFF	1
CASSLGQGIGYTF	1
CASSLPSTGDTEAFF	1
CASSRNRVEKLFF	1
CASSRVQAEAFF	1
CASSQWTGPTEAFF	1
CASSQGTGIEAFF	1
CASSQDGGLNQPQHF	1
CASSVGTGDSPLHF	1
CASSVWRTFF	1
CASSTRTGPNTEAFF	1
CASRIFTEAFF	1
CASRIERNTEAFF	1
CASRYRVDTEAFF	1
CASKSDRGTNYGYTF	1
CASSQEKGSEYYTF	1
CSVRSMNTEAFF	1
CSAVTDGTEAFF	1
CSARFAGTGTNEKLFF	1
CSARRKSSGNTIYF	1
CSVGGGFGWSAEAFF	1
CSVGGGALNTEAFF	1
CSVRQTFMNTEAFF	1
CSVPRGRGMENTEAFF	1
CSVTDMGPEAFF	1
RASSLTRWGKKYNTEAFF	1
CSAGQGVGYTF	4
CASILLGLTYEQYF	3
CASSGILRDEQYF	3
CASSLDPGSYEQYF	3
CASSSMLAGDYEQYF	3
CASSPPGLAGGQFF	3
CASSTTSGGINEQFF	3
CASSPDREGNEQFF	3
CSAPKQEVSNQPQHF	3
CSARDVASGEQETQYF	3
CSAPTGGVGETQYF	3
CAISEPGTEQFF	2
CAISLTSGLTYEQYF	2
CAIKPSSGTNTGELFF	2
CAIKGQREESGELFF	2
CATGGRDTGELFF	2
CATSGDRAYEQYF	2
CATKGTEDQPQHF	2
CASSPQGLKNTEAFF	2
CASQTGAGGGTQYF	2
CASAIPHSYGYTF	2
CASSFRYPREQYF	2
CASSFQGHGYTF	2
CASSLPGRDYYGYTF	2
CASSLGGPGHEKLFF	2
CASSLGGNTIYF	2
CASSLDLGATEAFF	2
CASSYSGSTDTQYF	2
CASSYSLGGGADTQYF	2
CASSLRQGGNSPLHF	2
CASSPQVGNQPQHF	2
CASSRTGFNYGYTF	2
CASSRRYRYEQYF	2
CASSAGAGTDTQYF	2
CASSLFSVPNTEAFF	2
CASSLGAEYGYTF	2
CASSLEGRSSGNTIYF	2
CASSLRDPDTQYF	2
CASSSHTGIRATEAFF	2
CASSSQGVYGYTF	2
CASSSNYGNEQFF	2
CASSLRQGAKGYTF	2
CASSPGLAQNEQFF	2
CASSPGRALSRAQYF	2
CASSPEIKLGTAVKNIQYF	2
CASSPGLFNTGELFF	2
CASSPIKGSPLHF	2
CASSVRQDNQPQHF	2
CASSAQAGAKGEQFF	2
CASRLTDTQYF	2
CASSLLGTRTGELFF	2
CASSLLRSTDTQYF	2
CASSLVTSSGSEQFF	2
CASSLAGNTGELFF	2
CASSLGDTVYGYTF	2
CASSLGSYEQYF	2
CASSSGQNTEAFF	2
CASSSAQGVGNTEAFF	2
CASSLGAGELFF	2
CASSRGTRNTEAFF	2
CASSQGTLSNEQFF	2
CASSSNRGSNQPQHF	2
CASRQREEVYEQYF	2
CASRRTGGTEAFF	2
CASRLDRDSQPQHF	2
CSARQSGQVIYEQYF	2
CSVEQRSTGIPYEQYF	2
SSRQRNTGELFF	1
CAWSGGASVNTEAFF	1
CAVTGDGPTSGNTIYF	1
CAGQTRNEKLFF	1
CAIMTTMNTEAFF	1
CAMGRTGNTIYF	1
CATWTGGFSNNYGYTF	1
CATSGGGSPLHF	1
CATSSFSGTDTEAFF	1
CATSRDLGLEQGGGYTF	1
CATTTGDNEKLFF	1
CATVKGDRFNYGYTF	1
CASSLGTGLTGELFF	1
CASSAQDRGGYTEAFF	1
CASKHEGTGTNEKLFF	1
CASRASTNEKLFF	1
CASRDTNFYGYTF	1
CASGSETGFGNTIYF	1
CASIPMRGQGNEKLFF	1
CASIPRGTGGRNTEAFF	1
CASMVPTNEKLFF	1
CASTRDSVLRGYTF	1
CASSFDAGNTIYF	1
CASSLRLLGEAFF	1
CASSLAGATEAFF	1
CASSLTGTGPEAFF	1
CASSLLRGAIQPQHF	1
CASSSGTMIGYTF	1
CASSYSEGNEKLFF	1
CASSYSSANTEAFF	1
CASSYSGQGVGGYTF	1
CASSYGWGAEAFF	1
CASSLGTDANYGYTF	1
CASSPQGLGYTF	1
CASSDLGANTEAFF	1
CASSEPSPGQGNEAFF	1
CASSEDVEPDEKLFF	1
CASSFLTGLGYTF	1
CASSFTGESSPLHF	1
CASSFDLGQQHRNGGNTIYF	1
CASSFDRGRVFF	1
CASSLIRDPGHDNSPLHF	1
CASSLTGGARNTEAFF	1
CASSLRAGANYGYTF	1
CASSLKGGTEAFF	1
CASSSWDTSRYSNQPQHF	1
CASSLTGLQPQHF	1
CASSLEAGSNTGELFF	1
CASSPQERNTIYF	1
CASSPVGVTEAFF	1
CASSPGTGSEAFF	1
CASSRQGRSYGYTF	1
CASSHLEEKLFF	1
CASSHPGLDEKLFF	1
CASSQLGAGYTF	1
CASSQGDRGGNTIYF	1
CASSVVGAAWTEAFF	1
CASSVADTRSSGNTIYF	1
CASSVGKGAAFF	1
CASSALGHLNTEAFF	1
CASSAPLGRSYGYTF	1
CASSTARGPRPQHF	1
CASRTGTVHSPLHF	1
CASRTGDNSPLHF	1
CASRPTGSYGYTF	1
CASRRRDRPDSPLHF	1
CASRTGSGNTIYF	1
CASKVLGNTIYF	1
CASSESGGLLVGSPLHF	1
CASSLVAGTTEAFF	1
CASSAGTGGTNEKLFF	1
CSAPQGASEAFF	1
CSAIRGNQPQHF	1
CSASSRPGSNSPLHF	1
CSARLTGANEKLFF	1
CSVPSDREIQKLFF	1
CSVDQTGEEGYGYTF	1
CSVEYTDEKLFF	1
CSVEGTGVGTEAFF	1
CSVTTNGAEAFF	1
CSGDRESTEAFF	1
CSESYGYTF	1
RARPQELFF	1
CASSLVGTQASRHNEQFF	4
CASSQVISGVGKDEQFF	4
CASIGASGGLLSLSSYNEQFF	3
CASTWRGANTGELFF	3
CASSLGTSGSSYNEQFF	3
CASSYRTPNTGELFF	3
CASSLRTGYEQYF	3
CASSRSGEEETQYF	3
CASSFYSGGARDEQFF	3
CASSPRGPDTQYF	3
CASSSLLAGSSYNEQFF	3
CASSLDRVDEQFF	3
CASSQGTGSTEQYF	3
CATSAADRGRETQYF	2
CATSDSRDGVYGYTF	2
CATSDYGSTRKGELFF	2
CATSRAPAAFTDTQYF	2
CATRDMRYEQYF	2
CASGLAGTGELFF	2
CASSFSVTVGYGYTF	2
CASSFTSLRPNTEAFF	2
CASSWTANSPLHF	2
CASSYSTSYNEQFF	2
CASSPRGQANEKLFF	2
CASSAPGRNEQFF	2
CASSDSAGGPTDTQYF	2
CASSEGGGDTDTQYF	2
CASSTYNRGEQYF	2
CASSLANTGELFF	2
CASSLRGQETQYF	2
CASSSGLATGELFF	2
CASSLSIAGTNTGELFF	2
CASSPSLFQSYGYTF	2
CASSPGQMNTEAFF	2
CASSRSGGAVEQFF	2
CASSHVQQTNTGELFF	2
CASSQYDTEAFF	2
CASSQGSGRQPQHF	2
CASSQDGRTSQPQHF	2
CASSQDRGTTDTQYF	2
CASSGGQGLNSPLHF	2
CASSTTGGGNQPQHF	2
CASRLGDVSGNTIYF	2
CASRRTGGGELFF	2
CASSESKRLRPDF	2
CASSLALDSYGYTF	2
CASSLEWGSNYGYTF	2
CASSLTSTGELFF	2
CASSSRGTSGYNEQFF	2
CASSPDRGPIGELFF	2
CASSRGLAGEANTGELFF	2
CASSHWTPNGYNEQFF	2
CASSQERRPGDTQYF	2
CASSAPLGRTDTQYF	2
CASSGTDLVF	2
CARGLSPTAYNEQFF	2
CSARSGTGVGELFF	2
CSALSAGRLETQYF	2
CSVAQKGNTIYF	2
CSVHRVVADTQYF	2
RASKSWGPGNTIYF	2
CASSLSVNTEAFF	1
CAWSGEGLGNQPQHF	1
CAIIPQGGDSGNTIYF	1
CAISDRGDGYTF	1
CAISDIGMNTEAFF	1
CAISESQGKISNQPQHF	1
CAISESTGNYGYTF	1
CAISEVGNRNTEAFF	1
CAIRLTETNTEAFF	1
CAIRWTVLEGYGYTF	1
CATVGENIGQSEAFF	1
CATSATSSAPYGYTF	1
CATSDGDRGLNQPQHF	1
CATSEPVQGNTEAFF	1
CATSRDRGQGNGYTF	1
CATSREGNQPQHF	1
CASSAGTGGVNSPLHF	1
CASSKNRDSSYEQYF	1
CASPIRGLTEAFF	1
CASHSPRQTYGYTF	1
CASGGHPDTEAFF	1
CASTAKSTDSNNYGYTF	1
CASTRDPITRTEAFF	1
CASSFSGDSDEKLFF	1
CASSLLWDEQYF	1
CASSLYGTVEGEAFF	1
CASSLVQDTEAFF	1
CASSLGQGGTEAFF	1
CASSLIGELSTEAFF	1
CASSLSDNSPLHF	1
CASSLRGSPLHF	1
CASSSRQGVIEKLFF	1
CASSSEPVQPQHF	1
CASSWGVGAHNQPQHF	1
CASSYKGRLNTEAFF	1
CASSPTGVNEKLFF	1
CASSEYLLGHTEAFF	1
CASSEGVSNQPQHF	1
CASSERAGLDTEAFF	1
CASSRTGQDEKLFF	1
CASSFRGEEKLFF	1
CASSFNRDTEAFF	1
CASSLAGLGSNYGYTF	1
CASSLGMGPNTEAFF	1
CASSLTGLDEKLFF	1
CASSLSQVPDSPLHF	1
CASSLYRGPNTEAFF	1
CASSLQRIYGYTF	1
CASSLAVGGYSNQPQHF	1
CASSLEGAGNTIYF	1
CASSSLYMNTEAFF	1
CASSLRQGGLLDTEAFF	1
CASSLASTAINEKLFF	1
CASSLGQGNTEAFF	1
CASSLTGALDAEAFF	1
CASSPRPALATNEKLFF	1
CASSPRTGVEAFF	1
CASSPRDEVNEKLFF	1
CASSPLVGGAGTEAFF	1
CASSPGLAREKLFF	1
CASSRFHEGQEKLFF	1
CASSRLGGRTEAFF	1
CASSRTMNTEAFF	1
CASSRTGGFTEAFF	1
CASSRWGDGSRTEAFF	1
CASSQGGSGNTIYF	1
CASSQDSPSSYNSPLHF	1
CASSQETGNTEAFF	1
CASSVGNYGYTF	1
CASSVNSNQPQHF	1
CASSAVTDTQYF	1
CASSGQEPYKAFF	1
CASSRRGATNEKLFF	1
CASSKEGDRGRQPQHF	1
CASKGRAWEKLFF	1
CASGDSSYGYTF	1
CASIEAFF	1
CASSVARVDYGYTF	1
CASSLDGGNTEAFF	1
CASSPGTEAFF	1
CASSHGGHGEKLFF	1
CASSQAWTSEAFF	1
CSVCTNTEAFF	1
CSAIRQGGVNTEAFF	1
CSATGSTNEKLFF	1
CSAKSGDTEAFF	1
CSVSQVGSGNTIYF	1
CSVALSTGNTIYF	1
CSVDSGLNTEAFF	1
CSVEDLRDRGYKLFF	1
CSVSSGSTTGNTIYF	1
CSVVGRRTRTEAFF	1
CSASLGQVIEAFF	1
CSAPLVGSNYGYTF	1
CSAYRSFGYGYTF	1
RASSLHRGKGEAFF	1
CASTLLASTDTQYF	3
CASSYSGSYEQYF	3
CASSADRGDEQYF	3
CASSSLQNEQYF	3
CASSLLAGAYNEQFF	3
CASRRGSGSPNEQFF	3
CSARPGGDSYEQYF	3
CSATGSAETQYF	3
RASSFDRGWYNEQFF	3
CAITPGQGTDTQYF	2
CAISGLAGFTDTQYF	2
CATSDGLAGETQYF	2
CATSINSEASYEQYF	2
CASTPHDGRLWGQGGNTEAFF	2
CASSFPGTASYGYTF	2
CASSLQGNFNSPLHF	2
CASSLTLRDTQYF	2
CASSRAIGELFF	2
CASSEGQGLSGGYTF	2
CASSFFWGEGGIWVNTEAFF	2
CASSFTASSYNEQFF	2
CASSLVDGPYGYTF	2
CASSLGETQYF	2
CASSLLRDTDEQYF	2
CASSLAGANTGELFF	2
CASSLERVSTRGDTQYF	2
CASSSLDGRSTGELFF	2
CASSWDRGGGGYTF	2
CASSPSSGGAQETQYF	2
CASSPTGSGYTF	2
CASSPGTSGGSTDTQYF	2
CASSHGGAGETQYF	2
CASSAGGINEKLFF	2
CASSESLWGNTGELFF	2
CASSTGILTDTQYF	2
CASSYPGTGSPDTQYF	2
CASSESGTSKETQYF	2
CASSFFFEGYTF	2
CASSFRDTQYF	2
CASSLGLDGARDTQYF	2
CASSLEGLAGPNEQFF	2
CASSSGLNTEAFF	2
CASSLTGTGNTGELFF	2
CASSLEQGNSYTF	2
CASSRATPGQGTEAFF	2
CASSQPGTPGNYGYTF	2
CASSVHTGEAYEQYF	2
CASKPGASYNEQFF	2
CSARGSSAGESGELFF	2
CSARDSVGTGDTGELFF	2
CSAPIQTTSTDTQYF	2
CSAEGATSLTGELFF	2
CSVLGSAGNTEAFF	2
CSVVRTLQSDTQYF	2
CSEALAATDTQYF	2
CAWSGDFEAFF	1
CAWSVLKRSGNTEAFF	1
CAGKTGVDTEAFF	1
CAIMNYQRGYTF	1
CAITETLSGNTIYF	1
CAISLGQYTNYGYTF	1
CAISATDRGYGYTF	1
CAISESDNTEAFF	1
CAISESRMQGEKLFF	1
CAISEESISGNTIYF	1
CAIRPDSSGNTIYF	1
CATWDRGYGYTF	1
CATQALADTEAFF	1
CATSDLGFSGNTIYF	1
CATSDPTGTREKLFF	1
CATSRVNTEAFF	1
CATSREQGIGTEAFF	1
CATKDRAATNEKLFF	1
CASAQEVVTEAFF	1
CASEEFGYGYTF	1
CASRGLRSNTEAFF	1
CASVGGRMGDTEAFF	1
CASGGTSNLNTEAFF	1
CASIGGTEAFF	1
CASTGGQGSYGYTF	1
CASTYGYENSPLHF	1
CASSLGRMNTEAFF	1
CASSLGQLNQPQHF	1
CASSLEGRAEKLFF	1
CASSLALRDTEAFF	1
CASSLRLPYGYTF	1
CASSSAVYCYTF	1
CASSSPDREDNQPQHF	1
CASSYSGGSLGGNTIYF	1
CASSYSRGFSGNTIYF	1
CASSLRLQGEGYGYTF	1
CASSPQQGRDYGYTF	1
CASSPGRAEAFF	1
CASSVNPTGDEKLFF	1
CASSAGGTVGAFF	1
CASSDGRSPLHF	1
CASSERAGAEAFF	1
CASSKHRTHSGNTIYF	1
CASSKTGTGGYEQYF	1
CASSFTGTGGLSNEKLFF	1
CASSLFAGSPPQHF	1
CASSLLGGIRNGYTF	1
CASSLFPERLEAFF	1
CASSLYRGISGNTIYF	1
CASSLVPWTGEPEAFF	1
CASSLGRSTEAFF	1
CASSLGFGQRQNTEAFF	1
CASSLDRAPGTEAFF	1
CASSLEAAGEAFF	1
CASSLNTEAFF	1
CASSLTEKLFF	1
CASSLGLSNQPQHF	1
CASSPEGNSYNSPLHF	1
CASSPVGFTEAFF	1
CASSRSGTSENTGELFF	1
CASSQSGNTEAFF	1
CASSQSGDGPYGYTF	1
CASSQVVTGGNANYGYTF	1
CASSQDLNTEAFF	1
CASSVVSGSRAFF	1
CASSVESGSRTEAFF	1
CASSMAGVTNEKLFF	1
CASSRATEAFF	1
CASSKTNTEAFF	1
CASSKGTGGGLGYTF	1
CASRFRHITASNQPQHF	1
CASRSTVSTLHF	1
CASRRQGWAGELFF	1
CASRSLTGTGYTF	1
CASRPRQGLDTEAFF	1
CASNGRGLNNSPLHF	1
CAIGATQGDSPLHF	1
CASSESRGGNTIYF	1
CASSLVGQGEKLFF	1
CASSQFGQGGEKLFF	1
CASSQPTRGSSGNTIYF	1
CASRLDGGNQPQHF	1
CSALDRRNQPQHF	1
CSATPTLDGFNEKLFF	1
CSAETGTNEKLFF	1
CSAPITPPMGPQHF	1
CSVDRRDRLLEAFF	1
CSVEGTQEKLFF	1
CSVRENTEAFF	1
CSALRGSLAFF	1
CSGQGGEKLFF	1
RASSPEFGPTDRELFF	1
RASRTPWGITEAFF	1
CASRTNTGQQETQYF	5
CATTPGQGVETQYF	4
CASSFGGASEQFF	4
CAWSVLGRDTGELFF	3
CASTKPKDLFEQYF	3
CASSPRTGHSYNEQFF	3
CASSLPGGQETQYF	3
CASSSNPRDKEAQYF	3
CASRWLWDRGNQPQHF	3
CAWNDAIANEKLFF	2
CAISGNQGRTYEQYF	2
CAISEDGEQYF	2
CATSVGGLRTYTHRGEQFF	2
CATSDLGQPQETQYF	2
CATNSGRGETQYF	2
CASTIYMNTEAFF	2
CASSFNGARETQYF	2
CASSLVPTPDRAGDTQYF	2
CASSLALLGSAGELFF	2
CASSLSVVHNSPLHF	2
CASSYQASSGNTIYF	2
CASSYGLADYNEQFF	2
CASSPGVWDRTDTQYF	2
CASSHPGTGGETQYF	2
CASSHNEQFF	2
CASSGTGVTEKLFF	2
CASSGTGEQETQYF	2
CASSERGGTGELFF	2
CASSFSDTQYF	2
CASSFAGTDTQYF	2
CASSLNPTYEQYF	2
CASSLVRGISTEETQYF	2
CASSSLGVQHF	2
CASSSLFPYEQYF	2
CASSLGTGVEQPQHF	2
CASSRPPGQTNEKLFF	2
CASSQDDVAGDLTYEQYF	2
CASSVSSTSGQEQFF	2
CASSDRLTQHF	2
CASSSGNSPLHF	2
CASRGRGKDTGELFF	2
CASRFHRDRQGDTQYF	2
CAAGTGFIHEQFF	2
CASRLNPGLAGRQSSYNEQFF	2
CASSFGDTGELFF	2
CASSLAALDNYGYTF	2
CASSLEVGLGDTQYF	2
CASSLEATDTQYF	2
CASSLVPSGGADEQFF	2
CASSPAGRENEKLFF	2
CASSQDGEPYNEQFF	2
CSSNREPHTDTQYF	2
CSATGGSYNSPLHF	2
CSARDRTGGQPQHF	2
CSVLGLVHNEQFF	2
CSVPSGRVDEQYF	2
CSVGLGEGAYEQYF	2
CSVEGGYTGELFF	2
CSVEGDGAYEQYF	2
CSVSQGSYEQYF	2
CAWTLGGKLFF	1
CAWSVREYTEAFF	1
CAWSVQGALSTEAFF	1
CAWRGGTGNGYTF	1
CAISRASDTEAFF	1
CAIGKTGVGNTIYF	1
CAISHTKGEGEKLFF	1
CAISDNRGVNEKLFF	1
CAISETDSYGYTF	1
CAISERRRNTEAFF	1
CAIKGMNTEAFF	1
CAIAGETNEKLFF	1
CATSDLPETQYF	1
CATSIGEFTEAFF	1
CATSRDQGTGGSYNSPLHF	1
CATSRDGGGSPLHF	1
CATKGTAPEAFF	1
CASQWERNSPLHF	1
CASRRRGHDQPQHF	1
CASSRQINQPQHF	1
CASLPQPQHF	1
CASRQGIEKLFF	1
CASHLPGTGRSPLHF	1
CASQGTGALNTEAFF	1
CASADSLNYGYTF	1
CASATGGRDTEAFF	1
CASILDIQAFF	1
CASIQRGARNTEAFF	1
CASIVSRGTGNTIYF	1
CASTSPYGGNTIYF	1
CASTPWGASYNSPLHF	1
CASTNNGKNQPQHF	1
CASSFRGAVGSPLHF	1
CASSFGVGTEAFF	1
CASSLLGPGTEAFF	1
CASSLSPGQGEKLFF	1
CASSLAGEGGNTIYF	1
CASSLGQGSGSPLHF	1
CASSSSAGTEAFF	1
CASSYSFGGLEGYTF	1
CASSYSPSEGMDGYTF	1
CASSYSTGSYGYTF	1
CASSYSSQYYGYTF	1
CASSYAGSNSPLHF	1
CASSYGTGDTEAFF	1
CASSLEQGNSPLHF	1
CASSPEGGSSPLHF	1
CASSAADILNTEAFF	1
CASSDSTENTEAFF	1
CASSDQVGSYNSPLHF	1
CASSEITGKRYTF	1
CASSIGAYQPQHF	1
CASSISGWRNTEAFF	1
CASSTRTGEGTEAFF	1
CASSFLGTELFF	1
CASSFGQGYTEAFF	1
CASSFDGNSGNTIYF	1
CASSLYGDRGRTPLHF	1
CASSLGWPRPNEKLFF	1
CASSLALGGTNYGYTF	1
CASSLAGTGDGYTF	1
CASSLGDLRGTEAFF	1
CASSLGGMRTEAFF	1
CASSLGRQSYTF	1
CASSLGEGEAFF	1
CASSLDRGQRGYTF	1
CASSLDFRRSPLHF	1
CASSLTGTKTNEKLFF	1
CASSLTGNEKLFF	1
CASSSRGTYGYTF	1
CASSLGRGPEAFF	1
CASSPGFGPNTEAFF	1
CASSPGQGVYGEKLFF	1
CASSPGQYQPQHF	1
CASSPTGPSSGNTIYF	1
CASSPQVMNTEAFF	1
CASSPTAPNTEAFF	1
CASSRPGRSGNTIYF	1
CASSHWESRKSEKLFF	1
CASSQPLGSTGVGNTIYF	1
CASSQDPGGLTEAFF	1
CASSVSHQGINSPLHF	1
CASSVNEGFTEAFF	1
CASSAMVGLSPLHF	1
CASSGTGEGTEAFF	1
CASSTLGRMNTEAFF	1
CASSTGQGAWTPLHF	1
CASSNARSTEAFF	1
CASSKTGLVASEAFF	1
CASRPLSGVDTEAFF	1
CASRRSSYNSPLHF	1
CASRIDRGNQPQHF	1
CASRASGSGQPQHF	1
CASRDPGEGGTEAFF	1
CASRTASGPQHF	1
CASNRQGNSPLHF	1
CASNVGQGPSPLHF	1
CARKAGGRYGYTF	1
CASRQGGSPLHF	1
CASSEDSRYEKLFF	1
CASSEDSQLAGKAFF	1
CASSLGQVNTEAFF	1
CASSLETDVYGYTF	1
CASSLRTTIGSGNTIYF	1
CASSPLGGPHAEAFF	1
CASSPRTGNNQPQHF	1
CASSPGQGPTASPLHF	1
CASSHGGGRELFF	1
CASSQQEIGGYTF	1
CASSAGTRNEKLFF	1
CASSAGTGGTEAFF	1
CSATGIGNQPQHF	1
CSATNKQGFEYRKLFF	1
CSASQFGVGTEAFF	1
CSARRLVGENTIYF	1
CSARHRINYGYTF	1
CSAREGGQQYF	1
CSADPRTGTEAFF	1
CSVRDRGNSPLHF	1
CSVVNRGAPNYGYTF	1
CSVGSPGTEAFF	1
CSVGRLERNTEAFF	1
CSVGDSLNTEAFF	1
CSVEVGRGNEAFF	1
CSVEDGRGSQPQHF	1
CSVEKQVNEKLFF	1
CSASEGYTF	1
CSILSSGNTIYF	1
RASSFLRTVIPYMDTEAFF	1
RASSSPGQVMGQPQHF	1
CASSGQYNEQFF	3
CASRQGATDTQYF	3
CASSLGLDMSSYEQYF	3
CASSEGQGSYEQYF	3
CASSLDGSSFYEQYF	3
CASSLETETYEQYF	3
CASRLQGADNEQFF	3
CAWTAVGRDNSPLHF	2
CAITHRDNGELFF	2
CAITYSVIYNEQFF	2
CAISDRDGSQETQYF	2
CATGDRNTGELFF	2
CATDSGGAETQYF	2
CATSDLTGTREDTQYF	2
CASPPADRVNNEQFF	2
CASQGYNEQFF	2
CASGNTGELFF	2
CASEGNSNQPQHF	2
CASTPSGADTQYF	2
CASTRQGSLNSPLHF	2
CASSWTSGVNEQFF	2
CASSYSRDQPQHF	2
CASSYSGGGAGNTIYF	2
CASSLLAGDIIAGELFF	2
CASSLVRQQMGTDTQYF	2
CASSLDSPFSGSSTDTQYF	2
CASSLSLKVLHSHYGYTF	2
CASSSQNQPQHF	2
CASSLMGSSSYEQYF	2
CASSLRTRGELFF	2
CASSLGQGAGRSEAFF	2
CASSPRTALAGETQYF	2
CASSPQEGQGPGELFF	2
CASSPWGANTGELFF	2
CASSPLGLAGVNEQFF	2
CASSPHSNQPQHF	2
CASSPGGTGELFF	2
CASSPTGVVIQYF	2
CASSQRRVSDGYTF	2
CASSQGQPPGQGDEQFF	2
CASSQERRGGPNKNTEAFF	2
CASSIQSRDEQFF	2
CASSRWTGTNSYEQYF	2
CASRPWRTGDNEQFF	2
CASRGGDSGYSTQYF	2
CASGQGAGTNTGELFF	2
CASSPQGLGGPQHF	2
CASSEGQGSSYEQYF	2
CASSLNSGSYNSPLHF	2
CASSLERAENEQFF	2
CASSLRPTGGLDGTDTQYF	2
CASSLGPNQGRETQYF	2
CSAPESTDTQYF	2
CSARTSGETQYF	2
CSARLVRETQYF	2
CSARQAGAKNIQYF	2
CSARDRGGAYNSPLHF	2
CSARDREYEQYF	2
CSVVRGPTEYEQYF	2
CSVEVGGTDTQYF	2
CSVGTSGTYNEQFF	2
CSVGGLETYEQYF	2
CSVTAGENQPQHF	2
CAWGNSGNTIYF	1
CAWKTGQNLGEAFF	1
CAVGRAGSPYEQYF	1
CAISVGAEAFF	1
CAISDGRGGFSGNTIYF	1
CAISDSYNEKLFF	1
CAISDRDNQPQHF	1
CAISESRINYGYTF	1
CAISERVTEKLFF	1
CATQGSNTEAFF	1
CATEQGRGNQPQHF	1
CATSDLPRYSNSPLHF	1
CATSEGQYSNQPQHF	1
CASGTGGSTEAFF	1
CASSPLRGQGYTEAFF	1
CASWTPTGTSGNTIYF	1
CASLVRGSNQPQHF	1
CASLISRSSEAFF	1
CASHGGARVEKLFF	1
CASQQPMNTEAFF	1
CASQVLSDTEAFF	1
CASVPMTDYGYTF	1
CASGPVKEKLFF	1
CASTRQGSNTEAFF	1
CASTDRDNSPLHF	1
CASSFFQAGQPQHF	1
CASSFVGARNQPQHF	1
CASSFQGFLYGYTF	1
CASSFGWQTVHGYTF	1
CASSLFSSEAFF	1
CASSLLGGGTEAFF	1
CASSLYGQRNYGYTF	1
CASSLKGGTEAFF	1
CASSSGLSYNSPLHF	1
CASSSTVGGYTF	1
CASSYGGASLSPLHF	1
CASSYSESTEAFF	1
CASSYTNRNTEAFF	1
CASSYRNTIYF	1
CASSPFGQGGNQPQHF	1
CASSPLLTEAFF	1
CASSPLWTGDMNTEAFF	1
CASSRGGGGVDQPQHF	1
CASSHTTSGGSTDTQYF	1
CASSQKNTAFF	1
CASSQNPTATNEKLFF	1
CASSDSEGDTQYF	1
CASSEFRDTEAFF	1
CASSILSGELFF	1
CASSTAGGGQPQHF	1
CASSKGQGVSNTGELFF	1
CASSFRGDTEAFF	1
CASSLEFLQNTGELFF	1
CASSLTGLGTEAFF	1
CASSLTGGRNQPQHF	1
CASSLSEAFF	1
CASSLVGGDTEAFF	1
CASSLAPWTADSPLHF	1
CASSLGGQGGNLLSEKLFF	1
CASSLGRNFYGYTF	1
CASSLGAPFSGNTIYF	1
CASSLGAGEKPQHF	1
CASSLGTTGGQTEAFF	1
CASSLGAGTTGELFF	1
CASSLEGRGQPQHF	1
CASSSPGTGANEKLFF	1
CASSSGIVTEAFF	1
CASSSQGSGTEAFF	1
CASSSDPSVGNQFF	1
CASSWTGLAEAFF	1
CASSYVLAGGPADTQYF	1
CASSLKPIWNTEAFF	1
CASSLTGTGTNYGYTF	1
CASSPPTLGQANYGYTF	1
CASSPTTGASNTIYF	1
CASSPRDSSYEQYF	1
CASSPRTGLNEKLFF	1
CASSPHGTEAFF	1
CASSPPLKVGAFF	1
CASSPGVDSITDTQYF	1
CASSPTMRVENSPLHF	1
CASSRLTGFNYGYTF	1
CASSRGQGSKRMNTEAFF	1
CASSHMKGYGYTF	1
CASSHTPGTASLYEQYF	1
CASSQTPDRDRDEKLFF	1
CASSQVSAGTEAFF	1
CASSQVAMNTEAFF	1
CASSQGDTGRNTIYF	1
CASSQDGVNTEAFF	1
CASSQDSGTAYGYTF	1
CASSQEGSSISPLHF	1
CASSQEKGTGNEKLFF	1
CASSVGTNEKLFF	1
CASSVVGQGRTEAFF	1
CASSVASGEGSPLHF	1
CASSVGAGEGEKLFF	1
CASSVDGTDNQPQHF	1
CASSGIQGINYGYTF	1
CASSDDLGHFEAFF	1
CASSSQGEDTEAFF	1
CASSNGQALHF	1
CASRPWDGVAFF	1
CASRPTGPGDSPLHF	1
CASRVTGWDSGNTIYF	1
CASRKRGQGFNSPLHF	1
CASRRDNNQPQHF	1
CASNPSGAEKLFF	1
CASKREAHTEAFF	1
CARRGQGKKKDQPQHF	1
CASTGNTEAFF	1
CASSDPPPGEFYGYTF	1
CASSLEGIEAFF	1
CASSLIGDLRSTEAFF	1
CASSLEAEVRDGYTF	1
CASSLANSGNTIYF	1
CASSPSTGVNTEAFF	1
CASSQPGVRRTEAFF	1
CASSQVGNTIYF	1
CASSQDYVSLNQPQHF	1
CASSDRSATNEKLFF	1
CASRATGTGGARSNQPQHF	1
CSAPSQGNSPLHF	1
CSAPDRGGTEAFF	1
CSAGTGGIAFF	1
CSASYGKFYGYTF	1
CSARRTVVGTEAFF	1
CSARADRGYGGYTF	1
CSARGVNTEAFF	1
CSARDRAGGFAEAFF	1
CSARDTRSSGNTIYF	1
CSATYRGIYTEAFF	1
CSVYTLSYGYTF	1
CSVGLYLNTEAFF	1
CSVADSTEAFF	1
CSVGETEAFF	1
CSVNQGGSDTEAFF	1
CSGGQGNTEAFF	1
RASSLTTVIYGYTF	1
CASTPGLGGETQYF	7
CASIGAQGEPEQFF	3
CASSLLQGSSNEQFF	3
CASSLVGRDEQYF	3
CAISGGTANTGELFF	2
CAISESYEQYF	2
CATAPTSGTDTQYF	2
CATSDLDTPGDNEQFF	2
CATSDSTGGRELFF	2
CATSDPGQGITGELFF	2
CATSDNRAVGGELFF	2
CASPDGNTGELFF	2
CASPDRTYEQYF	2
CASGRGDNQPQHF	2
CASSLTGSGNEQYF	2
CASSLYVRSYEQYF	2
CASSLASRRYGYTF	2
CASSLDPGDEPYNEQFF	2
CASSSLGQPQHF	2
CASSYTGLYLDEQYF	2
CASSQETQYF	2
CASSEGPTQDEQYF	2
CASSERQGPATSYEQYF	2
CASSLSDTQYF	2
CASSLWGATDTQYF	2
CASSLVQGINQETQYF	2
CASSLDWTGVNTEAFF	2
CASSLDRGLEAFF	2
CASSPVGGLNSPLHF	2
CASSPGGRARNTDTQYF	2
CASSPGLTNTGELFF	2
CASSQETTGTRLMEQFF	2
CASSQERGPPGNIQYF	2
CASSVAELPPYNEQFF	2
CASSTGLAGRIQFF	2
CASSKEETQYF	2
CASEGQGTGSTQYF	2
CASSASFNQPQHF	2
CASSLASGTPMDSSGANYGYTF	2
CASSLPPSGELFF	2
CASSSSPLFSGNTIYF	2
CASSSGRGTSGNTEAFF	2
CASSWGFTENQPQHF	2
CASSLGRGRNSYEQYF	2
CASSQDLQGKVDNSPLHF	2
CASSQDPGVYGYTF	2
CASSQEPTFSYEQYF	2
CSARDPYGLSTDTQYF	2
CSARERGAYNEQFF	2
CSAEGLGTGAKDTQYF	2
CSVMKTGAGYEQYF	2
CSTRTGNTGELFF	2
CASQIRGEEKLFF	1
CAWTLGTSGNTIYF	1
CAWSGQGGTEAFF	1
CAWNTGFAGTSPLHF	1
CAIRRQGASNQPQHF	1
CAIRGTGNTGELFF	1
CAIGAGANYGYTF	1
CAISFQASGNTIYF	1
CAISARRTGGNSPLHF	1
CAISDSGTGNTEAFF	1
CAISDYGQGTNEKLFF	1
CAISEFMETTEAFF	1
CAISKGIHSPLHF	1
CAISVDRAEAFF	1
CAISGQADSPLHF	1
CAISDEIGNQPQHF	1
CAIRGGQGYPNYGYTF	1
CAINSGSWYGYTF	1
CAIKPRQEPNTEAFF	1
CATPRDSGIDEQYF	1
CATPGQGPLNTEAFF	1
CATRPSSNWEAFF	1
CATQGATATGNTIYF	1
CATQEDREDTEAFF	1
CATGPGRTQLSPLHF	1
CATSDLRNEKLFF	1
CATSDHRELFF	1
CATSDGVITEAFF	1
CATSDQGGGPEAFF	1
CATSRDQGVGASPLHF	1
CATSREPGVTEAFF	1
CATSTGYYQPQHF	1
CATTGGAGNMNTEAFF	1
CASGQESSYRSYTF	1
CASSVPGLSYSGNTIYF	1
CASSPPYSNQPQHF	1
CASSPPGEKLFF	1
CASIPGGPLGTEAFF	1
CASTLAPQGGSYGYTF	1
CASTLTGQSNQPQHF	1
CASTLGGQVGKAFF	1
CASTRGSGTEAFF	1
CASTQTGGGSPLHF	1
CASTGLRDGYTF	1
CASTGRDYSGNTIYF	1
CASSFYQGGGYQPQHF	1
CASSFSVSSYNSPLHF	1
CASSLIDRGGEKLFF	1
CASSLYSDPNYGYTF	1
CASSLQGLQPQHF	1
CASSLQGTTNEKLFF	1
CASSLRGVEAFF	1
CASSSTGARIEAFF	1
CASSYDGQPQHF	1
CASSYLLRSSPLHF	1
CASSYRGTNEKLFF	1
CASSPGRLNTEAFF	1
CASSPIYDPEKLFF	1
CASSPEPGLQAFF	1
CASSRNPGSNQPQHF	1
CASSQNSPLHF	1
CASSVMGQGFLGNGYTF	1
CASSVGTGITNYGYTF	1
CASSASRTGATEAFF	1
CASSALQGGNSPLHF	1
CASSGGVTEAFF	1
CASSDSGEIQGDRIGYTF	1
CASSEYGQNQPQHF	1
CASSEAEAFF	1
CASSEISQNTEAFF	1
CASSTRSGTGAMAAFF	1
CASSTRQGWGIGYTF	1
CASSNRVFFSETQYF	1
CASSFLTGLNEKLFF	1
CASSFWTGEAFF	1
CASSFYDQPQHF	1
CASSFQDSNQPQHF	1
CASSFDRDYGYTF	1
CASSFTPPLTGTEAFF	1
CASSLWDRGPNTEAFF	1
CASSLRFEAFF	1
CASSLSMATALYEELFF	1
CASSLQNTEAFF	1
CASSLVGGNQPQHF	1
CASSLALGTARNQPQHF	1
CASSLGGVDTEAFF	1
CASSLDPGGEKLFF	1
CASSLDRQGSKLFF	1
CASSLTGIEAFF	1
CASSLTKQGVLNTEAFF	1
CASSLNPQFTEAFF	1
CASSSGTDLTEKLFF	1
CASSSGQGGFGEKLFF	1
CASSSQGTSGNTIYF	1
CASSWAGGPQHF	1
CASSYSMDTEAFF	1
CASSLPGQINTEAFF	1
CASSLRDRNYGYTF	1
CASSLGTNTEAFF	1
CASSLLEGRRNSPLHF	1
CASSLASRVSTEAFF	1
CASSPYGAPQHF	1
CASSPGNSEAFF	1
CASSPGTGKTEAFF	1
CASSPSGNTIYF	1
CASSPGTQENTEAFF	1
CASSPRTANEKLFF	1
CASSPGKGTEAFF	1
CASSPDPQVFYGYTF	1
CASSPTEGEKLFF	1
CASSRSGSPVMNTEAFF	1
CASSRKQGSTSGNTIYF	1
CASSHVHTGTDSYEQYF	1
CASSHGDYGYTF	1
CASSQDTWGGNTIYF	1
CASSQDRGEAFF	1
CASSQARRENEKLFF	1
CASSQAGQGTGNTIYF	1
CASSQDSSGNTIYF	1
CASSQSRGEINTEAFF	1
CASSVAKQGGSYGYTF	1
CASSVEGSSYNSPLHF	1
CASSAGQGNQPQHF	1
CASSAGQNYGYTF	1
CASSAPSHTEAFF	1
CASSAQGSGNTIYF	1
CASSEVGTVSTEAFF	1
CASSKVTSGANPGAELFF	1
CASSKAPSKNSPLHF	1
CASSKDGNTGELFF	1
CASSKRGGLEAFF	1
CASRHGTQAFF	1
CASRGGRNEKLFF	1
CASRETHFGNTIYF	1
CASRENRGSSNQPQHF	1
CASRWDSTYGYTF	1
CASNPGHPFNTEAFF	1
CASKGQGSSEAFF	1
CASKSGSGTGELFF	1
CASSDGNSPLHF	1
CASSEMHRASGNTIYF	1
CASSHGSQGASGNTIYF	1
CASSQDRDKQGKLFF	1
CASSQDVVTEAFF	1
CASSQMSRRTEAFF	1
CASSKTWQGGEKLFF	1
CASRRGGAGEPQHF	1
CASKLGQGVSEAFF	1
CSAMSRANYGYTF	1
CSARDRGTINTEAFF	1
CSAPRGYEKLFF	1
CSAEEGNSPLHF	1
CSANRVGNTIYF	1
CSAKTGNTEAFF	1
CSVVPRDSEAFF	1
CSVGVNTEAFF	1
CSVEPYGYTF	1
CSVEGPGFGELFF	1
CSVEDGYEKLFF	1
CSVETTGLLAFF	1
CSVIPGRPQHF	1
CSVRSYTEAFF	1
CSVATRLSGNTIYF	1
CSAATGGTEAFF	1
CAISEDGGSGANVLTF	5
CARRTAQETQYF	5
CASSLGYRRRLYNEQFF	3
CASGTSGSTDTQYF	3
CASSLARGVWYEQYF	3
CASSPTGEGYYEQYF	3
CASSQDPHGFGYEQYF	3
CSTGRTGGYEQYF	3
CAISDRGGEETQYF	2
CATGTSGGRPETQYF	2
CATSDLAPLAGPGDTQYF	2
CATSDYRDRDNSPLHF	2
CATSSIYRDTQYF	2
CATSRDIPVTSGGVSSYNEQFF	2
CASRRSTEAFF	2
CASTRLAGNEQFF	2
CASSFMDGELFF	2
CASSFRTGNQPQHF	2
CASSLESVRLHSYNSPLHF	2
CASSSPSGGAYEQYF	2
CASSSPHRGGYGYTF	2
CASSYSAGVLNTEAFF	2
CASSDSSGRSDTQYF	2
CASSESRDRSYNEQFF	2
CASSTRETDTQYF	2
CASSTASGNSYEQYF	2
CASSLDPGEGAYEQYF	2
CASSLVPLGRNEQFF	2
CASSLVASTQYF	2
CASSLIMGGVGTDTQYF	2
CASSLRRAGSTDTQYF	2
CASSSQSTVADTQYF	2
CASSSGTGQTYEQYF	2
CASSLGQVVNIQYF	2
CASSPQGIGEQFF	2
CASSPKMIAGGYQETQYF	2
CASSRTGISGGGGYTF	2
CASSRNLNPKETQYF	2
CASSQELAGGADTQYF	2
CASRVTGTTSPLHF	2
CASCRTSGVPPSTDTQYF	2
CASSFGTSGYEQYF	2
CASSFERTGELFF	2
CASSLVQGPYEQYF	2
CASSLAGGDYEQYF	2
CASSLGTGELFF	2
CASSLTTGSYEQYF	2
CASSLTGLATDTQYF	2
CASSPRASGYNEQFF	2
CASSPGLGTDTQYF	2
CASSRGGLVVRNQPQHF	2
CASSQADTSYEQYF	2
CASSQDRGTDTQYF	2
CASSQSRFWPKSSYEQYF	2
CASSALQNTGELFF	2
CSASGQGAYEQYF	2
CSAGGGASYNEQFF	2
CSASGSGGRGGNEQFF	2
CSARAGNDYEQYF	2
CSARVTSGGRNTGELFF	2
CSARDLWRGVFYEQYF	2
CSAKVAGARTDTQYF	2
CSAKGGGGELFF	2
CSVRDRSLADTQYF	2
CSVEPLLAGGRRETQYF	2
CSVEDPGLAGSSSYNEQFF	2
CSAYRENTGELFF	2
CAWSVSDSSGYTF	1
CAWRQGGGNQPQHF	1
CAGYRGSGNTIYF	1
CAIRLAGENTEAFF	1
CAISGGGPQEAFF	1
CAISGTGDNQPQHF	1
CAISGQNDNEKLFF	1
CAISETTGHTSRNEKLFF	1
CAISETPPGTDGYTF	1
CAISPSDGIYGYTF	1
CAISVPGQNRRGYTF	1
CATRDRGRGNTIYF	1
CATSDLSCYLWCMNTEAFF	1
CATSDLRGEKLFF	1
CATSDWGEQPQHF	1
CATSSPYDRVRIEKLFF	1
CATSRRGTGKNSPLHF	1
CATSRDLGGAYGNTIYF	1
CATSRDVGHSGSPLHF	1
CATRAGGVNQPQHF	1
CATKLGLSGNTEAFF	1
CATKEGGDRDEKLFF	1
CASWEQRNTIYF	1
CASAASGYEQYF	1
CASSPSVEKLFF	1
CASSVYAGTGYEKLFF	1
CASSIMGGTEAFF	1
CASSRRDDGDYGYTF	1
CASRDGSLNTEAFF	1
CASRTLTGGGNQPQHF	1
CASFPFGRRDTEAFF	1
CASSSGNYGYTF	1
CASSPGQANTEAFF	1
CASPRFNSGNTIYF	1
CASPRGDQPQHF	1
CASRQGGSSPLHF	1
CASGPGELGKLFF	1
CASGHPGQAMGYTF	1
CASTFDRKLGYTF	1
CASTLGPEPVGFF	1
CASTSGNTIYF	1
CASTATPGRSKNTEAFF	1
CASTWDRYTEAFF	1
CASSFSGISGPQHF	1
CASSFRGMNTEAFF	1
CASSFGSPRGYGYTF	1
CASSFGQDDGYTF	1
CASSLLGSPDGHGAQHF	1
CASSLGSLNTEAFF	1
CASSLSYRDNSPLHF	1
CASSLWSQPLHF	1
CASSLGSTQPQHF	1
CASSLINWNTEAFF	1
CASSLTGNTEAFF	1
CASSLNGQGDGFF	1
CASSSDRVNQPQHF	1
CASSSGFKLFSGNTIYF	1
CASSWGNTEAFF	1
CASSYEADGQPQHF	1
CASSYSIGTEAFF	1
CASSYEGANTEAFF	1
CASSLPTNEKLFF	1
CASSLGTGRSPLHF	1
CASSLGRLGTEAFF	1
CASSPSAYTEAFF	1
CASSPDRGYGYTF	1
CASSPWTGHGYTF	1
CASSPRGNGYTF	1
CASSPQGLVAGNTIYF	1
CASSRFWTTAIPGGYTF	1
CASSRQQGPRSPLHF	1
CASSRDNYGYTF	1
CASSRQAFNQPQHF	1
CASSAQGNTEAFF	1
CASSAGGAFF	1
CASSDRWRDSMNTEAFF	1
CASSDRGPFEAFF	1
CASSEWVDTEAFF	1
CASSELMNTEAFF	1
CASSEARTGVTEAFF	1
CASSEDAGTNEKLFF	1
CASSERSEAFF	1
CASSKEKLFF	1
CASSKLKETEAFF	1
CASSFAGSSEKLFF	1
CASSFGSNQPQHF	1
CASSFLTGSTEAFF	1
CASSFGVLEKLFF	1
CASSLARGGSPLHF	1
CASSLAGASPAFF	1
CASSLGRDTEAFF	1
CASSLWANRDGYTF	1
CASSLPGRRIEKLFF	1
CASSLRPGYYGYTF	1
CASSLRDSLLSGNTIYF	1
CASSLHRQAGELFF	1
CASSLVPDGYTF	1
CASSLAYPEAFF	1
CASSLGSAEAFF	1
CASSLGLSYEQYF	1
CASSLDPGPNEKLFF	1
CASSLRNNEKLFF	1
CASSSPGPLHF	1
CASSSHIFPTSPLHF	1
CASSSRGNSPLHF	1
CASSSWTGGAEAFF	1
CASSWDGYTEAFF	1
CASSYDRGEKLFF	1
CASSLGVGDRQPQHF	1
CASSPEGGFYGYTF	1
CASSPSNQPQHF	1
CASSPGSYGYTF	1
CASSPLSNYGYTF	1
CASSPGQGEKLFF	1
CASSPEPNRANSGNTIYF	1
CASSRLTGREGNEKLFF	1
CASSRGSVWRNQPQHF	1
CASSHGNTEAFF	1
CASSHGAGGTEAFF	1
CASSQGGGAEAFF	1
CASSQLRKAEANEKLFF	1
CASSQDRGTNEKLFF	1
CASSQNTEAFF	1
CASSVNAGYTF	1
CASSVGQDNQPQHF	1
CASSVEGANYGYTF	1
CASSGRGGTNTEAFF	1
CASSDSQGFLRKNEKLFF	1
CASSDGQPNTEAFF	1
CASSTGRFESPLHF	1
CASSNVPGLSSGNTIYF	1
CASSNTDRAGDTQYF	1
CASRSFQPQHF	1
CASRLRQKAFF	1
CASRPHNGREKSRDTIYF	1
CASRPTKQGWWATNEKLFF	1
CASNRRGIYYGYTF	1
CASKGRAYNSPLHF	1
CANSNSWGDTEAFF	1
CASTEKGTPQHF	1
CASSEFSLPGELFF	1
CASSEGGLYTEAFF	1
CASSSDGRSGNTIYF	1
CASSPEGAGNQPQHF	1
CASSRDRGYSPLHF	1
CASSRDQGNTEAFF	1
CASSHQPGMNTEAFF	1
CASSQGQGVNYGYTF	1
CASSQPGGTEAFF	1
CASSQGTGAEAFF	1
CASSQERLNTEAFF	1
CASSQIRINYGYTF	1
CASSQKRGTGMSNQPQHF	1
CASSGGQSNQPQHF	1
CASSTTGELAFF	1
CASSTLTGGDYGYTF	1
CASRRQDRGTEAFF	1
CSAGTGGDTQPQHF	1
CSATGWDRAYGYTF	1
CSASEAALSGNTIYF	1
CSARRKDQPQHF	1
CSARPRTGQNSPLHF	1
CSARAPTGGYAFF	1
CSARDLQVGEQGTLHF	1
CSARDRDTEAFF	1
CSAREDRDKLFF	1
CSANGDRGATNEKLFF	1
CSAKDTGGENIQYF	1
CSASLTVGGNTIYF	1
CSVVSTNYGYTF	1
CSVVGQNEKLFF	1
CSVVTTTNEKLFF	1
CSVDAQLYGYTF	1
CSVDDRTEAFF	1
CSVDTPGNTIYF	1
CSVESTAPRGYTF	1
CSVEPGRGDVDLPLHF	1
CSVEDWGSYGYTF	1
CSVSRGPNEKLFF	1
CSVTDTSTNEKLFF	1
CSVRNISGNTIYF	1
RASSSRTAPNSPLHF	1
RASSTPRGAGNTIYF	1
CASIEGYSYNEQFF	3
CASSFNFGPRDNEQYF	3
CASSLEAHHENIQYF	3
CASSFQRSYEQYF	3
CASSLGPGGGDNEQFF	3
CASSLTDTQYF	3
CASSSDRFSYNEQFF	3
CASNPRTSGRGNNEQFF	3
CAGSGTSATDTQYF	2
CAISTGQGVEQYF	2
CAISPPGQVPREQYF	2
CATSDLRYEQYF	2
CATSDSVGGYTGELFF	2
CATSDPSTGGYNEQFF	2
CATSQDGYNEQFF	2
CATSRPRDGWETQYF	2
CASTTSGRATDTQYF	2
CASTKMRGRVYNEQFF	2
CASSFLGTGSFQPQHF	2
CASSFETSAHTDTQYF	2
CASSFRGGRETQYF	2
CASSSGSYNEQFF	2
CASSYSTSGRAERFF	2
CASSYGGNDYEQYF	2
CASSYGARQETQYF	2
CASSLGQGATGELFF	2
CASSRNTYTGELFF	2
CASSAQGATEAFF	2
CASSGQRGAYEQYF	2
CASSEAPADTQYF	2
CASSTDF	2
CASSFVIDYNNEQFF	2
CASSFGTDNSPLHF	2
CASSLWGSGSYNEQFF	2
CASSLATSGGAGELFF	2
CASSLDTSGGYNEQFF	2
CASSLTASNTGELFF	2
CASSPAGAGGNEKLFF	2
CASSPPGLAYEQYF	2
CASSPSNTGELFF	2
CASSPGTATLPRANTGELFF	2
CASSQDEGGTYNEQFF	2
CASSQERVSYEQYF	2
CASSDRAKNIQYF	2
CASSTGGDTQYF	2
CASSTGLAGPYEQYF	2
CASRISGRITGELFF	2
CASKRQGQNTEAFF	2
CASSIDTAYEQYF	2
CASSFHENTGELFF	2
CASSLFGTAPYEQYF	2
CASSLGARGGGNTEAFF	2
CASSPFLGQTTNTEAFF	2
CASSQGGVGYQETQYF	2
CASSQSLGGGELFF	2
CASSQDSAIINEQFF	2
CASSVRLASGGELFF	2
CASSVSPAGFSYEQYF	2
CASSGAEGQFF	2
CASSTLAGGTDTQYF	2
CSARVTSRGTDTQYF	2
CSARVVTIGEQFF	2
CSARGLADYNEQFF	2
CSAPDSYEQYF	2
CSSIGQGVPTDTQYF	2
CSVSGQTYGYTF	2
CSVADRLNQPQHF	2
CSVEETRSSYEQYF	2
CSVGQTLNTIYF	2
CSVRDRAYNEQFF	2
CPNPSGPPAFF	1
CAFVTEAFF	1
CASAPRGKTTEAFF	1
CASESQGNTEAFF	1
CAWSLEPRTQYF	1
CAHSAGVNTEAFF	1
CAITDRDDQPQHF	1
CAISVGSSGNTIYF	1
CAISESLNTEAFF	1
CAISESIRGPRGTEAFF	1
CAISESNLRAGNTIYF	1
CAISESIGRLFDYTF	1
CAISEQGGNTEAFF	1
CAISPSIGTGTGNTIYF	1
CAISAGGGSRSAIYGYTF	1
CAIRAGTGGNTIYF	1
CAIRETGVTGELFF	1
CAIRLNQNTEAFF	1
CAIRRTGGESEAFF	1
CATGLGQGNEKLFF	1
CATTPAGNTEAFF	1
CATTRDRGSGYTF	1
CATSATTDYGYTF	1
CATSAEGNTEAFF	1
CATSDFGNTEAFF	1
CATSDSRGLFLHF	1
CATSLDRGDQPQHF	1
CATSSDGGPNSPLHF	1
CATSRETGGYYGYTF	1
CATATYSPLHF	1
CASGQNYGYTF	1
CASWDKYSNQPQHF	1
CASLPLGTEAFF	1
CASRGVTEAFF	1
CASRIAGTEAFF	1
CASHNTPGTGTEKLFF	1
CASHAGMNTEAFF	1
CASGTVTQPQHF	1
CASGHGVAQHF	1
CASGRGDRGEAFF	1
CASEASVGREINSPLHF	1
CASITSDTIYF	1
CASIRDATNEKLFF	1
CASMTTGNTIYF	1
CASTSDRAGYTF	1
CASTVQGNTEAFF	1
CASTGGTEAFF	1
CASTDTVIYGYTF	1
CASTRDLEAFF	1
CASSFRDKNQPQHF	1
CASSLQGRFYGYTF	1
CASSLRAGMNTEAFF	1
CASSLLPEMNTEAFF	1
CASSLLTGDTEAFF	1
CASSLRGDTQYF	1
CASSLGELTTGELFF	1
CASSLIRVTEAFF	1
CASSLTGGWTQPQHF	1
CASSSTGGANSPLHF	1
CASSSGLQPQHF	1
CASSSNRGGGYYGYTF	1
CASSWVRNTEAFF	1
CASSYPGGANTEAFF	1
CASSYQRGLENGYTF	1
CASSYFKLNTEAFF	1
CASSYSGSGGSNQPQHF	1
CASSYSDLFSGRF	1
CASSYSPNTEAFF	1
CASSYSRGAGEKLFF	1
CASSYSRDSNQPQHF	1
CASSYSKGSGNTVYF	1
CASSYSGTNYGYTF	1
CASSYASRKSEAFF	1
CASSYGRGFRYGYTF	1
CASSYGTGDSPLHF	1
CASSYSENTEAFF	1
CASSLPPGTGNTEAFF	1
CASSPPDGWGQPQHF	1
CASSPGTGVWDNSPLHF	1
CASSPAAAPYGYTF	1
CASSPETEINSPLHF	1
CASSPRQGYTEAFF	1
CASSQQGGVLPNDQPQHF	1
CASSVDRGGSPLHF	1
CASSAIRTVENEKLFF	1
CASSAGGTEAFF	1
CASSDTGYDQPQHF	1
CASSDSSGATGELFF	1
CASSDPNNRGGTEAFF	1
CASSEGTTNEKLFF	1
CASSETGTGVEKLFF	1
CASSESGLLSGYGYTF	1
CASSEYQARSAFF	1
CASSEGGTNTEAFF	1
CASSEGDGRAFF	1
CASSEISQGGSPLHF	1
CASSTGTGYFQPQHF	1
CASSFPTGNTEAFF	1
CASSFGGRYGYTF	1
CASSFRGGEKLFF	1
CASSLPSRGDLYGYTF	1
CASSLRDRGSFF	1
CASSLQYYGYTF	1
CASSLVPIAVEAFF	1
CASSLADRASGNTIYF	1
CASSLGNQPQHF	1
CASSLEPGGLYGYTF	1
CASSLYVGAGEAFF	1
CASSLPDRGSNQPQHF	1
CASSLRTLGRLEAFF	1
CASSLVKGPPYGYTF	1
CASSLVPGTHNEKLFF	1
CASSLAGTGFNTDTQYF	1
CASSLAGQGRQPQHF	1
CASSLGLNEAFF	1
CASSLGRTEAFF	1
CASSLDNYGYTF	1
CASSLDYRLPQHF	1
CASSLDNQPQHF	1
CASSLEPVNNSPLHF	1
CASSLTEPVNYGYTF	1
CASSLNRGEAFF	1
CASSLKGTAEAFF	1
CASSSSGPLHF	1
CASSSKAMGNTIYF	1
CASSSRGGRSEAFF	1
CASSSGDYNSPLHF	1
CASSSTVDNSPLHF	1
CASSSNLRDEKLFF	1
CASSSRTGGLNTEAFF	1
CASSLDGGTVNTEAFF	1
CASSPWLWTEAFF	1
CASSPQGMGEKLFF	1
CASSPGQFPTNEKLFF	1
CASSPEAFF	1
CASSPITQHF	1
CASSPRPGNTEAFF	1
CASSPVPGQGMNTEAFF	1
CASSPETGTNTEAFF	1
CASSRAGPHLNTEAFF	1
CASSRGRIGSPLHF	1
CASSRDRGNQPQHF	1
CASSRTAEAFF	1
CASSRTGFRGYTF	1
CASSHRSDVPLGNTEAFF	1
CASSQWNQPQHF	1
CASSQRQGYNSPLHF	1
CASSQGLRELEAFF	1
CASSQGQGREKLFF	1
CASSQDRQETGLTEAFF	1
CASSQEGQVGNSPLHF	1
CASSVVSNTEAFF	1
CASSVVVAGSLMGNTIYF	1
CASSVVSQGTEAFF	1
CASSVGGQENTEAFF	1
CASSASDRVAYGYTF	1
CASSESTGGYGYTF	1
CASSTQTARDSPLHF	1
CASSSSGEGNTIYF	1
CASSKSQAPFYGYTF	1
CASSKGRQSDYGYTF	1
CASSKEQVINYGYTF	1
CASRPTGLNTEAFF	1
CASRVSGNTIYF	1
CASRGRRDYGYTF	1
CASRGVNYGYTF	1
CASRDKTWNTEAFF	1
CASREVNYGYTF	1
CASRTVGGWGTEAFF	1
CASRSGTGTPGNTIYF	1
CASRPPPEANTEAFF	1
CASRPNGTANTEAFF	1
CASNTGLSGNTIYF	1
CASKDRPNEKLFF	1
CATGTGGLEKLFF	1
CATGGNSNQPQHF	1
CASLRIQGRDGYTF	1
CASAGTGGKSNQPQHF	1
CASTERFSGNTIYF	1
CASSSASFNQPQHF	1
CASSPGSGNTIYF	1
CASSAYEQGVGNTIYF	1
CASSGTLQAQNGYTF	1
CASSDKYGYTF	1
CASSESTHGLTLHF	1
CASSEDLNYGYTF	1
CASSELEVLAPLHF	1
CASSLSAGNTEAFF	1
CASSLTRTGTIGNTIYF	1
CASSLTETEAFF	1
CASSLGDSSNQPQHF	1
CASSPGQGEAFF	1
CASSPTQAAKYSNQPQHF	1
CASSRQGNSGNTIYF	1
CASSQSYDRSYGYTF	1
CASSQGLVENTIYF	1
CASSQSQGQITGSGYGYTF	1
CASSQDSGYGYTF	1
CASSQEGQTNQPQHF	1
CASSQISGGGSKLF	1
CASRGPGEKLFF	1
CSVSLGSSGGISNQPQHF	1
CSVPIQGTNTEAFF	1
CSVGPGQNTEAFF	1
CSAPDRVSGNTIYF	1
CSAHGPDRGRRRTEAFF	1
CSASSGGDQPQHF	1
CSASPGTREKLFF	1
CSASGTSEAFF	1
CSARGTGGTTEAFF	1
CSARGGDQPQHF	1
CSARDTEAFF	1
CSARPHGTALF	1
CSARDGFNEKLFF	1
CSARDRVSNQPQHF	1
CSANSAGGYSPLHF	1
CSAKAGASPLHF	1
CSAGSPLHF	1
CSSWDVNYTF	1
CSVASSRNQPQHF	1
CSVEVVQGAPLDF	1
CSVEQGAGNTIYF	1
CSVEAVYGYTF	1
CSVEGGLTEAFF	1
CSVEIQVANGYTF	1
CSVETGYGYTF	1
CSVSPQAGNTIYF	1
CSVRGGLGDTEAFF	1
CSVRQSSYNSPLHF	1
CSVQQGSGEKLFF	1
CSVTRGGSNQPQHF	1
CSVSTGGRTEAFF	1
CSVLQAEAFF	1
CSVGIQGLPGNTIYF	1
CSGAEGEKLFF	1
CASSGDGGTEQYF	3
CASRLAVQETQYF	3
CASSLGQEEYNEQFF	3
CASSEGLAGALTYEQYF	3
CSVAGTRGETQYF	3
CSVVTLHEQYF	3
CAVRGSSYNEQFF	2
CAIGRDSDQETQYF	2
CAISDGRDTGELFF	2
CAISESSRGGETQYF	2
CATSDFSGVGEQFF	2
CATSDYRTGELFF	2
CATSDRLAGEDTQYF	2
CASRKGGYSPLHF	2
CASRGRWASRTDTQYF	2
CASHANYEQYF	2
CASGPRADTQYF	2
CASILAGGSSIQFF	2
CASTPLAQETQYF	2
CASSFSNQPQHF	2
CASSLRGSLYGYTF	2
CASSSLGQGALGYTF	2
CASSYPSAAAETQYF	2
CASSLQAGDTGELFF	2
CASSLDFNQPQHF	2
CASSPGQGTYYEQYF	2
CASSGGNWEKLFF	2
CASSDSGLATDTQYF	2
CASSDASNSYEQYF	2
CASSKEQGVIEQYF	2
CASSLWLSYETGELFF	2
CASSLLPNRQFSYYEQYF	2
CASSLAGLDFHNEQFF	2
CASSLAIKDGSEAFF	2
CASSLALGDGYTF	2
CASSLAVYEQYF	2
CASSLAMHRGTDTQYF	2
CASSLGTGGDEKLFF	2
CASSLDLNTGELFF	2
CASSLIRGYGYTF	2
CASSLTAGDLYNEQFF	2
CASSPPPGANEQFF	2
CASSPGGGQNTGELFF	2
CASSPIAGENTGELFF	2
CASSRTGYEQYF	2
CASSRNPEEETQYF	2
CASSQDLGTTDTQYF	2
CASSAVNYGYTF	2
CASSTGSYEQYF	2
CASRGTSGSRYEQYF	2
CASNPDKNYGYTF	2
CANQAQRGEQETQYF	2
CASGPGDRTDTQYF	2
CASSFSDSRFNYGYTF	2
CASSFVTSGGAGTDTQYF	2
CASSLSGTVSYNEQFF	2
CASSLYSHYEQYF	2
CASSLAWQGVIRSPLHF	2
CASSLAGAVSYNEQFF	2
CASSLAGVGDNEQFF	2
CASSLADPGDTQYF	2
CASSLGPGALSVGYTF	2
CASSLGPGELFF	2
CASSLDLQGPYGYTF	2
CASSLHLYYYNEQFF	2
CASSPGRRSGNWGETQYF	2
CASSPGGRSNQPQHF	2
CASSQGLVSYEQYF	2
CASSQWGQTYEQYF	2
CASSQGTPKKVSYEQYF	2
CASSTQSGGPFDTQYF	2
CASRPDRGHYEQYF	2
CSAPRQGTRETQYF	2
CSAVAGTEYKLAGTTDTQYF	2
CSATNVGGTDTQYF	2
CSARGDRGSYEQYF	2
CSAPPGYTDTQYF	2
CSAVVQGGSPGEQFF	2
CSAGGLAGYNEQFF	2
CSVDRVGYNEQFF	2
CSVGSGNGANEQYF	2
CASRFGTGYGYTF	1
CACPYTF	1
CACGGRGTGELFF	1
CAWSLKNYGYTF	1
CAIADSSYGYTF	1
CAITASNSGNTIYF	1
CAISVQGQNSPLHF	1
CAISALGQGFGGYTF	1
CAISALTVVNTEAFF	1
CAISAASRGTGNTEAFF	1
CAISGEAANTGELFF	1
CAISDWTDPASNTEAFF	1
CAISESSGAVGYTF	1
CAISESRENTEAFF	1
CAISESGGQRDSPLHF	1
CAISELGRTEAFF	1
CAISEEDGPNTEAFF	1
CAISETTGFSNQPQHF	1
CAISERQSATNEKLFF	1
CAISRDRGIQSRNTIYF	1
CAIRSNRFGTEAFF	1
CAIQGASGNTIYF	1
CATSGTRNSPLHF	1
CATSGETGERRAFF	1
CATGDGAEAFF	1
CATSDPGTSNEKLFF	1
CATSRVPPTTDSGNTIYF	1
CATSRVRTGNQPQHF	1
CATRPGTVRYQPQHF	1
CATTRTVNLNYGYTF	1
CASSTRTGGNSPLHF	1
CASSEDRVQPQHF	1
CASCARGLNSPLHF	1
CASRRAAFDQPQHF	1
CASGPWPRTEAFF	1
CASGRYTDSNTGELFF	1
CASGKSWGPDGYTF	1
CASIRDSYTEAFF	1
CASTWTGGMSEAFF	1
CASTRGSEAFF	1
CASTVSPNTEAFF	1
CASTMSRQAFF	1
CASTTGLYSNQPQHF	1
CASSFQGQVNQPQHF	1
CASSLRGVYSNQPQHF	1
CASSLSQVSTEAFF	1
CASSLLGLNTEAFF	1
CASSLGNRVTAAFF	1
CASSLGQTFNQPQHF	1
CASSLEGGWNTEAFF	1
CASSLTEHTEAFF	1
CASSLSQYNSPLHF	1
CASSLRGNTEAFF	1
CASSLNWAYGYTF	1
CASSSGQGAWEKLFF	1
CASSSGVSGNTIYF	1
CASSSNGGYTF	1
CASSYSDEAFGYTF	1
CASSYSGDNQPQHF	1
CASSYSRVREAEAFF	1
CASSYSLQGSTPPLHF	1
CASSYLAAHMNTEAFF	1
CASSYLPIGSYGYTF	1
CASSYQGSDSPLHF	1
CASSYGQGPSMNTEAFF	1
CASSLNSNQPQHF	1
CASSLPNQNSPLHF	1
CASSLRDSDYSPLHF	1
CASSLTGPGYTF	1
CASSPYTGSSYNSPLHF	1
CASSPDRGQPQHF	1
CASSPSRGANTEAFF	1
CASSPPGAFYGYTF	1
CASSPTGGSYNSPLHF	1
CASSPRGQGDSPLHF	1
CASSHQGRGTEAFF	1
CASSQGQEPEAFF	1
CASSVRTDQPQHF	1
CASSVAPGGPGYGYTF	1
CASSALGLEPQHF	1
CASSASGNTEAFF	1
CASSATDTNTEAFF	1
CASSGPVAFF	1
CASSGGTGNQPQHF	1
CASSEWQNTEAFF	1
CASSESWDLGAFNEKLFF	1
CASSEHHSNQPQHF	1
CASSEQEVSPLHF	1
CASSETMNTEAFF	1
CASSESRGVGSPLHF	1
CASSERPRTVNYGYTF	1
CASSMTGPQPQHF	1
CASSTGNTEAFF	1
CASSTILQTGHDQPQHF	1
CASSFGGNGYTF	1
CASSFIGNEAFF	1
CASSLAGDYQPQHF	1
CASSLFFSPLHF	1
CASSLLGLRKNNEKLFF	1
CASSLPTGLANSPLHF	1
CASSLVAGLGTEAFF	1
CASSLVHNTEAFF	1
CASSLAPAGNTEAFF	1
CASSLAGTGKQPQHF	1
CASSLAGGRDRRYGYTF	1
CASSLGRGGNSPLHF	1
CASSLGRAATGTEAFF	1
CASSLGGQGGNQPQHF	1
CASSLGGNTEAFF	1
CASSLGGHITEAFF	1
CASSLDVGKLHFAEEAFF	1
CASSLERQVNTEAFF	1
CASSLEVQPPTF	1
CASSSLLGGEAFF	1
CASSSRQNTEAFF	1
CASSSAGTTGSGELFF	1
CASSSPGLGMNTEAFF	1
CASSSAGEGQPQHF	1
CASSSGQNEKLFF	1
CASSWDSLDYGYTF	1
CASSYLGRENSPLHF	1
CASSYEGRSAFF	1
CASSLRDVDEKLFF	1
CASSLTHTGPHQPQHF	1
CASSLAAGGGVYTEAFF	1
CASSLGQGIGNTIYF	1
CASSLQGSGNTIYF	1
CASSPRDRGGVPNEKLFF	1
CASSPPGQGRSGNTIYF	1
CASSPTRNQPQHF	1
CASSPREGVSTEAFF	1
CASSPQPVGAGNTIYF	1
CASSPGGGYGYTF	1
CASSRSGTTGNTIYF	1
CASSRGGMTEAFF	1
CASSRGQASNQPQHF	1
CASSRTVHSGNTIYF	1
CASSHPKAQGRGEAFF	1
CASSQFRDSGYTF	1
CASSQTGTKGNTIYF	1
CASSQLDGSRQPQHF	1
CASSQQGRTEAFF	1
CASSQAYGFPEAFF	1
CASSQDRGPGNTIYF	1
CASSQTGAGLFF	1
CASSQRSQGIGNTEAFF	1
CASSVGRTGNTIYF	1
CASSVPGQGLF	1
CASSVVGTVQAFF	1
CASSVAGTALGTIYF	1
CASSVGPPVGGDHGYTF	1
CASSVGAGKDQPQHF	1
CASSVGGGAPDTEAFF	1
CASSVMESPLHF	1
CASSVTEDTEAFF	1
CASSALSRGDTEAFF	1
CASSASGGVGLNTGELFF	1
CASSAPGQGNSPLHF	1
CASSGTGGYTEAFF	1
CASSGREAFF	1
CASSEGGREYEKLFF	1
CASSTDRGNSPLHF	1
CASSTGLPSEAFF	1
CASSRHRGGTEAFF	1
CASSNYRGDAEAFF	1
CASRSDRGAEAFF	1
CASRSNGRGYTF	1
CASRRVEAFF	1
CASRVRAGDSPLHF	1
CASRGAAGNTIYF	1
CASRGTGKSEAFF	1
CASRSGTVDNSPLHF	1
CASRPRFAYTEAFF	1
CASRRMGQADQPQHF	1
CASRRTGTGEKLFF	1
CASRARGNGQPQHF	1
CASRAGFDYGYTF	1
CASKGQVNSPLHF	1
CATSDGFSGNTIYF	1
CATQGRDSDYGYTF	1
CASMTGRSTEAFF	1
CASTLGGSKYYGYTF	1
CASTRLGVEGEAFF	1
CASSESVSGNTIYF	1
CASSPRNSNQPQHF	1
CASSRDRATFF	1
CASSHSGTENTEAFF	1
CASSHPRGWTNEKLFF	1
CASSQPGPTGYTF	1
CASSQVQRNTEAFF	1
CASSQAFVMNTEAFF	1
CASSQALSKDRDGEAFF	1
CASSQARDEGKLFF	1
CASSQAERLSYSKLFF	1
CASSQDRRSNSPLHF	1
CASSQEHGRGLELFF	1
CASSRSPLRSDSPLHF	1
CASKRGAADTEAFF	1
CASKRGSENTEAFF	1
CSVPVTGEGGYTF	1
CSVPIGSSNEKLFF	1
CSATPGTSDNSPLHF	1
CSASLPTGNSPLHF	1
CSARDRTTNYGYTF	1
CSARQWDTEAFF	1
CSARGGSGNTIYF	1
CSARDSRRGRGYNSPLHF	1
CSARDLANTEAFF	1
CSARDPAGNYGYTF	1
CSARDPQGTNEKLFF	1
CSAREDGNSPLHF	1
CSANAPSGNTIYF	1
CSAPGLGNTIYF	1
CSGENYKATNEKLFF	1
CSVSDGPTNEKLFF	1
CSVGLRTTNEKLFF	1
CSVGRVNVNTEAFF	1
CSVDTENYGYTF	1
CSVDRGPEAFF	1
CSVETGWGSPLHF	1
CSVEEVQLPGGNTIYF	1
CSVKGILNTEAFF	1
CSVKDSLNEKLFF	1
CSVQGRGDEAFF	1
CSVGQEAGDYTF	1
CSVTRDYGYTF	1
CSVIGDGVEKLFF	1
CSAMRRQADNSPLHF	1
CSGADGASGNTIYF	1
CSGGTGGNTIYF	1
AGMDTEAFF	1
CASGPPGPGETQYF	4
CASSYPSGGYNEQFF	3
CASSRVFRETQYF	3
CASSFVWEQFF	3
CASSFSGPGTDTQYF	3
CASRRDWSYEQYF	3
CAISEELAGVRDTQYF	2
CATSGEAGLNEQFF	2
CATGGTSVTDTQYF	2
CATSDLGTSGSTDTQYF	2
CATSDPRQVIDEQYF	2
CATSDRRGQDTGELFF	2
CATSEAGVQETQYF	2
CATSENSGFQDTQYF	2
CATSRTGDLYNEQFF	2
CATSENTGELFF	2
CASRRQGASNQPQHF	2
CASRTTGVHTGELFF	2
CASFRDGYNEQFF	2
CASTPSGGSSYNEQFF	2
CASTDSGRGTDTQYF	2
CASSFGLGTDTQYF	2
CASSFSTGELFF	2
CASSFSLVGNEQFF	2
CASSLGGLYEQYF	2
CASSLQGNSPLHF	2
CASSLGLSVHEQFF	2
CASSYLREDEQFF	2
CASSYSLEGVEQYF	2
CASSYGAGGSYNSPLHF	2
CASSPSATGELFF	2
CASSPWTGSSYNEQFF	2
CASSPGTAPETQYF	2
CASSDADRIVQLIPNIQYF	2
CASSEGSGELFF	2
CASSFGTGYTYGYTF	2
CASSFSYEQYF	2
CASSLSGGQGREQYF	2
CASSLVYEQYF	2
CASSLGDSYEQYF	2
CASSLGSSAGVNYGYTF	2
CASSLEGAGELFF	2
CASSSYNEQFF	2
CASSSYRRDRDNQPQHF	2
CASSLSSLASGYEQYF	2
CASSLKETQYF	2
CASSRGLADEQYF	2
CASSRAATGELFF	2
CASSHRGGRNEQYF	2
CASSQSSTPDTQYF	2
CASSGGTTYEQYF	2
CASSDSGGETQYF	2
CASSIRREQGTNEQYF	2
CASSTPGLTINEQFF	2
CASSTGWNEQFF	2
CASRSYRGTGELFF	2
CASRRGVRTPSSYNSPLHF	2
CASFHYGTGHTGELFF	2
CASGTSGESGDTQYF	2
CASSLVEGQGAGEQFF	2
CASSLFGQNHEQFF	2
CASSLYDGPTDTQYF	2
CASSLQNIQYF	2
CASSLVGGRDQPQHF	2
CASSLAGTYTGELFF	2
CASSLDSYEQYF	2
CASSLSPSGGASNEQFF	2
CASSSSIAYEQYF	2
CASSSAGGSTGELFF	2
CASSSYNEQFF	2
CASSWGTAFTGELFF	2
CASSLAQGVQYF	2
CASSPRPLLAGGNTGELFF	2
CASSPGILEGNQPQHF	2
CASSPTGITGELFF	2
CASSRTARPGELFF	2
CASSQDLRGGNYGYTF	2
CASSQDVGAGSYNEQFF	2
CASRGTSSSYEQYF	2
CSARALRLAGGEQYF	2
CSAGGDTFNSPLHF	2
CSASGVQGRSYTF	2
CSARGFAESDTQYF	2
CSARDFARDIGQPQHF	2
CSARDLLKTQTEQYF	2
CSARDLPVSTDTQYF	2
CSARISGQGRPGQFF	2
CSASDSLFTDTQYF	2
CSALFPARGSPYEQYF	2
CSALTGNQPQHF	2
CSVRLGAGEQFF	2
CSVGGGIGYEQYF	2
CSVGLGGITDTQYF	2
CASSLSQGTSRNEQFF	1
CALGLLSGTEAFF	1
CAWGGLDNQPQHF	1
CAWTEMDTHGYTF	1
CAWTLGQGETEAFF	1
CAWSDTDRYTEAFF	1
CAWRPRGGNQPQHF	1
CAWKLQGPANYGYTF	1
CALRVLGYGYTF	1
CAIRQNPNSPLHF	1
CAISVGLSSRTGELFF	1
CAISAAGTLGGQAFF	1
CAISAGAVDTEAFF	1
CAISGRGGAGTEAFF	1
CAISGDTNYGYTF	1
CAISGRANYGYTF	1
CAISGGTENTEAFF	1
CAISDAGQENSPLHF	1
CAISESTGPGSSPLHF	1
CAISESISNGYTF	1
CAISEPGTEAFF	1
CAISETNYGYTF	1
CAISELTEAFF	1
CAISEGPNNQPQHF	1
CAISEGRVNSPLHF	1
CAISKEGQLNTEAFF	1
CAISSDRVGYTF	1
CAISPGHGQQIGYTF	1
CAISTDRGEKLFF	1
CAISNRGAPSGNTIYF	1
CAISKDRDSPLHF	1
CAIRGREGGGYTF	1
CAIRDGSSYNSPLHF	1
CAIRGIGQGIIEAFF	1
CAIGQDTEAFF	1
CATGGGPNTEAFF	1
CATTDTYNSPLHF	1
CATSLGLPQHF	1
CATSGTVDEKLFF	1
CATSDFGEKLFF	1
CATSDWPNRSGNTIYF	1
CATSDRDSRYGYTF	1
CATSDRSQAINEAFF	1
CATSTSTGNYGYTF	1
CATSSTGHYSNQPQHF	1
CATSRVGRHNSPLHF	1
CATSRAGVREKLFF	1
CATSRRTEDTEAFF	1
CATQGLNTEAFF	1
CASVPRETYEQYF	1
CASSIWGTEAFF	1
CASKRDNQPQHF	1
CASSPGENTEAFF	1
CASSHPMYREKLFF	1
CASSRGREQPQHF	1
CASLPAPYQPQHF	1
CASRKGGASANYGYTF	1
CASAQPRRGHTIYF	1
CASGDGENSPLHF	1
CASGQGGYTEAFF	1
CASTLGNTEAFF	1
CASTMGQGTEAFF	1
CASTRQGWDTEAFF	1
CASTMRGKDNYGYTF	1
CASSFGSGTRGNTIYF	1
CASSFGQGETVNSPLHF	1
CASSFAGGDEKLFF	1
CASSLSGAGPSGDTIYF	1
CASSLPGGDYGYTF	1
CASSLARAEKLFF	1
CASSLLGGNQPQHF	1
CASSLMGNTIYF	1
CASSLTGAQAFF	1
CASSSGPSLAEAFF	1
CASSSSYRTEDNYGYTF	1
CASSSGTVNQPQHF	1
CASSSAGGLVNEQFF	1
CASSSSHTQYF	1
CASSWRLGEKLFF	1
CASSYFPGPLHF	1
CASSYPGGNYGYTF	1
CASSYRRDPISGNTIYF	1
CASSYAPGADYGYTF	1
CASSYSGLGEQLFF	1
CASSYSRPQYGYTF	1
CASSYDAGEAFF	1
CASSYTPRGYGYTF	1
CASSLSGQGASPLHF	1
CASSLSEKLFF	1
CASSPWSPFATNEKLFF	1
CASSPDGRYGYTF	1
CASSPTSWNTGELFF	1
CASSPAVGWDTEAFF	1
CASSRNRDVGTEAFF	1
CASSRGNTIYF	1
CASSHSGGEVEKLFF	1
CASSHDRLRTEAFF	1
CASSQQGLNTEAFF	1
CASSVMNTEAFF	1
CASSAGIAEAFF	1
CASSAQGYQPQHF	1
CASSGGAQYF	1
CASSDRGDTGELFF	1
CASSEGTWTEAFF	1
CASSEFQGATEAFF	1
CASSEFPLSGTSGGGELFF	1
CASSEQPGTGGSKGYTF	1
CASSEAPQGFKGYTF	1
CASSEAYGSGNTIYF	1
CASSEIPRTSNLRDYGYTF	1
CASSTGTVNSPLHF	1
CASSSLIGTPVNTEAFF	1
CASSNTNYGYTF	1
CASSKTGGGGYTF	1
CASSFGREQPQHF	1
CASSFGQGRTEAFF	1
CASSFTTRIGLFF	1
CASSLRRNTEAFF	1
CASSLVVNTEAFF	1
CASSLVNSPLHF	1
CASSLGGYGGYTF	1
CASSLDGGTEAFF	1
CASSLWENNEKLFF	1
CASSLRAPSGNTIYF	1
CASSLQGTGGLANYGYTF	1
CASSLVSSSREKLFF	1
CASSLVATNEKLFF	1
CASSLVSGTSQPQHF	1
CASSLALAAGELFF	1
CASSLAEGVAFF	1
CASSLARDTNYGYTF	1
CASSLARNQPQHF	1
CASSLAGDWRSGNTIYF	1
CASSLAGTGIAYGYTF	1
CASSLALGSGNTIYF	1
CASSLAAQLMNTEAFF	1
CASSLAGQTNTEAFF	1
CASSLGPGFGEKLFF	1
CASSLGEGFHGYTF	1
CASSLGGEKLFF	1
CASSLGTTNYGYTF	1
CASSLGGFRSGNTIYF	1
CASSLGGAYNEKLFF	1
CASSLGGGLGNTEAFF	1
CASSLGMIMNTEAFF	1
CASSLDGRGSGNTIYF	1
CASSLDYSNQPQHF	1
CASSLDRGTEAFF	1
CASSLRQGANYGYTF	1
CASSSVGGSEAFF	1
CASSSSRVRFTEAFF	1
CASSSRDRYSPLHF	1
CASSSDRDTEAFF	1
CASSSYPGTKAEKLFF	1
CASSWRRPSGAFF	1
CASSYDRDRNTIYF	1
CASSLRQGTGNTEAFF	1
CASSPWVTEAFF	1
CASSPYAGGNAEAFF	1
CASSPLGTGVNSPLHF	1
CASSPPERNTEAFF	1
CASSPRDPNWRPFGYTF	1
CASSPQGARYGYTF	1
CASSPQMNTEAFF	1
CASSPASPQADYGYTF	1
CASSPRTALQAFF	1
CASSPPQGGNEAFF	1
CASSPRTGGGYGYTF	1
CASSPGHSNSPLHF	1
CASSPGFGGYTF	1
CASSPDRVGNQPQHF	1
CASSRQSAYYGYTF	1
CASSRNTGELFF	1
CASSHLRLNTEAFF	1
CASSHGDRAVAFF	1
CASSHDSYGYTF	1
CASSQGYQPQHF	1
CASSQGTGNQPQHF	1
CASSQDRGEKLFF	1
CASSQQGAGNTIYF	1
CASSQVPGVGDNSPLHF	1
CASSQVGGATEAFF	1
CASSQGQGGNEKLFF	1
CASSQDLQPQHF	1
CASSQDHQGLTEAFF	1
CASSQDQGRATEAFF	1
CASSQDGGQPQHF	1
CASSQRGQGLSTEAFF	1
CASSVTGTVNTEAFF	1
CASSVYWGSTEAFF	1
CASSVGGSGNTIYF	1
CASSVGDRVTEAFF	1
CASSVEPGTVYGYTF	1
CASSAEGIGSYTEAFF	1
CASSSASKQRDTEAFF	1
CASSREQGGLFF	1
CASSNGAPDTQYF	1
CASSKTLSRGEAFF	1
CASRPQGYSNQPQHF	1
CASRDGRWNTEAFF	1
CASRTGAEKLFF	1
CASRLSAAGSQPQHF	1
CASRADRGRLDVTEAFF	1
CASNSWDGSYGYTF	1
CASKSPGTNQPQHF	1
CASKTGGNTEAFF	1
CASKVLRDKNTEAFF	1
CASKGLDSPLHF	1
CPWDSENSPLHF	1
CASLGSLGAGDGNTIYF	1
CASSRGTAFATNEKLFF	1
CASSGGTITEAFF	1
CASSDGWSNQPQHF	1
CASSEFWGRVFNTEAFF	1
CASSESTGISSGNTIYF	1
CASSLRERNTEAFF	1
CASSLGEGIYGYTF	1
CASSLSQLVLNTEAFF	1
CASSLNFKVDEAFF	1
CASSWDTPNYGYTF	1
CASSLLYRQPQHF	1
CASSLEGGRTDTQYF	1
CASSRGAWNSEAFF	1
CASSQRTGMRTEAFF	1
CASSQVDMGFPNEKLFF	1
CASSQVSEKLFF	1
CASSQAGNYGYTF	1
CASSQDRRQNPGHYGYTF	1
CASSQDRGHKLTNTEAFF	1
CASSQDKVGTDEKLFF	1
CASSQDSGVSGNTIYF	1
CASSQERAQGGNTIYF	1
CASSATAGAGNTIYF	1
CASSAGLSNQPQHF	1
CSVPQQDHGYTF	1
CSARMTGTNQPQHF	1
CSARRTGGFSPLHF	1
CSADGQPLPEAFF	1
CSAMPRGVAEAFF	1
CSASGVTNEKLFF	1
CSASRQGMGTEAFF	1
CSASIGWNSPLHF	1
CSARQGSGNTIYF	1
CSARGTNEKLFF	1
CSARDWGEERVGLFF	1
CSARDPGSDVSPLHF	1
CSARKQGINTEAFF	1
CSALTPNTEAFF	1
CSAQHEGQEDSNQPQHF	1
CSVWKLNTEAFF	1
CSVVHREAFF	1
CSVGQNTNTEAFF	1
CSVDPYNAEAFF	1
CSVDNRANYGYTF	1
CSVEAGAPGEKLFF	1
CSVETFYRVDTEAFF	1
CSVESLYGYTF	1
CSVELTGQGKAFF	1
CSVEAGQGDGYTF	1
CSVEAQNFDGYTF	1
CSVEGGFYGYTF	1
CSVEDPGGAGTEAFF	1
CSVEDQSRAQHF	1
CSVEDKTALSEAFF	1
CSVETGTGLVYGYTF	1
CSVKGGGNQPQHF	1
CSVLGQGLGEAFF	1
CSVGGGNSPLHF	1
CSVTSDSYSNQPQHF	1
CSVAGLNSNQPQHF	1
CSVGGEGDTEAFF	1
CSAQAGFGYGYTF	1
CSAEGRGLNTEAFF	1
CSGLTGVSTEAFF	1
RASSQAGQINQPQHF	1
SARDGGSYGYTF	1
CASTSFPGETQYF	3
CASSDGLDTGELFF	3
CASSLTGTGGFAVYEQYF	3
CASSLVLRGANYEQYF	3
CSARALRLASSYEQYF	3
CASSLESGGEQFF	2
CAISWTVDEQYF	2
CAISEPWDSPYNEQFF	2
CAISKGQGGETQYF	2
CATSVGPLAGYSEQFF	2
CATSDFGAGVNEQFF	2
CATSDSFDTQYF	2
CASSPPGGCEQYF	2
CASRGHYPRQETQYF	2
CASQTSGSYEQYF	2
CASSFGDTNTGELFF	2
CASSFRTGGPEWGNSPLHF	2
CASSLSTNTEAFF	2
CASSLGGRVNTGELFF	2
CASSSGTSGSLGEQFF	2
CASSSYSGRDIQYF	2
CASSYSTLTGYNSPLHF	2
CASSYSYRLDYEQYF	2
CASSPGLSNTEAFF	2
CASSGGGELFF	2
CASSDIAGTYNEQFF	2
CASSTLAGGPNIQYF	2
CASSFGRRSAGELFF	2
CASSLDNEQFF	2
CASSLWIRGDEQFF	2
CASSLAGTDTQYF	2
CASSSYMEAYEQYF	2
CASSSGLAGALETQYF	2
CASSWGRTSGILGEQYF	2
CASSPKQGDQETQYF	2
CASSRDSYREQYF	2
CASSRSRGGDTQYF	2
CASSHTGNSYNEQFF	2
CASSQRTYEQYF	2
CASSQVYSSYEQYF	2
CASSQVLRESGWQETQYF	2
CASSVQGANGGYTF	2
CASSVTSGSSYEQYF	2
CASSGGQGTNSPLHF	2
CASSIGQGSYNEQFF	2
CASSMGGTSTDTQYF	2
CASRIGGGSYNEQFF	2
CASRNSDRGADTQYF	2
CASEEGYGNEQFF	2
CASSGDRGPSPLHF	2
CASSRDRVDEQYF	2
CASSFSDTGELFF	2
CASSLSGGSHQPQHF	2
CASSLAGGPQHF	2
CASSLTGVEQYF	2
CASSLRLAGGPEQYF	2
CASSSLGGQIQETQYF	2
CASSSGPEAKNIQYF	2
CASSYVDNEQFF	2
CASSLLARNEQYF	2
CASSQVREKKNTGELFF	2
CASSQGGGSSNEQFF	2
CSAPRDLYEQYF	2
CSARVPFTGELFF	2
CSARGLTSLVGDPEQFF	2
CSAREGGETYEQYF	2
CSARIDRGHYEQYF	2
CSARTASYEQYF	2
CSAGQGKEKLFF	2
RASSFYEQYF	2
CAWSPGSAGNTIYF	1
CAGSRDRGPGTEAFF	1
CAGEDQGGNTIYF	1
CAIAHDRGAHQPQHF	1
CAIAGTGDYYGYTF	1
CAITPQGGHGYTF	1
CAISVGFASSGYTF	1
CAISARTGPSGNTIYF	1
CAISALQEGELFF	1
CAISGTGASNQPQHF	1
CAISDRGGTEAFF	1
CAISDQTRQGKGNTIYF	1
CAISESYEGKHEKLFF	1
CAISESGGSDSPLHF	1
CAISESSRGRIHSPLHF	1
CAISEPGTGNYGYTF	1
CAISEVQGSQPQHF	1
CAISEGLAAGEKLFF	1
CAISAGTDQPQHF	1
CAIRPGQGDYGYTF	1
CAIRGRNLGNTIYF	1
CAIKGQPSTEAFF	1
CATSVDDRSKLFF	1
CATSAGEKLFF	1
CATSADDRLNQPQHF	1
CATSGPGQGDYGYTF	1
CATSDPDTNYGYTF	1
CATSDRLLEGYTF	1
CATSDMGSTEAFF	1
CATSPSPPGVGSPLHF	1
CATSRTGGASNGYTF	1
CATSRLAGSGPGHGYTF	1
CATSRSRGAGAGNTIYF	1
CATSRVQGGNEKLFF	1
CATSRDSSGYGYTF	1
CATSRESGLSEKLFF	1
CASSTGGGYNSPLHF	1
CASSSQAGGLNEQFF	1
CASSLSEANTEAFF	1
CASLWDRTTEAFF	1
CASRQGAGMRQPQHF	1
CASHSPDTEAFF	1
CASVIGGPSNYGYTF	1
CASGVSGNTIYF	1
CASGNRGLGAFF	1
CASIPTSGPPAQGEKLFF	1
CASIKQGSSNYGYTF	1
CASTRQGEEKLFF	1
CASTWGPNTEAFF	1
CASTLTPWQAPYGYTF	1
CASTHRRRRNSPLHF	1
CASTNLPGPTEAFF	1
CASTSGAYGYTF	1
CASSFYAYGYTF	1
CASSFYRGSNQPQHF	1
CASSFGGREKLFF	1
CASSFRGHSPLHF	1
CASSLLQGANSPLHF	1
CASSLLQGGESPLHF	1
CASSLAYLGLSNQPQHF	1
CASSLGGLGQPQHF	1
CASSLCVNLREIVNYGYTF	1
CASSLWTGNTEAFF	1
CASSSYLTGTSGNTIYF	1
CASSSQGYTEAFF	1
CASSSGQFNEKLFF	1
CASSSDRMNTEAFF	1
CASSWGLFGVGEAFF	1
CASSYQWDRGYGYTF	1
CASSYSNPGLTSGNTIYF	1
CASSYYPVGNTIYF	1
CASSYRWNTEAFF	1
CASSYRSTRHGYTF	1
CASSYGVNSPLHF	1
CASSYGGGANYGYTF	1
CASSYTYGYTF	1
CASSYSILTEAFF	1
CASSLTGLDTDTQYF	1
CASSLRTGDGYTF	1
CASSPAGAEAFF	1
CASSPRGAYTNTEAFF	1
CASSPGTGSGNTIYF	1
CASSPGAHQPQHF	1
CASSRQGALFSGNTIYF	1
CASSRTSMNTEAFF	1
CASSQLGTAYQPQHF	1
CASSQRRDRGLILHRNNSPLHF	1
CASSVGSGRFEAFF	1
CASSAGYSGNTIYF	1
CASSGRGSPSRTF	1
CASSGFEGATWAQHF	1
CASSGGTEAFF	1
CASSGTGDAFF	1
CASSDFTGPYNSPLHF	1
CASSDAEGSSGNTIYF	1
CASSDSNSPLHF	1
CASSEYRGGTGELFF	1
CASSERETDTQYF	1
CASSEWGSRTEAFF	1
CASSEYYEKLFF	1
CASSEYRVVQSPLHF	1
CASSELAGGQETQYF	1
CASSERTGREPFAEAFF	1
CASSEAGTGFFGYTF	1
CASSEERNIRTARVF	1
CASSEMGFRTEAFF	1
CASSMGWGATNEKLFF	1
CASSTRRAEGRANEKLFF	1
CASSTQGQVGGTIYF	1
CASSFSGLANTEAFF	1
CASSFGGYRQPAFF	1
CASSFGGIEPQHF	1
CASSFQQTNEKLFF	1
CASSFGQGHNSPLHF	1
CASSFTGGTEAFF	1
CASSFRGSAEAFF	1
CASSLSQVNSPLHF	1
CASSLVLGGYTF	1
CASSLATAANVELFF	1
CASSLGTATNYGYTF	1
CASSLDAAYGYTF	1
CASSLEGANREKLFF	1
CASSLVVQGYEKLFF	1
CASSLVDKSGNTIYF	1
CASSLVTWTAYHGYTF	1
CASSLAPSGSSYNEQFF	1
CASSLAGLATSGNTIYF	1
CASSLGFRLDSGNTIYF	1
CASSLGWTDGNEKLFF	1
CASSLGGTATEAFF	1
CASSLGRGNEKLFF	1
CASSLGGANYGYTF	1
CASSLGLEKNPEAFF	1
CASSLGRNWDTEAFF	1
CASSLDPQYNSPLHF	1
CASSLDGTLNTEAFF	1
CASSLDSFQGAEAFF	1
CASSLDGSSPLHF	1
CASSLDGRQPQHF	1
CASSLDRATEAFF	1
CASSLEWGDGLMAGELFF	1
CASSLENAEAFF	1
CASSLTRSSGGAFF	1
CASSLRGPTEAFF	1
CASSSRGTAGNTIYF	1
CASSSNRGRTEKLFF	1
CASSSPRYTEAFF	1
CASSSMMSTEAFF	1
CASSSTDRVTGSPLHF	1
CASSSSLSSDTEAFF	1
CASSSGQAYYGYTF	1
CASSSTGRSSYNSPLHF	1
CASSSDRSTEAFF	1
CASSSRDSGEKLFF	1
CASSWDTEAFF	1
CASSLGPFATNEKLFF	1
CASSLTVNPGTEAFF	1
CASSLGTVINQPQHF	1
CASSPSTGGYGYTF	1
CASSPPTGTNTEAFF	1
CASSPTVGGYNQPQHF	1
CASSPTGGTEAFF	1
CASSPPADIQYF	1
CASSPQGYNSPLHF	1
CASSRGQGGNYGYTF	1
CASSRTGAYGYTF	1
CASSRQGNQPQHF	1
CASSRQDNQPQHF	1
CASSHEYHEAYYGYTF	1
CASSQWADTIYF	1
CASSQILGTEAFF	1
CASSQITGAGNTIYF	1
CASSQSTGPRGAFF	1
CASSQVPPGQEQYGYTF	1
CASSQVAGQGINGYTF	1
CASSQAPYGYTF	1
CASSQAAQATNEKLFF	1
CASSQGATDRIYGYTF	1
CASSQGDRVWAEAFF	1
CASSQDNAGRREKLFF	1
CASSQEDVGLFF	1
CASSQERPDLGGSGNTIYF	1
CASSQTQLMNTEAFF	1
CASSQSGTGRNEKLFF	1
CASSVDTEAFF	1
CASSVGTAYGYTF	1
CASSVVGDTQYF	1
CASSVVQQPFYGYTF	1
CASSVGWVGNQPQHF	1
CASSAGLAGVHEQYF	1
CASSAIPDRPFF	1
CASSANSGQVGNTIYF	1
CASSGPGLLGTPEAFF	1
CASSISPQYGMNTEAFF	1
CASSIVEGVEQPQHF	1
CASSTRTGGRSGYTF	1
CASSTAGGPYEKLFF	1
CASSRQGRYNSPLHF	1
CASSKANGGEAFF	1
CASRPVPGQGGDTEAFF	1
CASRRTGDSPLHF	1
CASRVKTGTNTEAFF	1
CASRVGGSSPLHF	1
CASRGTPSTSTMNTEAFF	1
CASRETATIYGYTF	1
CASRSWQKNTEAFF	1
CASRLLSGIAEAFF	1
CASRAAGVGYEEAFF	1
CASRTTDRVDSPLHF	1
CASRKDRSNQPQHF	1
CASNPSGGVGELFF	1
CASKSKQGNYGYTF	1
CARSGDEAFF	1
CASPDRSSVNTEAFF	1
CASTPGWAGNTIYF	1
CASSPKTQGAGNQPQHF	1
CASSRDLSTNEKLFF	1
CASSAPGQGRDSNQPQHF	1
CASSGTVNTEAFF	1
CASSERPNEKLFF	1
CASSELPMNTEAFF	1
CASSLAGITEAFF	1
CASSLGQTEAFF	1
CASSLGGSPLHF	1
CASSLRREGTEAFF	1
CASSSQGNTEAFF	1
CASSWTGSNSPLHF	1
CASSLKDVTDRTEAFF	1
CASSPTGSTEAFF	1
CASSPTGQGSTEAFF	1
CASSHTIYF	1
CASSQWTVNTEAFF	1
CASSQGQGDYGYTF	1
CASSQTAGQGSKNTEAFF	1
CASSQRGGQDNSPLHF	1
CASSQAPDRIYGYTF	1
CASSQGRYSEAFF	1
CASSQDFGRGQGSNQPQHF	1
CASSQDGRLGEKLFF	1
CASSQDGGSGNTIYF	1
CASSQEDRGGTNEKLFF	1
CASSAGTGNTEAFF	1
CASSEGTALNEKLFF	1
CASSITGADTIYF	1
CASRPRQGRSEAFF	1
CSVAGDRVDLNSPLHF	1
CSAPATGQGNSPLHF	1
CSARRQGVWGYSNQPQHF	1
CSASTQNYGYTF	1
CSASSEIEAFF	1
CSARSQHTGELFF	1
CSARDRTGGRDTEAFF	1
CSAKWGRVAEAFF	1
CSAPSWNRLTTNEKLFF	1
CSARRPQNEKLFF	1
CSARGGSGNQPQHF	1
CSAAPDRGAFF	1
CSAGQGISNEKLFF	1
CSADMGTGDGYTF	1
CSAKLEDRYTEAFF	1
CSARDGLANYGYTF	1
CSLSLNTEAFF	1
CSSISTGNTIYF	1
CSVRGRAGGTEAFF	1
CSVQEGATEAFF	1
CSVVDRVMGTLHF	1
CSVGRRQRNTEAFF	1
CSVGRATEAFF	1
CSVGKGGPGEKLFF	1
CSVEGELGTEAFF	1
CSVEGVPNTEAFF	1
CSVLEGGGTEAFF	1
CSVRVLGVLNEKLFF	1
CSASEAGDSGNTIYF	1
CSAPGQGGTEAFF	1
YSVDPSGAYYGYTF	1
RASGRINSPLHF	1
CSASPKRLYSGANVLTF	6
CSAHHSGGGVEQFF	5
CASSFAKFYEQYF	3
CASSLHGDPSSYNEQFF	3
CASSVDPIGDNEQFF	3
CSVVTSGSGYEQFF	3
CAIQGAGDPYEQYF	2
CAISDPDNEQFF	2
CAISESDGLAKNIQYF	2
CAIKQGLIPNTGELFF	2
CATSSWASYNEQFF	2
CATSDSTSGEETQYF	2
CATSDSGLAGSRDEQFF	2
CASRASFNNEKLFF	2
CASRDRGRNEQFF	2
CASATLMGVDTQYF	2
CASTPAGTYNEQFF	2
CASSLLAIQPEQYF	2
CASSLLTAYEQYF	2
CASSLFTGTQETQYF	2
CASSRTLGQALEQYF	2
CASSDDSGRTNEQYF	2
CASSDGSINYGYTF	2
CASSILTSGSSYEQYF	2
CASSTQGARGYTF	2
CASSLRRSSTDTQYF	2
CASSLYRTGVQSYNSPLHF	2
CASSLGAQETQYF	2
CASSLGLGQGSHEQYF	2
CASSLITREETQYF	2
CASSLSGGGAYEQYF	2
CASSSLPGRFEQFF	2
CASSWTANRFSTDTQYF	2
CASSYTGGSSDTQYF	2
CASSLRADTGELFF	2
CASSLASQRGRRETQYF	2
CASSPSNRAGNIQYF	2
CASSPIPDGSTDTQYF	2
CASSPYGQGRADTQYF	2
CASSRRAYEQYF	2
CASSQGRDGEAFF	2
CASSQDFGAPNTDTQYF	2
CASSAKLRRSYQETQYF	2
CASSSIGGGLGETQYF	2
CASRHTGNGYTF	2
CASRTTSGGGETQYF	2
CASSFLSGENTGELFF	2
CASSLALAEQFF	2
CASSLDPNREQYF	2
CASSLEGRTADTQYF	2
CASSLETATDTQYF	2
CASSLEVGSTDTQYF	2
CASSSGQGVNTEAFF	2
CASSLGLAGAGELFF	2
CASSLTDTQYF	2
CASSPGDRDIQYF	2
CASSPGLGTDTQYF	2
CASSPIAGGTTDTQYF	2
CASSRPVGNEQFF	2
CASSQSKGLTDTQYF	2
CASSQDSGPRPNEQFF	2
CASSQRGQGTYEQYF	2
CASSDGLEGTQYF	2
CSALGLQETQYF	2
CSAQSQETQYF	2
CSAGEGLGYNEQYF	2
CSASTPGTGHHEQYF	2
CSAREGEYEQYF	2
CSARIHPYSNQPQHF	2
CSARSGGPYEQYF	2
CSVEDRLAGDQDTQYF	2
CSVARGAGQYGYTF	2
CAWLGRAEGYTF	1
CAWDTGVYGYTF	1
CAISALEGEKLFF	1
CAISQGTEGYTF	1
CAISGTGTCCGNTIYF	1
CAISGTGTEAFF	1
CAISDVRGLTRDTEAFF	1
CAISESQGSATEAFF	1
CAISESAYGYTF	1
CAISESGETQYS	1
CAISESTGGYGYTF	1
CAISEQQGGWTEAFF	1
CAISEGSGEKLFF	1
CAISKDTPSSPTNEKLFF	1
CAISPKPFYGYTF	1
CAISPQGTEAFF	1
CAISDGAGASYEQYF	1
CAIRSRDAEAFF	1
CAIRRQGGNYGYTF	1
CAIKWRTNTEAFF	1
CAIKKVRMNTEAFF	1
CATRGRNTEAFF	1
CATVDSIGETQYF	1
CATDLPEGAFF	1
CATSAEGTASYGYTF	1
CATSGRERTEAFF	1
CATSDLGYGYGYTF	1
CATSDSGGTYGYTF	1
CATSDRQGDGSEKLFF	1
CATSDYRQTEAFF	1
CATSDTTGYSNQPQHF	1
CATSSMGSGNTIYF	1
CATSREPGQEPSGNTIYF	1
CATSRVEEFNQPQHF	1
CATSRDLMFLGYTF	1
CATSRDRGTEAFF	1
CATSRERTDNEKLFF	1
CATSREAGGNSPLHF	1
CATSREGTRALHEAFF	1
CATSKGTLNTEAFF	1
CATSDSLYNSPLHF	1
CASSHDRVNTEAFF	1
CASKESYNSPLHF	1
CASLRQNTEAFF	1
CASSSSTAEKLFF	1
CASSPQGTGELFF	1
CASSPQGSGYTF	1
CASLTGGTSTQAFF	1
CASLTRRGRRNTEAFF	1
CASRTPDGGNTIYF	1
CASRTQLSYGYTF	1
CASGQMDVNEKLFF	1
CASGRQERDTEAFF	1
CASGPFVSYNEQFF	1
CASGVSYGQHYGYTF	1
CASGITGFSFGYTF	1
CASITASGNEAGNTIYF	1
CASTSGQGTEAFF	1
CASTRTTGTEAFF	1
CASTGTGNYGYTF	1
CASTNGQVRWDSPLHF	1
CASSFYTGQTREKLFF	1
CASSFLEGTEAFF	1
CASSFGVATEAFF	1
CASSFSLYGYTF	1
CASSFPGAGEKLFF	1
CASSFRTGRNSPLHF	1
CASSLAVPDQETQYF	1
CASSLFQGDGYTF	1
CASSLWGMGGTEAFF	1
CASSLYYQGRNTEAFF	1
CASSLYPPNTEAFF	1
CASSLYGGTIGEKLFF	1
CASSLGFYGYTF	1
CASSLGGNQPQHF	1
CASSLGPWGTEAFF	1
CASSLEGGSQPQHF	1
CASSLEDRENSPLHF	1
CASSLTPGGPGNTIYF	1
CASSLRGTGEAFF	1
CASSLKGRRTEAFF	1
CASSSEWMNTEAFF	1
CASSYLGRQNTEAFF	1
CASSYLGGSAFF	1
CASSYSLTGAKNIQYF	1
CASSYSGGGQPQHF	1
CASSYSDRISSYNSPLHF	1
CASSYSTTNYGYTF	1
CASSYSTRAEAFF	1
CASSYSRQGAEAFF	1
CASSYSNGSPLHF	1
CASSYSGIGSHSNQPQHF	1
CASSYSGTGGGSPLHF	1
CASSYYWGRENSPLHF	1
CASSYGVLSYNSPLHF	1
CASSYTDSAYGYTF	1
CASSYRTVNSPLHF	1
CASSLRLNTEAFF	1
CASSPLHQGGGSPLHF	1
CASSPDGDGYTF	1
CASSPGGGNTEAFF	1
CASSRRGGTEAFF	1
CASSHRGNTEAFF	1
CASSVYTGTANYGYTF	1
CASSVRENTEAFF	1
CASSVAGHRNYGYTF	1
CASSAHGGRDYGYTF	1
CASSARETFF	1
CASSARGRPTQGHSNQPQHF	1
CASSGQGAGQPQHF	1
CASSGQRDQPQHF	1
CASSGGGNQPQHF	1
CASSGTGGRSPLHF	1
CASSDSIESTIYF	1
CASSDCCQGMTEAFF	1
CASSDLIGQGLEAFF	1
CASSESRNTEAFF	1
CASSERVGNQPQHF	1
CASSEPNQPQHF	1
CASSEAFSSRSNQPQHF	1
CASSEEWAGSGNQPQHF	1
CASSEILGHQPQHF	1
CASSETLTRDNSPLHF	1
CASSIGQGAAATNEKLFF	1
CASSITGTGNSPLHF	1
CASSKYTEAFF	1
CASSFLGDTEAFF	1
CASSFAGRGTEAFF	1
CASSFVGEAFF	1
CASSFGSNTGELFF	1
CASSFGSSGNTIYF	1
CASSFDKAYGYTF	1
CASSLQGWNSPLHF	1
CASSLGGGQPQHF	1
CASSLMDSNYGYTF	1
CASSLTLGTGGNQPQHF	1
CASSLFRGGDTQYF	1
CASSLFAGGPDTQYF	1
CASSLYRGPGNTIYF	1
CASSLLRSEAFF	1
CASSLPGLAAPYEQYF	1
CASSLVRGTEAFF	1
CASSLVRNTIYGYTF	1
CASSLVTGENTEAFF	1
CASSLAREVHYGYTF	1
CASSLAYSLTDTQYF	1
CASSLAPRLVGNTIYF	1
CASSLGRGLTIYF	1
CASSLGRVGQPQHF	1
CASSLDRVGSWRTEAFF	1
CASSLDRGRSEAFF	1
CASSLEGTEDSPLHF	1
CASSLEETGNQPQHF	1
CASSLETGTRGYTF	1
CASSLETGLYPGNTIYF	1
CASSLEGVQPQHF	1
CASSLTLSDSSEAFF	1
CASSSLGMSPEAFF	1
CASSSPREEFVNTEAFF	1
CASSSGRPSNYGYTF	1
CASSSGPVGAEAFF	1
CASSSNYGYTF	1
CASSSQRVPGKNTEAFF	1
CASSWAGRQPQHF	1
CASSWTANEAFF	1
CASSYLAGGAFPEKLFF	1
CASSYRQGTEAFF	1
CASSLGRTEAFF	1
CASSLGQGIEKLFF	1
CASSLWGLYRGATEAFF	1
CASSLGYELFF	1
CASSLETVGGWGKLFF	1
CASSLLPDGYSGNTIYF	1
CASSPPRGSYEQYF	1
CASSPATGTNSGNTIYF	1
CASSPGYRGYGYTF	1
CASSPGRGNTEAFF	1
CASSPSATNEKLFF	1
CASSPAPYMNTEAFF	1
CASSPRQATNEKLFF	1
CASSRRGLNEKLFF	1
CASSRQGSRQPQHF	1
CASSRKTGAVDTEAFF	1
CASSRGGPYSGNTIYF	1
CASSRDRATDTQYF	1
CASSHFSVYNSPLHF	1
CASSQGTATSGNTIYF	1
CASSQTGVGEKLFF	1
CASSQTGVGSPLHF	1
CASSQGFLSGGDGYTF	1
CASSQGLLSPMGQYF	1
CASSQDFSSTGNTIYF	1
CASSQDLGRATEAFF	1
CASSQELAVKNIQYF	1
CASSQETGGGMNTEAFF	1
CASSQRATMNTEAFF	1
CASSVYLSSTDTQYF	1
CASSVGGTENTEAFF	1
CASSVGDRVYGYTF	1
CASSVDMGVGELFF	1
CASSAVNSPLHF	1
CASSAGQMNTEAFF	1
CASSAATVRSYEQYF	1
CASSAIPGQGEGAFF	1
CASSGDLRADRPGKLFF	1
CASSDPRGIEKLFF	1
CASSTGQGNTEAFF	1
CASSNRDRGYSPLHF	1
CASRPGAASFYGYTF	1
CASRPGGNWNQPQHF	1
CASRPTGRDYGYTF	1
CASRVQYTEAFF	1
CASRARDGYGYTF	1
CASRGAADGYTF	1
CASRTGLQSPLHF	1
CASRPGQANTEAFF	1
CASRGGGYTF	1
CASRGQGTETQYF	1
CASRKGGDYGYTF	1
CASNEQGPYGYTF	1
CASNIGSYNSPLHF	1
CASKFSGGTEAFF	1
CAGGPAPNYGYTF	1
CSHGGAFF	1
CAGGQYNTEAFF	1
CATGVNTEAFF	1
CASAGRPNTEAFF	1
CASGLQVGLGTPLHF	1
CASSGLRGQGNTIYF	1
CASSESGGQPQHF	1
CASSESIRAAGYTF	1
CASSEYLPSTDTQYF	1
CASSETGRNYGYTF	1
CASSFLTGANDYGYTF	1
CASSFEPFVSGNTIYF	1
CASSLAPGRNYGYTF	1
CASSLARTGGGSPLHF	1
CASSSGDSNYGYTF	1
CASSPRPGQGADYGYTF	1
CASSPTGSFLNSPLHF	1
CASSPDLDREVCF	1
CASSRAGPSNEKLFF	1
CASSRGQGSGNTIYF	1
CASSQRGTSGNTIYF	1
CASSQRAYRAEAFF	1
CASSQHNGYTF	1
CASSQVSMNTEAFF	1
CASSQVPGRKNTEAFF	1
CASSQDPGSTEAFF	1
CASSQDWDQPQHF	1
CASSQEPGFRLAFF	1
CASSQEAGSIVGYTF	1
CASSQEGGNTIYF	1
CASSQEGSRYTF	1
CASSEWGRWTEAFF	1
CASSIGQGHSGNTIYF	1
CASSKGRVNTEAFF	1
CASRGDPIGPQHF	1
CTGRTGALGNTEAFF	1
CSVRHRGYEKLFF	1
CSASTFPMNTEAFF	1
CSAYDRENQPQHF	1
CSAQAFF	1
CSAGGTGEGYTF	1
CSATTPDRGNQPQHF	1
CSATPGGYSGNAIYF	1
CSATGTADEKLFF	1
CSATSSNQPQHF	1
CSASLAAFNTEAFF	1
CSASAGAYNQPQHF	1
CSASKGGNGEKLFF	1
CSASYIPVNTEAFF	1
CSASADTGNQPQHF	1
CSASRGSNTEAFF	1
CSARTNRGVWTEAFF	1
CSARPGATNEKLFF	1
CSARPGQGPNYGYTF	1
CSARGRQDSDPQHF	1
CSARGQGRSPLHF	1
CSARDSRAADTQYF	1
CSARDGGPGWKLFF	1
CSARDSNYGYTF	1
CSARREGGYTF	1
CSARNIVGDSNQPQHF	1
CSAWTGSYGYTF	1
CSAPGGGNTIYF	1
CSADRPSGQNEKLFF	1
CSARTAHYGYTF	1
CSARRTGREAFF	1
CSVQGQGNQPQHF	1
CSVDASQGEGEKLFF	1
CSVELGGGTEAFF	1
CSVEGNYGYTF	1
CSVEGPEANYGYTF	1
CSVEEQGGTEAFF	1
CSVTTGIYGYTF	1
CSVRGQIGNYGYTF	1
CSVVPRRTNYGYTF	1
CSVDGQGYGYTF	1
CSAYPGQETEAFF	1
CSAQDRENTEAFF	1
CSAEAGANTEAFF	1
CSAGDPNEKLFF	1
CSAGVGITEAFF	1
CSATGGSNQPQHF	1
CSGVGTLRGSTEAFF	1
RASRLRERPSYTF	1
RASTIYHREVGNQPQHF	1
RASSLTRVSNQPQHF	1
RASSLSRVNSPLHF	1
CASTRDAGPYEQYF	3
CASSSGLSREETQYF	3
CASSPRGNTGELFF	3
CASSLGGTPYEQYF	3
CASSYYRDTHYGYTF	3
CASSRQSFQETQYF	3
CASSLLGDDYNEQFF	3
CAWTWRVTGELFF	2
CAISEPATDTQYF	2
CATSDLPQGTGDANTQYF	2
CATSEGTSGRETQYF	2
CATSREGQDNSPLHF	2
CASERTGNTEAFF	2
CASTQVGANQPQHF	2
CASSFKSFTGELFF	2
CASSFRTGTDTQYF	2
CASSFGHSGGEQYF	2
CASSFGWDTEAFF	2
CASSLGSLNSPLHF	2
CASSLRSGGTETQYF	2
CASSYSLEQYF	2
CASSPRGGARETQYF	2
CASSPDLPVAGYTF	2
CASSVGQGDYNEQFF	2
CASSVHEISSGELFF	2
CASSGWDYETQYF	2
CASSDSQDFQGTGELFF	2
CASSDYSETQYF	2
CASSESSEAYNEQFF	2
CASSFPASGGIQAGELFF	2
CASSLEANNEQFF	2
CASSLPGLAAF	2
CASSLVPRSLNNEQFF	2
CASSLAGTGETQYF	2
CASSLGGNYGYTF	2
CASSLRLVYNEQFF	2
CASSSNSQTVTDTQYF	2
CASSWGGHQPQHF	2
CASSWEQGYEQYF	2
CASSLWAGGSTDTQYF	2
CASSPGYNYEQYF	2
CASSPTSGDYNEQFF	2
CASSRDRDQPQHF	2
CASSHRLAGGYEQFF	2
CASSQGTSGPYNEQFF	2
CASSQEGTAESQYF	2
CASSTGSRYYGYTF	2
CASSKASVAGEQKYNEQFF	2
CASRRTSGGYEQYF	2
CASKRTGVGWPQHF	2
CASTSGQEAFF	2
CASSFLAGGTTDTQYF	2
CASSLFGLTAKNIQYF	2
CASSLVLFRGPYNEQFF	2
CASSLALANEQFF	2
CASSLGTDNTGELFF	2
CASSLDYTGELFF	2
CASSLDSGTDTQYF	2
CASSLETSYNSPLHF	2
CASSSGLAGGLNNEQFF	2
CASSYTDTQYF	2
CASSQGPGGNTEAFF	2
CASSQTTEQPVYEQYF	2
CASSADLNRRLEQFF	2
CASSDLSGGRGYTF	2
CASRGVSYEQYF	2
CSAPPDGYNEQFF	2
CSAGGRMGWETQYF	2
CSASLPGGDYNEQFF	2
CSASKTSGRGNEQFF	2
CSASAHSYRDRGHEQYF	2
CSARAWTRTDTQYF	2
CSARDQGLGQSGTYEQYF	2
CSASERESSPLHF	2
CSASTGTTDTQYF	2
CSATRQGHEQFF	2
CSVSDTSWGTDTQYF	2
CSVEVLKRDPSYNEQFF	2
RASLAGAADTQYF	2
CVSGDDFNYGYTF	1
CASSLNGPNEKLFF	1
CASAPADSPLHF	1
CASSLGGFGTEAFF	1
CASGTLYSNQPQHF	1
CAVQAGATDRLFF	1
CAVRGTNTIYF	1
CAVGQDSNQPQHF	1
CAITAGVEAFF	1
CAITGTGRSGNTIYF	1
CAISQQGNYGYTF	1
CAISAEGMNTEAFF	1
CAISDRGQGNYNSPLHF	1
CAISDVGTGDQPQHF	1
CAISDPKGGRIAYGYTF	1
CAISDTTLGNTEAFF	1
CAISESYRINTEAFF	1
CAISESMDWHNSPLHF	1
CAISEQFRDRGGFSEAFF	1
CAISEGPAGPNTGELFF	1
CAISEEGRSFSNQPQHF	1
CAISEREARMSEKLFF	1
CAISETENEKLFF	1
CAIRYRNYGYTF	1
CAIVDRDANTGELFF	1
CATSLDSYYGYTF	1
CATSGPLTGDEQYF	1
CATSGSRASYNEQFF	1
CATSDDTSLDYGYTF	1
CATSDSDRPQLFF	1
CATSDWDGYTF	1
CATSVSGSNQPQHF	1
CATSRDRGAEKLFF	1
CATSRDRDTLNTEAFF	1
CATSRRTGTDEKLFF	1
CATRDSPVNSPLHF	1
CATRSQRNTEAFF	1
CATGTDWEGKNTEAFF	1
CASSDRVEADTQYF	1
CASIQGAGNSPLHF	1
CASSIVGYGYTF	1
CASSKGQGDQPQHF	1
CASRLGGGASPLHF	1
CASSTGVFFTSGYTF	1
CASSRKGTEAFF	1
CASSRDPGQAGGLFF	1
CASCRQGFGKLFF	1
CASPTGPGNTIYF	1
CASRRESYNSPLHF	1
CASRHSGTGRGGYTF	1
CASHIPRDRGIAEAFF	1
CASGDSRREKLFF	1
CASGTGLNTEAFF	1
CASEGVGSYNSPLHF	1
CASTLGGSGNTIYF	1
CASTPERLQGTTGNTIYF	1
CASTPWVSTGTDTQYF	1
CASTQEGISYGYTF	1
CASTLTTVTQENTIYF	1
CASTAYEKLFF	1
CASTERRPGESYGYTF	1
CASTRQGQSRYGYTF	1
CASTSRDSVKAFF	1
CASTSTGLSSYNSPLHF	1
CASTPVSGINEQYF	1
CASTVGQGMVEAFF	1
CASSFSGPAGLNEKLFF	1
CASSFYPRDSRNQPQHF	1
CASSFTKNTEAFF	1
CASSFPQGADTEAFF	1
CASSFPTGTGSRYTF	1
CASSFKSGNTIYF	1
CASSLLDRDYYGYTF	1
CASSLAISPLHF	1
CASSLGTNSPLHF	1
CASSLDSVNSPLHF	1
CASSLRAGTNTEAFF	1
CASSLSRLALAFF	1
CASSLSAGGNTEAFF	1
CASSLSQGSELFF	1
CASSLSQQNSLGGNQPQHF	1
CASSLPPVTAHTEAFF	1
CASSLRALPSSYNSPLHF	1
CASSLGGIGYTF	1
CASSLIGGLNYGYTF	1
CASSLRGPGAEKLFF	1
CASSSQSDWDRKDTEAFF	1
CASSSPTLKEVETQYF	1
CASSSRRDLPYGYTF	1
CASSSGLRWGSNQPQHF	1
CASSSAGQGVYYINRPDYGYTF	1
CASSSGTRNQPQHF	1
CASSWGQHYNSPLHF	1
CASSYQGKKLFF	1
CASSYSGGSTDTQYF	1
CASSYSGSEAFF	1
CASSYSMDLTEAFF	1
CASSYSFGQGVNTEAFF	1
CASSYSRDRGYGYTF	1
CASSYSGQGAEAFF	1
CASSYSIGYTEAFF	1
CASSYSKGQPQHF	1
CASSYRSGRISGNTIYF	1
CASSYGEKLFF	1
CASSYGRGQLSALGGPGYTF	1
CASSYRRFSKEAFF	1
CASSLRDNYSPLHF	1
CASSLYSIQGAHKTEAFF	1
CASSPSTRGTEAFF	1
CASSPSGWNSPLHF	1
CASSPRRGNTEAFF	1
CASSPVMGQPQHF	1
CASSPGTYYQPQHF	1
CASSPQGINNQPQHF	1
CASSPGDRASGYTF	1
CASSRVRNTIYF	1
CASSHDRNTEAFF	1
CASSHTDNTIYF	1
CASSHRGANTEAFF	1
CASSHRGLRPQHF	1
CASSQDRVRSPLHF	1
CASSVWSSGNTIYF	1
CASSATGMETEAFF	1
CASSGVRGKANYGYTF	1
CASSDIGDISNGNQPQHF	1
CASSEGPGGEKLFF	1
CASSEVGTDNSPLHF	1
CASSEGGATNEKLFF	1
CASSTPGTLYEAFL	1
CASSTGQGQAEAFF	1
CASSFSGYETEAFF	1
CASSFQGSNQPQHF	1
CASSFSRGFNSPLHF	1
CASSFRGIGSGNTIYF	1
CASSFGQKNTGELFF	1
CASSFTVEGNTIYF	1
CASSFRSGDSPLHF	1
CASSLVVTGDEKLFF	1
CASSLAQGYTF	1
CASSLGPEAFF	1
CASSLGQGAGSPLHF	1
CASSLRAGSSSSPLHF	1
CASSLRTLVTNEKLFF	1
CASSLFRGRKTNEKLFF	1
CASSLSSYGYTF	1
CASSLLLHGISGNTIYF	1
CASSLPTPYTEAFF	1
CASSLRVGYGYTF	1
CASSLVAGEAFF	1
CASSLVEYTEAFF	1
CASSLAGGTEAFF	1
CASSLARGRQKLFF	1
CASSLARDYGYTF	1
CASSLAPGGEKLFF	1
CASSLAQGTGGTEAFF	1
CASSLAAKDEKLFF	1
CASSLAAGASGNTIYF	1
CASSLAGGGAQGTQYF	1
CASSLGYSGNTIYF	1
CASSLGVYPNQPQHF	1
CASSLGKAGKRQLFF	1
CASSLDQLRNTEAFF	1
CASSLDGRTGGEKLFF	1
CASSLDEEKLFF	1
CASSLEVGTEAFF	1
CASSLEAGTEAFF	1
CASSLEGGSGYTF	1
CASSLELGGTNGYTF	1
CASSLELGRAFF	1
CASSLERGRNTIYF	1
CASSLILAGGGEQFF	1
CASSSPGELHTEAFF	1
CASSSHIQNPSYGYTF	1
CASSSTLQGVGNTIYF	1
CASSSGGANEKLFF	1
CASSSERILHF	1
CASSSPPTRVGDTEAFF	1
CASSSQWAVSVTEAFF	1
CASSSGKGVTEAFF	1
CASSSTAGDDTEAFF	1
CASSWGQGDGYTF	1
CASSYPVGTGNTIYF	1
CASSYPTGTEAFF	1
CASSLGTGLNTEAFF	1
CASSLRWGLADAKNIQYF	1
CASSLPGRSLDGYTF	1
CASSPVLYTGELFF	1
CASSPYGAGDYGYTF	1
CASSPRDVRGYTF	1
CASSPQPAGNTIYF	1
CASSPGTGDTEAFF	1
CASSPGQGGGYTF	1
CASSPTAPRMNTEAFF	1
CASSPYSYGYTF	1
CASSPGGHRGEGITEAFF	1
CASSPRSGGSTLHF	1
CASSPVTVGDTEAFF	1
CASSPGGEAFF	1
CASSPRQGVNSPLHF	1
CASSRGQNTEAFF	1
CASSRQRGEKLFF	1
CASSRTTGKSGNTIYF	1
CASSRKPHRTNYGYTF	1
CASSHSQGQNTEAFF	1
CASSHRSNQPQHF	1
CASSQPPTGELFF	1
CASSQGVLSNQPQHF	1
CASSQDGGFSGNTIYF	1
CASSVGILSENEKLFF	1
CASSVASRFTEAFF	1
CASSVAIGPNYGYTF	1
CASSVGIGNSGNTIYF	1
CASSVDRGLRSTEAFF	1
CASSVELNTEAFF	1
CASSVEAVMDSPLHF	1
CASSASDQPQHF	1
CASSARTSGNTIYF	1
CASSAKDRGQTEAFF	1
CASSGQGAANTEAFF	1
CASSGTGGAGSNSPLHF	1
CASSGTNNSPLHF	1
CASSDLGENEKLFF	1
CASSEAGVNWNTEAFF	1
CASSMGDGYTEAFF	1
CASSTRPREREKLFF	1
CASSTRRPEGWSSSGNTIYF	1
CASSKVKMNTEAFF	1
CASRRAAAGELFF	1
CASRVSNTEAFF	1
CASRVNRGAGTEAFF	1
CASRVERESPLHF	1
CASRGTRGTEAFF	1
CASRGTSGRTVFGIQYF	1
CASRGSVGERNTEAFF	1
CASRDLIGAFF	1
CASRDRGAGNTIYF	1
CASRMGFGLMNTEAFF	1
CASRRGLSNSPLHF	1
CASRKTANTEAFF	1
CASRFASGTGGSPLHF	1
CASRSYGRVNNQPQHF	1
CASRLSGGNTIYF	1
CASRLQGRDTEAFF	1
CASRQTGGSPLHF	1
CASRDLQGVNTEAFF	1
CASNLAGRSSTDTQYF	1
CASKGSRPDTEAFF	1
CASKNRGDSPLHF	1
CASKPGAGQGNTIYF	1
CATDSTNTEAFF	1
CASRLAPTSNQPQHF	1
CASQRTGPENTIYF	1
CASGTGFESSPLHF	1
CASSRDTQATNEKLFF	1
CASSVQGVNTEAFF	1
CASSDSQGGSVTEAFF	1
CASSESILGAYSNQPQHF	1
CASSEQGWDQPQHF	1
CASSEGNSDQPQHF	1
CASSIGGSPGEAFF	1
CASSRGGLNTEAFF	1
CASSFGGSGNTEAFF	1
CASSLALQSPLHF	1
CASSLAKGANTEAFF	1
CASSLTLAGIGTEAFF	1
CASSSGPDFEAFF	1
CASSSTGLGTEAFF	1
CASSSPLSEPQHF	1
CASSRSGAGGYGEKLFF	1
CASSHLMNTEAFF	1
CASSHPMAARGNSGNTIYF	1
CASSQLGLPNSPLHF	1
CASSQYDRNHQPQHF	1
CASSQPLSGNTIYF	1
CASSQRQPTNEKLFF	1
CASSQVASPRVTF	1
CASSQALYSGNTIYF	1
CASSQAGTGNEKLFF	1
CASSQGPGTAGNTIYF	1
CASSQEDRGRAFYGYTF	1
CASSQEGTSNEKLFF	1
CASSQRGPGPEKLFF	1
CASSGGLPEDSPLHF	1
CASSTDGPPGSPLHF	1
CASRDNNQPQHF	1
CSVLLRDRDSPLHF	1
CSVPDTLTGNTIYF	1
CSALQGSYNSPLHF	1
CSALDQGIGNTIYF	1
CSARGDLGTEAFF	1
CSAQGAGQPQHF	1
CSAIRGQEKLFF	1
CSATGTGGYGYTF	1
CSATGNTEAFF	1
CSASSVRGDSNQPQHF	1
CSASGVSYGYTF	1
CSARLGRGNQPQHF	1
CSARPVNQPQHF	1
CSARDERSNEKLFF	1
CSARPHSGGLGQPQHF	1
CSARGRDTPTSEPQHF	1
CSARGQVLSNQPQHF	1
CSARDLQGLLNEKLFF	1
CSARDPGQGAGYTF	1
CSARDHRRGGGTEAFF	1
CSARDSGQLNYGYTF	1
CSAKEDRDTEAFF	1
CSAFREGTEAFF	1
CSALGNTEAFF	1
CSALVGDQPQHF	1
CSAAKTGIGAFF	1
CSAAGSSGNTIYF	1
CSASHPDRRGNTIYF	1
CSAASRGLINSPLHF	1
CSAGKPQHF	1
CSVSETTRTEAFF	1
CSVRVPGDEKLFF	1
CSVRISYEQYF	1
CSVVHRVSLYGYTF	1
CSVAEGDQPQHF	1
CSVGEGTNTEAFF	1
CSVDSEFMNTEAFF	1
CSVDRGTNTEAFF	1
CSVDGGGGNQPQHF	1
CSVEGFLNTEAFF	1
CSVETGGNSPLHF	1
CSVEFTTDTEAFF	1
CSVEPRKGYGYTF	1
CSVEGVGGVEKLFF	1
CSVEGTRWSNTEAFF	1
CSVEDLGQGASGNTIYF	1
CSVEDGRGQPQHF	1
CSVETGGMNTEAFF	1
CSVETDWGGNTEAFF	1
CSVQGPGGFYEPQHF	1
CSVGGTEDREGTEAFF	1
CSVEASTNEKLFF	1
CSVPPPGANTEAFF	1
CSALGQTSYGYTF	1
CSAGTDNTEAFF	1
CSGTGGTEAFF	1
CSEQGISNTEAFF	1
CRGDVRANTEAFF	1
RASGGYNSPLHF	1
RASSLPSLRSPLHF	1
RASSADHTTNEKLFF	1
CASSLSGGREGNEQFF	3
CASSFGGRTYEQYF	3
CASSLVLAGGETQYF	3
CASFASGTQYF	3
CASMGGGGTDTQYF	3
CASSLALAGGNEQFF	3
CSGRGLGYYNEQFF	3
CASSQTSGSIGELFF	2
CAIQLAGTTNTGELFF	2
CAISPPQGSRYEQYF	2
CAISRGTGAYEQYF	2
CAISESGQVNTGELFF	2
CATGPGENTEAFF	2
CATSDHPGELFF	2
CATSDPDREQFF	2
CATSETGRTNTGELFF	2
CASWGAGMGTGELFF	2
CASPERGKGPGYTF	2
CASTHRQGGGELFF	2
CASSFPRVGSQETQYF	2
CASSSSTGAYNEQFF	2
CASSSRQGGQPQHF	2
CASSYSSGGDYNTGELFF	2
CASSPSGGPTDTQYF	2
CASSESLTQGAYFGYTF	2
CASSEWRQGAYEQYF	2
CASSEAGPNTEAFF	2
CASSLRGGDTGELFF	2
CASSLGLAGDTETQYF	2
CASSSGLARGNEQFF	2
CASSSELYGYTF	2
CASSWTSGLGNEQFF	2
CASSPWTVRTEAFF	2
CASSPGYTQYF	2
CASSPRLADNEQFF	2
CASSQGHRGLESYNEQFF	2
CASRGTSRDGELFF	2
CASRGTGETGELFF	2
CASRTSSDEQFF	2
CASGDRASSYNEQFF	2
CASTKTGTSSYNEQFF	2
CASSFSSSYNEQFF	2
CASSFGDLTWTDTQYF	2
CASSLRSENYGYTF	2
CASSLVSGEPGELFF	2
CASSLVSKQGNEQFF	2
CASSLGSYEQYF	2
CASSLGSYEQYF	2
CASSLPGWSDTGELFF	2
CASSSSGSHNEQFF	2
CASSWGLTYEQYF	2
CASSLAGQGLHEQYF	2
CASSRDREGEQYF	2
CASSKVAGIQETQYF	2
CSAPGQGADTGELFF	2
CSAAGTTRYEQYF	2
CSASGPSGDTQYF	2
CSASGGSSYEQYF	2
CSASKGSGNIQYF	2
CSARGLAGTEQYF	2
CSVVARANQETQYF	2
CSVDKAKTQYF	2
CASSSRGENEKLFF	1
CASGTGYYGYTF	1
CASTEYSNQPQHF	1
CAWNTGSSYNSPLHF	1
CAIGGRSNTGELFF	1
CAISLEPNQPQHF	1
CAISPGRVNYGYTF	1
CAISRDRNHNYGYTF	1
CAISVGLGNQPQHF	1
CAISGTWGHAEAFF	1
CAISGRQATYTEAFF	1
CAISDNSGQGGNSPLHF	1
CAISESRSSGNSPLHF	1
CAISESPQVTTEAFF	1
CAISESEVKSYLDGYTF	1
CAISESGQRNTEAFF	1
CAISEVLGGTDYQPQHF	1
CAISNNENTEAFF	1
CAISARDTNTEAFF	1
CAISASDREDQPQHF	1
CAIRRATGAVTEAFF	1
CATSQGWGTEAFF	1
CATPATNTEAFF	1
CATRRLFSPLHF	1
CATELEGRTGGTEAFF	1
CATIYF	1
CATSGQAEGKEGYTF	1
CATSDLGQPQHF	1
CATSDSGGPGEKLFF	1
CATSDDREGNQPQHF	1
CATSDTTKVRTNF	1
CATSDRSRGQPQHF	1
CATSRDSNEKLFF	1
CATSRTGTANQPQHF	1
CATSSSDRELFF	1
CATSRVNTGKTEAFF	1
CATSRDPLNTEAFF	1
CATSRDRAGAQNGYTF	1
CATSREGGNTEAFF	1
CATSRKPRTEAFF	1
CATRSGSLNTEAFF	1
CATGSTGDTEAFF	1
CASRALGDTEAFF	1
CASSDRGLDNSPLHF	1
CASSPLINQPQHF	1
CASSPGGTYQETQYF	1
CASCQANYGYTF	1
CASRSRGLMYNEQFF	1
CASRPGSWDQPQHF	1
CASREQANYGYTF	1
CASVWGGTEAFF	1
CASAGQNTEAFF	1
CASGRTGGNQPQHF	1
CASGDVSQPQHF	1
CASMLQGTTEAFF	1
CASIAGENTEAFF	1
CASTTEQGAHGYTF	1
CASTLTRGGADTEAFF	1
CASTPTMTAGNTIYF	1
CASTRGTSHWAGELFF	1
CASTAGQGASQPQHF	1
CASTDKGNSPLHF	1
CASTTTGEGGGYTF	1
CASTVNTEAFF	1
CASTTALGGNSPLHF	1
CASTRGGTDNTEAFF	1
CASTQSPLGQGDYGYTF	1
CASSFSFTDAYGYTF	1
CASSFVQGTVSQPQHF	1
CASSLVSSYGYTF	1
CASSLSRGRTEAFF	1
CASSLSSDRAPLHF	1
CASSLWIRVAREAFF	1
CASSLWTPRPNTEAFF	1
CASSLRGTEAFF	1
CASSLQGAGNQPQHF	1
CASSLQGLPGNTIYF	1
CASSLQGSGSPLHF	1
CASSLQGSIDEAFF	1
CASSLAGNYGYTF	1
CASSLGILDSRYGYTF	1
CASSLGRGYTEAFF	1
CASSLEIGNQPQHF	1
CASSLTGSFEAFF	1
CASSSGLDTGELFF	1
CASSSERGTEAFF	1
CASSSSREDYGYTF	1
CASSSLSRAHGYTF	1
CASSSPDSATNEKLFF	1
CASSSGQGQPQHF	1
CASSSGISGYTF	1
CASSSTDSREKLFF	1
CASSSNRGSPLHF	1
CASSSDRWMPQHF	1
CASSSQGYGYTF	1
CASSSGRLNSPLHF	1
CASSSRGAVTEAFF	1
CASSWGDTEAFF	1
CASSWGPGGANEKLFF	1
CASSYRFGTQYF	1
CASSYLLTGGKGTEAFF	1
CASSYSPRGRVEAFF	1
CASSYSPPGRRWEKLFF	1
CASSYSRDRGTEAFF	1
CASSYSEKNIQYF	1
CASSYSILRETANYGYTF	1
CASSYSTSEAFF	1
CASSYSTDRAGSEAFF	1
CASSYSGIPPLHF	1
CASSYPGQDTEKLFF	1
CASSYGGQSYGYTF	1
CASSYGANTGELFF	1
CASSYGTGTVYGYTF	1
CASSYSRVPVSGNTIYF	1
CASSLQRTTFF	1
CASSLRWGGEAFF	1
CASSPSRDPLNSNQPQHF	1
CASSPPGSTNEAFF	1
CASSPRRGEDTEAFF	1
CASSPRGDQPQHF	1
CASSPPGVEAFF	1
CASSPHQNYGYTF	1
CASSPRQGWTEAFF	1
CASSRRDSYNSPLHF	1
CASSRGGGLLDQPQHF	1
CASSRGQGWEKLFF	1
CASSQDRNPMNTEAFF	1
CASSQTIQQPQHF	1
CASSVSGGGQPQHF	1
CASSVVTGTEAFF	1
CASSVSPTGAHEQFF	1
CASSAFPGQGRGSTEAFF	1
CASSAPTTNEKLFF	1
CASSAVRDTGELFF	1
CASSGTGGSTGELFF	1
CASSDLDIATNEKLFF	1
CASSDPRRAGTEAFF	1
CASSDGQGALGTEAFF	1
CASSDTYLEAFF	1
CASSESANTQYF	1
CASSEQGSEKLFF	1
CASSEGQGRGYTF	1
CASSETSGNTGELFF	1
CASSEYGGVGNTIYF	1
CASSEPNSQPQHF	1
CASSEQADTGELFF	1
CASSEVFPGYTF	1
CASSEARYSNQPQHF	1
CASSEAGEVQPQHF	1
CASSEGGGQPQHF	1
CASSIRTGANSPLHF	1
CASSTGTVGNTIYF	1
CASSTQSDTEAFF	1
CASSRRGGTEAFF	1
CASSNRENQPQHF	1
CASSKDSTFSGPLHF	1
CASSFFRQRNTEAFF	1
CASSFFGENTEAFF	1
CASSFYPLSSYNSPLHF	1
CASSFQGGNTIYF	1
CASSFRTNHEKLFF	1
CASSFGFLNTEAFF	1
CASSFDREWNYGYTF	1
CASSLADSNTEAFF	1
CASSLGAQRNSPLHF	1
CASSLESGPARTEAFF	1
CASSLRSRLSNSPLHF	1
CASSLSVARDYQPQHF	1
CASSLSSDNEQFF	1
CASSLSVAEAFF	1
CASSLYSDTYNEQFF	1
CASSLLSRTGGNQPQHF	1
CASSLPGGDTEAFF	1
CASSLQGAYEKLFF	1
CASSLVWGKLFF	1
CASSLALGRNTEAFF	1
CASSLAADVGETQYF	1
CASSLAGRAYGYTF	1
CASSLAGQLENTIYF	1
CASSLAIAATNEKLFF	1
CASSLAGLNTEAFF	1
CASSLGGGNTIYF	1
CASSLGVSGNTIYF	1
CASSLGVRGPGEKLFF	1
CASSLGGGRNSPLHF	1
CASSLGDRVAEAFF	1
CASSLGTPTSNYGYTF	1
CASSLGARTRTEAFF	1
CASSLGGADTEAFF	1
CASSLDVSWPQHF	1
CASSLDGTGGTEAFF	1
CASSLEVSGKLFF	1
CASSLETYSNQPQHF	1
CASSLETGPQPQHF	1
CASSLRGLNTEAFF	1
CASSLNHGRGNTEAFF	1
CASSSLLGLAEDTGELFF	1
CASSSRGDRGTEAFF	1
CASSSRTAGVNSPLHF	1
CASSSQARGDGYTF	1
CASSSDSDGSGNTIYF	1
CASSSTGRKDYGYTF	1
CASSSSYDTGGRSNQPQHF	1
CASSWAGSTDTQYF	1
CASSWINSGNTIYF	1
CASSWTGQLSNQPQHF	1
CASSWRMDTEAFF	1
CASSYLRTGAKKNYGYTF	1
CASSYQRGQPQHF	1
CASSYTGTAASNQPQHF	1
CASSYTGANTEAFF	1
CASSLAQGANSPLHF	1
CASSLRSSGNTIYF	1
CASSLQSDRGRVLEKLFF	1
CASSLDLGEAFF	1
CASSPRTGYLETEAFF	1
CASSPRQRLNTEAFF	1
CASSPGRSEAFF	1
CASSPGQGTGNTIYF	1
CASSPGVTRGPVRHF	1
CASSPGTGNRKLFF	1
CASSPEDRDGLAFF	1
CASSPTGDGEKLFF	1
CASSPRLARAQETQYF	1
CASSPTGQGHGYTF	1
CASSPTGVGTEAFF	1
CASSRMTTGGEKLFF	1
CASSRSEREKLFF	1
CASSRPQQGTNYGYTF	1
CASSRAAGNTIYF	1
CASSRAGKGYTF	1
CASSREQGGYGYTF	1
CASSHFNTEAFF	1
CASSHWTSGHNPNEQFF	1
CASSQQTYNYEAFF	1
CASSQGRNYGYTF	1
CASSQTGIGEKLFF	1
CASSQTDSNQPQHF	1
CASSQQTRALEAFF	1
CASSQVPRRSNTEAFF	1
CASSQVKSSYTF	1
CASSQAPHQPQHF	1
CASSQGLGKTDGYTF	1
CASSQGGQNTEAFF	1
CASSQGTANSPLHF	1
CASSQDLAKSRLFF	1
CASSQDGALNYGYTF	1
CASSQETGVNSPLHF	1
CASSQEFTVTEAFF	1
CASSQERGLDGYTF	1
CASSQRDRNSPLHF	1
CASSVQGQGAPMNTEAFF	1
CASSVGQGENSPLHF	1
CASSVHQANTEAFF	1
CASSARSPRQGITTNEKLFF	1
CASSAYRGRWTNTEAFF	1
CASSAGTAINQPQHF	1
CASSAIPDRGKAFF	1
CASSALHSKLFF	1
CASSAQGANSPLHF	1
CASSAIPGRILQYF	1
CASSGWESGYTF	1
CASSGRVSGNTIYF	1
CASSGGVFQPQHF	1
CASSGDYSPLHF	1
CASSITGGLNTGELFF	1
CASSMNTEAFF	1
CASSTVRSPYGYTF	1
CASSTGTGSEKLFF	1
CASSTTDRVGTEAFF	1
CASSTNRGQRPNYGYTF	1
CASSTRLAGGNTGELFF	1
CASSTGASTEAFF	1
CASSRQVNTEAFF	1
CASSRGPSRGVMNTEAFF	1
CASSNSNQPQHF	1
CASSNNSPLHF	1
CASSNQRGQGLTEAFF	1
CASSKGVEKLFF	1
CASSKYSYVNKYEKLFF	1
CASRSRWGTEAFF	1
CASRSGHLVSGNTIYF	1
CASRLTGPPNEKLFF	1
CASRRPESPLHF	1
CASRVGRMNTEAFF	1
CASRGAGEGEKLFF	1
CASRGMNTEAFF	1
CASRDRLTDTQYF	1
CASRIDGNYGYTF	1
CASRTDVGSSPLHF	1
CASRLGQGGSMEPQHF	1
CASRLRVMNTEAFF	1
CASRGDSSYNSPLHF	1
CASRGTGNYGYTF	1
CASRGQGSNYGYTF	1
CASRDRDSPNQPQHF	1
CASRDGQGIGSSPLHF	1
CASRTTGLGTEAFF	1
CASRRQFMNTEAFF	1
CASNRLRRNTEAFF	1
CASKYQGPGNTIYF	1
CARPWMTNTEAFF	1
CANDRENTEAFF	1
CATSTSRTGDGYTF	1
CASASLYGYTF	1
CASGAGQYYGYTF	1
CASGDLAGNQPQHF	1
CASSDPPSINQPQHF	1
CASSLVGGENEKLFF	1
CASSLARGFGSTEAFF	1
CASSLAVGPGELFF	1
CASSLAGAQNTEAFF	1
CASSLGPDNTEAFF	1
CASSLGGQTNEKLFF	1
CASSLGLISGNTIYF	1
CASSLGQGTEKLFF	1
CASSLDQGGQPQHF	1
CASSLDGDPVEAFF	1
CASSLDGATAVPFF	1
CASSLDQTGYPEAFF	1
CASSLNQGEPQHF	1
CASSLQGPNTEAFF	1
CASSLDFNYGYTF	1
CASSSSQGLNTEAFF	1
CASSLPGRESGNTIYF	1
CASSLGQGEDYTF	1
CASSLMTATNEKLFF	1
CASSPMGTGGASEAFF	1
CASSRGEGTGNTIYF	1
CASSRGTITEAFF	1
CASSRVRDTNYGYTF	1
CASSHVMGDAFF	1
CASSHGQGSSDTEAFF	1
CASSQFGSQPQHF	1
CASSQYVGQRRSYTF	1
CASSQVPGPTEAFF	1
CASSQVWQANQPQHF	1
CASSQVSTANTEAFF	1
CASSQVGGNYGYTF	1
CASSQAGRENSPLHF	1
CASSQGGRNWEAFF	1
CASSQGPYNTEAFF	1
CASSQGGGNTEAFF	1
CASSQDSGYGGSPLHF	1
CASSQDMYGYTF	1
CASSQEAATNEKLFF	1
CASSQEETDEAFF	1
CASSQERGRANSPLHF	1
CASSQEWDTNEKLFF	1
CASSQERGTGNTIYF	1
CASSEQGLGNQPQHF	1
CASSMGVGSGTEAFF	1
CASSMDNSPLHF	1
CSAWKRGQLNTEAFF	1
CSAPWDTEAFF	1
CSAASLRRGNQPQHF	1
CSADTGEMNTEAFF	1
CSATRQGNQPQHF	1
CSASWQAKNSPLHF	1
CSASPPVTEAFF	1
CSASRMNTEAFF	1
CSASDMGQNTEAFF	1
CSASIREKEKLFF	1
CSASMPSNQPQHF	1
CSASTGLLEPQHF	1
CSASKDSGNTIYF	1
CSASGRGVLGKLFF	1
CSASDREAFF	1
CSARKGLEPQHF	1
CSARSNSGSNEKLFF	1
CSARSLTWDTEAFF	1
CSARHQDRNTEAFF	1
CSARVGPEAFF	1
CSARALQVMLGNQPQHF	1
CSARGAGESTGELFF	1
CSARDFQVATEAFF	1
CSARDPSKSNYGYTF	1
CSAREGALSGNTIYF	1
CSAREITGDGGYTF	1
CSARSRMSNQPQHF	1
CSARRGASNTEAFF	1
CSARNRGRNTEAFF	1
CSARKQGAMNTEAFF	1
CSAPGTNNSPLHF	1
CSAPPSTGTEAFF	1
CSAPGQGNTIYF	1
CSARRTTEAFF	1
CSAGGPRDSLYGYTF	1
CSARDIIDGYTF	1
CSARSGAQGNQPQHF	1
CSAPHGGGSQPQHF	1
CSASKQGAAQPQHF	1
CSASGWGALNTEAFF	1
CSVPGDTEAFF	1
CSVQDREVEAFF	1
CSVVTRVRATEAFF	1
CSVVGAEAFF	1
CSVAGRGSNQPQHF	1
CSVATGFTEAFF	1
CSVGRGSGTEAFF	1
CSVGHLGQINYGYTF	1
CSVESDRGYGYTF	1
CSVEVDRSGYTF	1
CSVEDPIGGPYEQYF	1
CSVEDRQEAFF	1
CSVEDQTRGELFF	1
CSVSAGGGEAFF	1
CSVAGRTEAFF	1
CSVEPPLRYGYTF	1
CSVKTLAGHPGTEAFF	1
CSVAGQGVAAFF	1
CSVGQGPGNTIYF	1
CSVEGVVTGELFF	1
CSVPDQNYGYTF	1
CSALDSRGEKLFF	1
CSARGRDWEEKLFF	1
CSAGPAAGNTIYF	1
CSGAPMGTEAFF	1
CSDRDRYLYSNQPQHF	1
CSTLTDSNYGYTF	1
RASSLWHTF	1
CASSPTGQGFSGANVLTF	6
CASSQGSGDQETQYF	3
CAIRTSGTLDSEQYF	2
CAITPGTELGEQFF	2
CAISDPVRGEGSYEQYF	2
CAISLNIGAESTDTQYF	2
CATSDFGTGYNEQFF	2
CATSEPLAGGRDEQFF	2
CASSIPTASNTEAFF	2
CASQGWLAGAGEQYF	2
CASTLTGGGNQPQHF	2
CASSFEWRNQPQHF	2
CASSFTDTQYF	2
CASSLGQGGRWNEQFF	2
CASSLDGQGLDEQYF	2
CASSLRGSGDTQYF	2
CASSSSYEQYF	2
CASSYGAGGRYNEQFF	2
CASSLGHLVYEQYF	2
CASSPDIGGQYF	2
CASSVRGGQETQYF	2
CASSDSGQAEQYF	2
CASSDHRVGAFF	2
CASSDGGVGDEQFF	2
CASSEEAETSTGELFF	2
CASSTYEQYF	2
CASSFPSGYSYNEQFF	2
CASSLVSRDTEAFF	2
CASSLFQGKRNEQFF	2
CASSLGQGGTGELFF	2
CASSSSLAGTEQFF	2
CASSSQGSHEQYF	2
CASSSAGPDEQYF	2
CASSLRHNEQFF	2
CASSPRERGAGRNEQFF	2
CASSPVAGLNTGELFF	2
CASSPVGDGSNEQFF	2
CASSPGGPYTF	2
CASSRGGNQPQHF	2
CASSQLTGFTGELFF	2
CASSQGTSYYEQYF	2
CASSQDLLAGEYEQYF	2
CASSEHTDTQYF	2
CASSESSYEQYF	2
CASRFSGAEQFF	2
CASNPSGREGYYTDTQYF	2
CASKTTETGYTEAFF	2
CASKSQGSNEQFF	2
CASQMTAGRTYNEQFF	2
CASGGPGGAGELFF	2
CASSFEGSDTQYF	2
CASSLAPDRESNEQFF	2
CASSLAEEQEQYF	2
CASSLEGTTYNEQFF	2
CASSLVKIGAIGEQFF	2
CASSLGPETQPQHF	2
CASSRRTGSYEQYF	2
CASSQVFQRGESTGELFF	2
CASSQGVRGANTGELFF	2
CASSQDYRLIRDYTGELFF	2
CASSQEPRGVKNTEAFF	2
CASSQTGAYGYTF	2
CASRQGPAKNIQYF	2
CASNVGTAALDEQYF	2
CSVETGAYNEQFF	2
CSARRTPGYNEQFF	2
CSATPGGTYNSPLHF	2
CSVGISTDTQYF	2
CSVEGGWGRSSNEQFF	2
CSGGQLGETQYF	2
CASGLSSNSRNEKLFF	1
CAIGGGDSTDTQYF	1
CAITPTGASPLHF	1
CAITLNQGSGDTQYF	1
CAITSGKANYGYTF	1
CAISPQTDQPQHF	1
CAISGREGADTQYF	1
CAISGTGGESPEAFF	1
CAISGRTQNYGYTF	1
CAISDSGLSSGYTF	1
CAISDPGRRNTEAFF	1
CAISDPELPGGWTAFF	1
CAISDQLSNQPQHF	1
CAISDRGATNEKLFF	1
CAISEGNQPQHF	1
CAISETKRSDQPQHF	1
CAISPGPGEGYTF	1
CAISRGGDTEAFF	1
CAIRDRVNPDPGNTIYF	1
CAIRTPGQGPLDTEAFF	1
CAIRSGTGFSPLHF	1
CAIRGSAGETDTQYF	1
CAIRGEGGNQPQHF	1
CAIRGTGTNTEAFF	1
CAIKTSGSMTDTQYF	1
CATSGSYEQYF	1
CATRQGNSPLHF	1
CATQRGANNYGYTF	1
CATASWDGYTF	1
CATAGMNTEAFF	1
CATAPGQGEAFF	1
CATGEDQPQHF	1
CATIAGGGDTQYF	1
CATTGYGGYTF	1
CATSRSTGNTIYF	1
CATSDLVLGYTF	1
CATSDSGTAPIF	1
CATSEAGTVETQYF	1
CATSEGDYGYTF	1
CATSEGQDYGYTF	1
CATSLDGNTEAFF	1
CATSRSGVGNTIYF	1
CATSRVAYGYTF	1
CATSRDRGRGYTF	1
CATSRDAGTEAFF	1
CATSKGGTYGYTF	1
CATKAILGREREAFF	1
CATEKGGAPNQPQHF	1
CASIQGNTEAFF	1
CASSMKWRAFF	1
CASSRTDEKLFF	1
CASSPRDRDYGYTF	1
CASSPFRTGMNTEAFF	1
CASRGQSNYGYTF	1
CASVRHMNTEAFF	1
CASGFRSASNEKLFF	1
CASGYGANAEAFF	1
CASGDSVRDEKLFF	1
CASGQGSGYTF	1
CASGVTGTSGQPQHF	1
CASGTGGREKLFF	1
CASEREFREAFF	1
CASIWNSLNTEAFF	1
CASIRSGGSANYGYTF	1
CASILQGAYNSPLHF	1
CASTLGGEKLFF	1
CASTWLFHEKLFF	1
CASTQAGDTEAFF	1
CASTERNREKLFF	1
CASTLTGGNTEAFF	1
CASSFGLGYTF	1
CASSFWDTQYF	1
CASSFLGTGGTEAFF	1
CASSFPTGELFF	1
CASSFHRDQPLHF	1
CASSLRDRYNSPLHF	1
CASSLLGVDTQYF	1
CASSLSGTGGYGYTF	1
CASSLYRGSGTEAFF	1
CASSLRRQASATNEKLFF	1
CASSLHLTLVTHEAFF	1
CASSLDQMNTEAFF	1
CASSLESGLNTEAFF	1
CASSLTPGREAFF	1
CASSLTPGVQPQHF	1
CASSSLPGQGMKPQHF	1
CASSSHPPGLNTEAFF	1
CASSSGPLNTEAFF	1
CASSSGQPNTGELFF	1
CASSSRVSTEAFF	1
CASSSNRVFSYGYTF	1
CASSSESIGLYGYTF	1
CASSYQQGRSNQPQHF	1
CASSYSFSGNTEAFF	1
CASSYSRNSPLHF	1
CASSYSSALNQPQHF	1
CASSYSARDNQPQHF	1
CASSYSQRNTEAFF	1
CASSYLYLRGFNQPQHF	1
CASSYAGLGDEKLFF	1
CASSYGRGPVSSYNSPLHF	1
CASSYGADEAFYYGYTF	1
CASSYGGDTEAFF	1
CASSYGEGYGYTF	1
CASSYGENQPQHF	1
CASSYDGSHTEAFF	1
CASSYTRVGNTIYF	1
CASSYTGLANYGYTF	1
CASSYRVDYGYTF	1
CASSYNGGGNQPQHF	1
CASSLKQGAGTEAFF	1
CASSLGQGGGYTF	1
CASSLTALNQPQHF	1
CASSLGQGGQPQHF	1
CASSLNRDVDNGYTF	1
CASSPRQGNTEAFF	1
CASSPRQGSTEAFF	1
CASSPAQAYTEAFF	1
CASSPAAGRGGYTF	1
CASSPGTGGVYGYTF	1
CASSPDPNYGYTF	1
CASSPKEASTSTEAFF	1
CASSPASQTQYF	1
CASSPGYISYGYTF	1
CASSRTGDTGELFF	1
CASSHGTEAFF	1
CASSQRGNSPLHF	1
CASSVFDTGVEAFF	1
CASSVRAPAETEAFF	1
CASSADSYSNQPQHF	1
CASSATGGKGSPLHF	1
CASSASTVNTEAFF	1
CASSARGRNSPLHF	1
CASSGTSGSTDTQYF	1
CASSGTSGGTDTQYF	1
CASSGTGINTEAFF	1
CASSGGLARNTEAFF	1
CASSGTGGENTEAFF	1
CASSDRVPGISEAFF	1
CASSDSTNTGELFF	1
CASSDSYNSPLHF	1
CASSDVGNTEAFF	1
CASSDNTGELFF	1
CASSEVMSPWTGGNQPQHF	1
CASSELQGTWGEAFF	1
CASSERPELMGGYTF	1
CASSEVTGAFSPLHF	1
CASSEVGLHTNTEAFF	1
CASSETVQTRRNTIYF	1
CASSERKWHLNTEAFF	1
CASSIGTGPGNTIYF	1
CASSTTENYGYTF	1
CASSRGPKYSGTEAFF	1
CASSRTGNEKLFF	1
CASSFLGGTEAFF	1
CASSFSASFAYEQYF	1
CASSFSETQYF	1
CASSFSTALNTEAFF	1
CASSFQLSPEDTEAFF	1
CASSFKAQEKLFF	1
CASSFSQGGTEAFF	1
CASSFPGAITEAFF	1
CASSFGLTANYGYTF	1
CASSFGPTGSNQPQHF	1
CASSFGQAVNEKLFF	1
CASSFDRGHVTYGYTF	1
CASSLWVTYNSPLHF	1
CASSLPTSNNRGRGYGYTF	1
CASSLRQGAGGYTF	1
CASSLVLREEKLFF	1
CASSLALGRQNYGYTF	1
CASSLAPGGSNTEAFF	1
CASSLARQGNQPQHF	1
CASSLGKRTEAFF	1
CASSLGRASNTEAFF	1
CASSLGAQPQHF	1
CASSLDLNTEAFF	1
CASSLEPGVSGNTIYF	1
CASSLERNEKLFF	1
CASSLEGRNYGYTF	1
CASSLISPGGRGYTF	1
CASSLFRTTDDSPLHF	1
CASSLSHRGIQNTIYF	1
CASSLSPQGGDTEAFF	1
CASSLRQNTEAFF	1
CASSLRGLAGDQETQYF	1
CASSLHAQPQHF	1
CASSLVAAVSAGNTIYF	1
CASSLVYGFGYGYTF	1
CASSLAPGGLGALFF	1
CASSLAGEGEKLFF	1
CASSLASGTGRSYGYTF	1
CASSLAQTYQTNTEAFF	1
CASSLGQANTEAFF	1
CASSLGRRAGQPHF	1
CASSLGTGTYTEAFF	1
CASSLGIGTGHSPLHF	1
CASSLGGMNTEAFF	1
CASSLDPFSSVYEQYF	1
CASSLDEKLFF	1
CASSLEVPEAFF	1
CASSLMRPSGYTF	1
CASSLTRDTFYTF	1
CASSLSVRNYGYTF	1
CASSLSFRQGSYNSPLHF	1
CASSLNPMNTEAFF	1
CASSSDGQYYGYTF	1
CASSSKFHGPMGATQYF	1
CASSSLRGPLHF	1
CASSSRGIGPEAFF	1
CASSSRDRALAEAFF	1
CASSSTTDSPLHF	1
CASSSGDQPQHF	1
CASSSTGTVSDGYTF	1
CASSWTVTNSPLHF	1
CASSYGTGWYSPLHF	1
CASSYDNQPQHF	1
CASSYREGGYGYTF	1
CASSLTGDTSEAFF	1
CASSLRAAWGANEKLFF	1
CASSLAGRGRRDSGNTIYF	1
CASSLGTRGTQYF	1
CASSLGVGTEAFF	1
CASSLNRDRGMAGYTF	1
CASSLGRGTGANYGYTF	1
CASSPSGNTIYF	1
CASSPRDRGVFSNQPQHF	1
CASSPRGRTGNTIYF	1
CASSPHLSGLNTEAFF	1
CASSPGLDPGLGTEAFF	1
CASSPGQERTYEQYF	1
CASSPDYGYTF	1
CASSPPNSVDEKLFF	1
CASSPGRNQPQHF	1
CASSPEATGNYGYTF	1
CASSPTKLGATNEKLFF	1
CASSPTGLQPQHF	1
CASSPTGGEGTEAFF	1
CASSPLGRWNTEAFF	1
CASSPYTDTQYF	1
CASSPLTNSPLHF	1
CASSPRTSVYEQYF	1
CASSPANREEAFF	1
CASSPARGWAFF	1
CASSRASDYGYTF	1
CASSRDTAGNSPLHF	1
CASSRTPGTQPQHF	1
CASSRGRDGNYGYTF	1
CASSRDFGSGNTIYF	1
CASSRDTGNTIYF	1
CASSRNRGLNTEAFF	1
CASSRRPRAMAEKLFF	1
CASSRQGPSNQPQHF	1
CASSRAIGEKLFF	1
CASSHRLRAFF	1
CASSHRGDTEAFF	1
CASSHREFNEKLFF	1
CASSHRNTEAFF	1
CASSQGDTEAFF	1
CASSQGETYGYTF	1
CASSQETGWAEAFF	1
CASSQTNRGLKPYNSPLHF	1
CASSQSQTGGQPQHF	1
CASSQPGQGSSPLHF	1
CASSQPLRQGRRNTIYF	1
CASSQVGPDPTNEKLFF	1
CASSQDFGQNTEAFF	1
CASSQDLKGEAFF	1
CASSQDTEAFF	1
CASSQDRSSGNTIYF	1
CASSQDRGRNTEAFF	1
CASSQDRGGQPQHF	1
CASSQSRRGTEAFF	1
CASSVSGTPSSEAFF	1
CASSVGQVPYGYTF	1
CASSVGPGGNTEAFF	1
CASSVDGEGYGYTF	1
CASSVDSFNQPQHF	1
CASSVEEGTQYF	1
CASSVRGNTEAFF	1
CASSAYRTNTEAFF	1
CASSALGLSNTGELFF	1
CASSARTSGSHTDTQYF	1
CASSAGRYNYGYTF	1
CASSAPQTVAKNIQYF	1
CASSAGVWTEAFF	1
CASSGDTEAFF	1
CASSGSGTGYGYTF	1
CASSDGQGVINQPQHF	1
CASSERVPNSGNTIYF	1
CASSENGDTIYF	1
CASSSRTGLGQPQHF	1
CASSRGIQPQHF	1
CASSRGQGIGTEAFF	1
CASSRELYGYTF	1
CASSNDRSTEAFF	1
CASSKSGSGTGYTF	1
CASRLQRTLDTIYF	1
CASRPFGGMNTEAFF	1
CASRPGLGELFF	1
CASRGRTGGLNTEAFF	1
CASRDQGDYGYTF	1
CASRRSGSNYGYTF	1
CASRNSGTGFSGYTF	1
CASRFTGGSNQPQHF	1
CASRFGNTIYF	1
CASRLPGTGLEKLFF	1
CASRSDPDIQYF	1
CASRPGQGFGYTF	1
CASRPGHQVGTEAFF	1
CASRRTGSSGNTIYF	1
CASRGGVGITEAFF	1
CASRMGSSYNSPLHF	1
CASRNTIFEAFF	1
CASNSNYGYTF	1
CASKPGQGHGYTF	1
CASKKGGEAFF	1
CASKQGARGEGRSPLHF	1
CARGHEKLFF	1
CASSRGSNQPQHF	1
CASHGTGRTEAFF	1
CASQLVIGATEAFF	1
CASSLTGVVVDTEAFF	1
CASSDQGGYTEAFF	1
CASSDRGNQPQHF	1
CASSEFLRTQIYNQPQHF	1
CASSFVGGRGSNGYTF	1
CASSLVQNYTEAFF	1
CASSLGSDYNSPLHF	1
CASSLGAQTSNTEAFF	1
CASSLGRHEAFF	1
CASSLGQSYGYTF	1
CASSLEGQANQPQHF	1
CASSLENSKLLHF	1
CASSWGKQGSSGNTIYF	1
CASSLRSLNEKLFF	1
CASSLQGVGTEAFF	1
CASSPKGHTNTEAFF	1
CASSPSWRRFGNTIYF	1
CASSPRESDTEAFF	1
CASSPQFFYGYTF	1
CASSRQGSSYEQYF	1
CASSQVDRSEAFF	1
CASSQALGSPLHF	1
CASSQGQITNEKLFF	1
CASSQDRGRGQPQHF	1
CASSQAKATDAEKLFF	1
CASSQGIRGAPPSNEKLFF	1
CASSQGMGQGEAFF	1
CASSQDSVREDYGYTF	1
CASSQDWGEDYGYTF	1
CASSQDRPGIYGYTF	1
CASSQIDRTNEKLFF	1
CASSQRTGTYGYTF	1
CASSALNTEAFF	1
CASSAGTPNTGELFF	1
CASSGRLEGREAFF	1
CASSDRDRTLFNEQFF	1
CASSTVGQGANSPLHF	1
CASRLGGLGNEQFF	1
CASRHTDTQYF	1
CASRPGQGDAYNSPLHF	1
CASRTRMTNTEAFF	1
CSVEGGATEAFF	1
CSALPARLDEAFF	1
CSASRPADNYGYTF	1
CSAHTEPGYTF	1
CSAGRQRVTDEKLFF	1
CSATLGGPGEAFF	1
CSATTGVERNTEAFF	1
CSASFNTEAFF	1
CSASRGGNYGYTF	1
CSASKAGGYSNQPQHF	1
CSARGRADTEAFF	1
CSARKGPYGYTF	1
CSARSVAGNTIYF	1
CSARLDTSYSPLHF	1
CSARVKQDNQPQHF	1
CSARARQGDEKLFF	1
CSARGGQDYSSYNSPLHF	1
CSARDAGYLRTEAFF	1
CSARDDAWGGNTIYF	1
CSARDEGLRNQPQHF	1
CSARDIEAGDNSPLHF	1
CSAREGSGNEKLFF	1
CSAKGWGWDTIYF	1
CSAKTGGDYGYTF	1
CSARGLTDRSEAFF	1
CSAAYINTEAFF	1
CSAGQGALGDIQYF	1
CSAPQAATNEKLFF	1
CSLGGLGDYGYTF	1
CSVYPTPYGYTF	1
CSVLGGQNTEAFF	1
CSVPSWTGGEAFF	1
CSVQHMNTEAFF	1
CSVGWGSTEAFF	1
CSVGIGQNLHTEAFF	1
CSVGDPGNQPQHF	1
CSVDEKGRIEAFF	1
CSVDRHSRGNGYTF	1
CSVDNYRGHTEAFF	1
CSVDGQRTNEKLFF	1
CSVDSEILNTEAFF	1
CSVDKGRNYGYTF	1
CSVEGANPYGYTF	1
CSVETGLGTEAFF	1
CSVEGPGQRFYGYTF	1
CSVEDHPSLSGYTF	1
CSVERQYSNQPQHF	1
CSVLQNLNTEAFF	1
CSVARGNTEAFF	1
CSVGTDTQYF	1
CSVTGGIAAEAFF	1
CSVRAGPSGTEAFF	1
CSVAPGVRNTEAFF	1
CSVAGQGNEKLFF	1
CSALDRANTEAFF	1
CSAGGPGGPFGYTF	1
CSARRPFLNTEAFF	1
CSAGTGVALWGYTF	1
CSARQGNQPQHF	1
RASSLDWDPGGNQPQHF	1
RASSLISGNYSNQPQHF	1
RASSSSGLNTEAFF	1
CASSSRFGGTSGRETQYF	4
CASSHIIRDRGWIYEQYF	3
CASSGDRFQETQYF	3
CASSMGLAFGNEQFF	3
CAIGATNEKLFF	2
CATGSKRGSTDTQYF	2
CATSWDRARHNEQFF	2
CATSDPSGGITDTQYF	2
CATSDRDSQETQYF	2
CATSRAALAGTDTQYF	2
CASWDSSELNEQFF	2
CASSLSPLAGMTDTQYF	2
CASSLVSGTNQPQHF	2
CASSLGTSSYNEQFF	2
CASSLGVTGGNSPLHF	2
CASSLAMTDTQYF	2
CASSLANTGELFF	2
CASSSRGYEQYF	2
CASSYLRTSRFDEQFF	2
CASSLAYEQYF	2
CASSRQGAEQYF	2
CASSHLYLGDTQYF	2
CASSGTSGNTGELFF	2
CASSREFSGSADTQYF	2
CASSLERRGGLETQYF	2
CASSLTGTEENTF	2
CASSLLGGGETQYF	2
CASSLASTVDTEAFF	2
CASSSTGSSYEQYF	2
CASSLNRAYEQYF	2
CASSPTGRRTDTQYF	2
CASSPNLDRGESYEQYF	2
CASSRGLVAYNEQFF	2
CASRADAGGGVISYNEQFF	2
CASRAQKVGEKLFF	2
CASRTGDGSPLHF	2
CASRSGGAGNTGELFF	2
CASNQQSYTGELFF	2
CASSNTMGEAGELFF	2
CASTRGAGSYEQYF	2
CASSFTTGRQQPQHF	2
CASSFSGLANTGELFF	2
CASSFSTDTQYF	2
CASSLLPHEQYF	2
CASSLRVAGVGEQFF	2
CASSLAGGRANEQYF	2
CASSLMGAGELFF	2
CASSLKGTAAEQYF	2
CASSLEGYEQYF	2
CASSLGTGGYEQYF	2
CASSPDGGRNQPQHF	2
CASSPPGQVITGELFF	2
CASSPPWTSHLYNEQFF	2
CASSRSDYHEQFF	2
CASSRNLDGTAKNTEAFF	2
CASSHGPDRGHSYEQYF	2
CASSQDARGAGEQYF	2
CASSATGLAGYNEQFF	2
CASSGSLDLISYEQYF	2
CASSDESDTQYF	2
CASSDGGRDSYNEQFF	2
CASKFEGGDGYTF	2
CSSISGTGTNEQFF	2
CSAPRSGRVDEQFF	2
CSARDFGDPRETQYF	2
CSAGEPSETQYF	2
CSANLAGRTYEQYF	2
CSVEVAGPTEAFF	2
CSVEFSAGGTEQFF	2
CSTPGLAAYNEQFF	2
CASARDGAYGYTF	1
CASSFSVGANEKLFF	1
CASSLGLAGDKFF	1
CASSPGLAGVEETQYF	1
CAWRQGISSSYTF	1
CAWSRYRGDEAFF	1
CAWSVLGDYGYTF	1
CAVRTGSGEKLFF	1
CAAGVGTEAFF	1
CAISGTDSNQPQHF	1
CAIRTLPTLRAFF	1
CAIWSGAGNYEQYF	1
CAIGAAKQRGFGYTF	1
CAIGGTVNQPQHF	1
CAISQGVNTEAFF	1
CAISVRRELLNTGELFF	1
CAISAGPALNQPQHF	1
CAISGEGEVQPQHF	1
CAISGITGELFF	1
CAISGQGNSPLHF	1
CAISDPLSGAYGYTF	1
CAISESNRVSGNTIYF	1
CAISESKRGNQPQHF	1
CAISEGRQKKWNTEAFF	1
CAISEREGDGYTF	1
CAISEIMNTEAFF	1
CAISETGREKLFF	1
CAISETGSSRDGYTF	1
CAIRPSRDDYGYTF	1
CAIRKDTEAFF	1
CATGTSTEAFF	1
CATYRETNEKLFF	1
CATADRGRSPLHF	1
CATGQGDGTPQHF	1
CATDVAGGGYGYTF	1
CATSVSGTGQPQHF	1
CATSASTVLGTEAFF	1
CATSDSGTGRYGYTF	1
CATSDPRTGAQGYTF	1
CATSDIWNTEAFF	1
CATSDVTGELPQHF	1
CATSSGGQGRYYGYTF	1
CATSRFRGSSYNSPLHF	1
CATSRVKGDIGYTF	1
CATSRDWDGYSNQPQHF	1
CATSRDNKGGTEAFF	1
CATRRVPVTGAVENTIYF	1
CATGHLNTEAFF	1
CASSIGLLDTQYF	1
CASSKGVLLNQPQHF	1
CASSLTLAGTLTYEQYF	1
CASSTGIGQPQHF	1
CASLGSRVRLTEAFF	1
CASLSVGGLSPNTEAFF	1
CASRTQPGTENTEAFF	1
CASQRQSQGASGNTIYF	1
CASALDRNTEAFF	1
CASEWTGGSYEQYF	1
CASTSIETNEKLFF	1
CASTYNSGTGAEAFF	1
CASTFVSGAGEKLFF	1
CASTSALSGNTIYF	1
CASTPQGSTEAFF	1
CASTRPGGEAFF	1
CASTDPTGSSYGYTF	1
CASTDNYEQYF	1
CASSFPGQWTYTF	1
CASSFRQGYFPTYGYTF	1
CASSFVGVMNTEAFF	1
CASSFGHPSGDYGYTF	1
CASSFIPGLNQPQHF	1
CASSFKWLAEKLFF	1
CASSFRLGEKLFF	1
CASSFQGLGGYTF	1
CASSFGSGLGPQHF	1
CASSFGLAVSYNEQFF	1
CASSFGQAYGYTF	1
CASSLNYGYTF	1
CASSLFSEVGNIQYF	1
CASSLLSGDTEVFF	1
CASSLLGTPNTYGYTF	1
CASSLLEIAFTLTF	1
CASSLLNTIYF	1
CASSLSGTDGYTF	1
CASSLVVGNSPLHF	1
CASSLAWTPGNTIYF	1
CASSLAGRTEAFF	1
CASSLGPAPEKLFF	1
CASSLGAGNQPQHF	1
CASSLDGAGNTIYF	1
CASSLSSGYTF	1
CASSLRSGDGYTF	1
CASSLKGIGYTIYF	1
CASSSYPPTLHF	1
CASSSPGQGNTEAFF	1
CASSSINPGSEKLFF	1
CASSSTPAYSTTEAFF	1
CASSSPFGRRWTEAFF	1
CASSSEGTSAYNSPLHF	1
CASSSGFQPQHF	1
CASSWDSMNTEAFF	1
CASSYSGRGGIPLHF	1
CASSYSWGATENTEAFF	1
CASSYSRDGNSPLHF	1
CASSYSWGSYGYTF	1
CASSYYRGYGYTF	1
CASSYPGGKLFF	1
CASSYRTGGSEAFF	1
CASSYQGTGHGYTF	1
CASSYVQNQPQHF	1
CASSYGFYNSPLHF	1
CASSYTLYVGQNTEAFF	1
CASSYTPQGTSGNTIYF	1
CASSLGGASTNEKLFF	1
CASSPRQGYQPQHF	1
CASSPAGQGKDEAFF	1
CASSPGTGDGYTF	1
CASSPIRDAWAGNGYTF	1
CASSPTAIDYGYTF	1
CASSPQESSYNSPLHF	1
CASSPEQGFGAEAFF	1
CASSRQGALSPLHF	1
CASSHRQALNYGYTF	1
CASSHRGPQPQHF	1
CASSVGRGEPPYF	1
CASSVINGVTEAFF	1
CASSVQGSNYGYTF	1
CASSVGTGGGHEKLFF	1
CASSVGGIQPQHF	1
CASSGQGAGGYTF	1
CASSGQGVVAFF	1
CASSGRRTDTQYF	1
CASSDPSGSRNIQYF	1
CASSDSLRTFTEAFF	1
CASSDLPGLTEAFF	1
CASSERRGLASPLHF	1
CASSEGFGQINI	1
CASSETRDRGLSNQPQHF	1
CASSEKAGEAYEQYF	1
CASSEKGRLHDYGYTF	1
CASSESQYNSPLHF	1
CASSESTGHPNTEAFF	1
CASSESYEGLRGTEAFF	1
CASSEWGTEAFF	1
CASSEVIGSNYGYTF	1
CASSEAEAASGNTIYF	1
CASSEATGPFSNQPQHF	1
CASSEGAHGGYTF	1
CASSEGNSPLHF	1
CASSEDGGTGNQPQHF	1
CASSTGTGWKDTEAFF	1
CASSTGRGGQPQHF	1
CASSNRGGDVEKLFF	1
CASSNLNQPQHF	1
CASSFVGEKLFF	1
CASSFGTGGNQPQHF	1
CASSFQGENTEAFF	1
CASSFVRQGAGRGYTF	1
CASSFARDSPYGYTF	1
CASSFGTGWVAAFF	1
CASSFTSIGGNSPLHF	1
CASSFTHPNSPLHF	1
CASSLLGEVNQPQHF	1
CASSLWGGDYGYTF	1
CASSLPREGLNTEAFF	1
CASSLPGGNTEAFF	1
CASSLRGGAEKLFF	1
CASSLVHGEKLFF	1
CASSLVAGNTGELFF	1
CASSLAGTDYGYTF	1
CASSLGSTYSGNTIYF	1
CASSLGQGTEAFF	1
CASSLGQGRISEAFF	1
CASSLDLQGASGNTIYF	1
CASSLDRGYNEQFF	1
CASSLETGHTLMGYGYTF	1
CASSLEGGATENSPLHF	1
CASSLTGMGNTEAFF	1
CASSLLGVDGYTF	1
CASSLSAGQGSPLHF	1
CASSLWQPDTRDTIYF	1
CASSLPVGQGAEAFF	1
CASSLPRTVTYEQYF	1
CASSLQGIGSSPLHF	1
CASSLQGIDQPQHF	1
CASSLVGGVNGYTF	1
CASSLVAGGYTEAFF	1
CASSLVGTSEKLFF	1
CASSLAPGQPQHF	1
CASSLAYGTGESPLHF	1
CASSLAPLRGFFQETQYF	1
CASSLARGEGDTEAFF	1
CASSLAGAPNEKLFF	1
CASSLASDRDTQYF	1
CASSLGPGVRTEAFF	1
CASSLGYPGSGEKLFF	1
CASSLGRVPTNEKLFF	1
CASSLGAPYGYTF	1
CASSLGGRSPLHF	1
CASSLGGNRRYTGELFF	1
CASSLGTANQPQHF	1
CASSLGTGGYNEQFF	1
CASSLDPMEELFF	1
CASSLDVSGYNTEAFF	1
CASSLDDWGQGANQPQHF	1
CASSLDGRSNQPQHF	1
CASSLDGFEGF	1
CASSLEAPEAFF	1
CASSLESRSSYNSPLHF	1
CASSLESVNTEAFF	1
CASSLEQGAGYTF	1
CASSLIPPNEKLFF	1
CASSLTPYGNQPQHF	1
CASSLKGQGTEAFF	1
CASSSWDSFYYGYTF	1
CASSSRTDMNTEAFF	1
CASSSGHLINTIYF	1
CASSSMTGYGYTF	1
CASSSTLSTEAFF	1
CASSSFSRGFRPKNEKLFF	1
CASSSVQDNQPQHF	1
CASSWGWNEKLFF	1
CASSWEGTGVVYTF	1
CASSWNWGNTEAFF	1
CASSYDRGPAEAFF	1
CASSYKGGADGYTF	1
CASSYSGGLNEKLFF	1
CASSYPTLVYGYSF	1
CASSYITGRPLGYTF	1
CASSYREKLFF	1
CASSLQADNYGYTF	1
CASSLDREGSNEKLFF	1
CASSLPIRGAGNQPQHF	1
CASSLQGQGQPQHF	1
CASSPRDRANYGYTF	1
CASSPRIGQPQHF	1
CASSPGTEAFF	1
CASSPYAGSFDGYTF	1
CASSPRGRATNEKLFF	1
CASSPRGGVKNTEAFF	1
CASSPRDRRGYTF	1
CASSPRGSNYGYTF	1
CASSPVEGTTEAFF	1
CASSPAVGLEKLFF	1
CASSPGGGWTEAFF	1
CASSPGGTEAFF	1
CASSPGTVSYGYTF	1
CASSPGTATNQPQHF	1
CASSPGTGPNYGYTF	1
CASSPGQGANEKLFF	1
CASSPRTGAGNQPQHF	1
CASSPPGQTYSPLHF	1
CASSPASGGWDTQYF	1
CASSPGTGRSNQPQHF	1
CASSPGQGVPGELFF	1
CASSPTGSHEKLFF	1
CASSPTGGDAFF	1
CASSPRTSGRIETQYF	1
CASSPSHGGGNTEAFF	1
CASSPRPGTVYSNQPQHF	1
CASSPRSGITGELFF	1
CASSPRDGDYGYTF	1
CASSPQIAGNTIYF	1
CASSPDRGSGSPLHF	1
CASSPMAGAGNTIYF	1
CASSRPPTTGELFF	1
CASSRPSSNTEAFF	1
CASSRTTTDTQYF	1
CASSRRGRYSNQPQHF	1
CASSHRGARNTEAFF	1
CASSHITSMNTEAFF	1
CASSQALSNQPQHF	1
CASSQGQKPLHF	1
CASSQDRENEKLFF	1
CASSQTLGNSPLHF	1
CASSQTGRTGELFF	1
CASSQTGSSNTEAFF	1
CASSQVNRRMGMNTEAFF	1
CASSQATGEPQHF	1
CASSQAWGGRQENSNSPLHF	1
CASSQGRQPNTEAFF	1
CASSQGVTSPLHF	1
CASSQGVARGGEGKLFF	1
CASSQDLGAEGRTEAFF	1
CASSQDRDLSPLHF	1
CASSQDRSGGNQPQHF	1
CASSQDRGNQPQHF	1
CASSQEWDSPLHF	1
CASSQELGENFFNYGYTF	1
CASSQEPGSLGSPLHF	1
CASSQEGGRLHF	1
CASSQRQGPYNSPLHF	1
CASSVFGSNQPQHF	1
CASSVGTTTEAFF	1
CASSVGRTGELFF	1
CASSVTDTEAFF	1
CASSVAEGGYTEAFF	1
CASSVGVNTEAFF	1
CASSVGSARNTEAFF	1
CASSVDANTEAFF	1
CASSVEELAGGQTQYF	1
CASSAHLGGLATNEKLFF	1
CASSARANPNEKLFF	1
CASSALQGNTEAFF	1
CASSAGPGRMNTEAFF	1
CASSGRDRGNEKLFF	1
CASSGDRGRTQYF	1
CASSGEWAGNGYTF	1
CASSGGGLLWPQHF	1
CASSGGGFGNTIYF	1
CASSGGDLVTEAFF	1
CASSDQGGRTEAFF	1
CASSDEGRRNTEAFF	1
CASSDRSSYNSPLHF	1
CASSEGQDPGRGYTF	1
CASSEQGAGELFF	1
CASSRAFF	1
CASSKVRGQGAYQPQHF	1
CASSKEVHTYTEAFF	1
CASRLGGTGVADTQYF	1
CASRRTAPGGELFF	1
CASRRHSGRIGSNQPQHF	1
CASRQDRDGNTIYF	1
CASRVEWNTEAFF	1
CASRVRTGSEKLFF	1
CASREGRYGYTF	1
CASRTGSGTEAFF	1
CASRKGRFREAFF	1
CASRLGQNYSPLHF	1
CASRLDRGEATEAFF	1
CASRPDPSGNTIYF	1
CASRRTESEAFF	1
CASRQGGTNEKLFF	1
CASRQAGSVGYTF	1
CASRATAGQILNTEAFF	1
CASRGTLIPANYGYTF	1
CASRGSLSNYGYTF	1
CASRGQGSQPQHF	1
CASRGGGNTEAFF	1
CASNPGRGYGYTF	1
CASNPGGNTIYF	1
CASNRDVGSHYGYTF	1
CASKEYTEAFF	1
CARSPGPGKLFF	1
CGDTEAFF	1
CATHIGVENTGELFF	1
CASFVGTDYGSNQPQHF	1
CASSSGNTIYF	1
CASRDSGGSSNQPQHF	1
CASASQGAFGNTIYF	1
CASGLGGRGSPLHF	1
CASGPGPRISNQPQHF	1
CASGKTGLNTEAFF	1
CASMEGQHNSPLHF	1
CASTAGGTEAFF	1
CASTGGPYQPQHF	1
CASTYNRVLNTEAFF	1
CASSYSIRHVSNYGYTF	1
CASSAGESNQPQHF	1
CASSDPWDSNQPQHF	1
CASSDTSLTDTQYF	1
CASSESLGNQPQHF	1
CASSETLDQPQHF	1
CASSLVRLTGRTPLHF	1
CASSLVQGVDEKLFF	1
CASSLVGDPRTEAFF	1
CASSLAGGNQPQHF	1
CASSLGQMNTEAFF	1
CASSLGQVAVEGTEAFF	1
CASSLDTGPNSPLHF	1
CASSLEGYTEAFF	1
CASSLTAYGYTF	1
CASSLTGAAEAFF	1
CASSLSRRGDEQYF	1
CASSSDGHSNQPQHF	1
CASSSTGRNSPLHF	1
CASSYGTEGTPLHF	1
CASSLWTGLNQPQHF	1
CASSLVSATNEKLFF	1
CASSPSGSTEAFF	1
CASSPSKAENLNTEAFF	1
CASSPHTDRAETEAFF	1
CASSPGYTGNTEAFF	1
CASSRRTGEKGNTIYF	1
CASSHQTGRNSPLHF	1
CASSHLTENTEAFF	1
CASSQGASYEQYF	1
CASSQNRGTGTEAFF	1
CASSQVTESLTEAFF	1
CASSQVSPGTGNSPLHF	1
CASSQVEGSGAFF	1
CASSQVGNYGYTF	1
CASSQGWSYTEAFF	1
CASSQGVRGSNQPQHF	1
CASSQDSGGGQPQHF	1
CASSQDPGSNYGYTF	1
CASSQDRFKRIGTEAFF	1
CASSQDIRNTEAFF	1
CASSQEGGSFNQPQHF	1
CASSQERGRGQPQHF	1
CASSQEYQLMNTEAFF	1
CASSQEQAMNTEAFF	1
CASSQESQGSNGYTF	1
CASSQERTPTEAFF	1
CASSVQGWTEAFF	1
CASSATGTGGEAFF	1
CASSEGQPNEKLFF	1
CASSTVGPQHF	1
CASSRGQETHNSPLHF	1
CASSNLGGAGNTIYF	1
CASRFGREAFF	1
CASRPPRPQSGYTF	1
CASRAPGGLATEAFF	1
CASKKSPGQGSSYEQYF	1
CDPADLAQGGVNTEAFF	1
CSASDYRDSGEKLFF	1
CSASGLAGTDTQYF	1
CSARGGLLPGTEAFF	1
CSADRGSYYTF	1
CSAIGSGGYTF	1
CSATESSGNTIYF	1
CSASEFGGANNQPQHF	1
CSASMNTEAFF	1
CSASILSGISGNTIYF	1
CSASRGAGNQPQHF	1
CSARGGGVDQPQHF	1
CSARGETYAFF	1
CSARDGGPNQPQHF	1
CSAREMDKHSGNTIYF	1
CSARLTVEWAEAFF	1
CSARVGEEGEGSEKLFF	1
CSARGGVWQPQHF	1
CSARDFLGGGSGNTIYF	1
CSARDFQRTVNTEAFF	1
CSARDSGGSGNTIYF	1
CSARDDLGQGYYSNQPQHF	1
CSARDRDVRGYTF	1
CSARDAEGPNTEAFF	1
CSARRKTGGLNTEAFF	1
CSATSGVPDQFF	1
CSATDRGWTEAFF	1
CSARIPLLRGGYTF	1
CSAGRQGIEKLFF	1
CSASPRGDGYTF	1
CSARTAEAFF	1
CSGDPGTTNEKLFF	1
CSFGRDGGNTIYF	1
CSLRTMEETQPQHF	1
CSVSQQTNTEAFF	1
CSVRAAPGGEAFF	1
CSVVRGNTEAFF	1
CSVVAGNQPQHF	1
CSVVGLGQPQHF	1
CSVVRGGTANTEAFF	1
CSVADGLYGYTF	1
CSVAGQDGGYTF	1
CSVGSGLSNQPQHF	1
CSVDFRVVYTEAFF	1
CSVDQPGQGGEKLFF	1
CSVERGAGGDYGYTF	1
CSVERGGYTF	1
CSVEPQVFYGYTF	1
CSVEAWGETQYF	1
CSVEGGYNEKLFF	1
CSVEGEWAEAFF	1
CSVMTGANYGYTF	1
CSVTGTDNYGYTF	1
CSVRGVINEKLFF	1
CSVYTSGYTF	1
CSVPGSNHNYGYTF	1
CSVRSGQEYTEAFF	1
CSVRLGFYMNTEAFF	1
CSVSGVHGYTF	1
CSVVLRTGGTEAFF	1
CSVGGTAATNEKLFF	1
CSVEGTVSGNTIYF	1
CSVTGTGGQPQHF	1
CSVGNPVFYGYTF	1
CSASDRGRNQPQHF	1
CSALEGGGTEAFF	1
CSAVFEGAQKLFF	1
CSAVDRSANYGYTF	1
CSAATGLNTEAFF	1
CSAEGWTEAFF	1
CSGSPGGVGTGELFF	1
CSGKTGGNTEAFF	1
CSGGQGALDGYTF	1
RASSRGRGNTIYF	1
CASSGLAVYEQYF	3
CASSKPPDEQYF	3
CASSWGLADNEQFF	3
CASQKATSGSSYEQYF	2
CAISDAGVNEQFF	2
CAISDMIAKESEETQYF	2
CATQTGEETQYF	2
CASSPNDYEQYF	2
CASVPLAGFYNEQFF	2
CASGIADNQPQHF	2
CASTRTSGTDTQYF	2
CASSFLGADTQYF	2
CASSFVVLAGVRSYEQYF	2
CASSFGEGNSPLHF	2
CASSFSGYEQYF	2
CASSFLWGNQPQHF	2
CASSFTTSGGHEQYF	2
CASSLHGQDNSPLHF	2
CASSSPSGRSNEQFF	2
CASSSRMSSGVAVAKNIQYF	2
CASSYQAGNSYEQYF	2
CASSYELGGGYTF	2
CASSLTSLESYEQYF	2
CASSPSGGAGNEQFF	2
CASSRQGQNEKLFF	2
CASSRTSGGTGELFF	2
CASSQTGYYEQYF	2
CASSVGRGMVDTQYF	2
CASSEQGTGSYEQYF	2
CASSTRQRSNHNEQFF	2
CASSTSATGELFF	2
CASSFLGGQWDTQYF	2
CASSFAGGDEQYF	2
CASSLVHEQYF	2
CASSLAGVETQYF	2
CASSLEGGSPLHF	2
CASSLETSGRSEQFF	2
CASSQSGGNQPQHF	2
CASSQSGPAETQYF	2
CASSQGPLVTVVHEQYF	2
CASSQGTDYNEQFF	2
CASSQDPGGAPTGEQFF	2
CASSAPTGRRADTQYF	2
CASSEIRGPSPLHF	2
CASRDDRGTHNEQFF	2
CASKDRVIETQYF	2
CASSRGDRGSYEQYF	2
CASSFGADSYEQYF	2
CASSLVLGIEQYF	2
CASSLVASGAYEQYF	2
CASSLEAYTDTQYF	2
CASSLSNFYEQYF	2
CASSSLAGDLAQYF	2
CASSYGNRRNTEAFF	2
CASSLRSGAVYYEQYF	2
CASSLSGRGTDTQYF	2
CASSPYLEGSEQFF	2
CASSQVSSAFGETQYF	2
CASSQAGTSGYEQYF	2
CASSQETSGGETQYF	2
CASSAGTSGSNEQFF	2
CASSAGPYEQYF	2
CASSGTGQRHYGYTF	2
CSASLEARNEQFF	2
CSARGPEREQFF	2
CSARGVDYGYTF	2
CSARGTSGGAQYF	2
CSARDSGTDTGELFF	2
CSARDRAGRNSPLHF	2
CSAKLSGGRSYNEQFF	2
CSVDKTSGGPTTTYNEQFF	2
CASTRGNGYGYTF	1
CASSLGNDNQPQHF	1
CACLPWGKNTGELFF	1
CAWTRTANYGYTF	1
CAPPGRTEAFF	1
CAVPGASAGNTIYF	1
CAVHRAIPASEAFF	1
CAVGHENTEAFF	1
CADRGDTGELFF	1
CAIWVGGNTEAFF	1
CAIYRNLDSEAFF	1
CAIRSNTEAFF	1
CAIRVRAETNGYTF	1
CAIRDRDTGELFF	1
CAIGTVTTGEAFF	1
CAIGGQGPFGYTF	1
CAITEQGYYYGYTF	1
CAITRGTPSGNTEAFF	1
CAITGGRGGTEAFF	1
CAITGVRGYTF	1
CAISPLENQPQHF	1
CAISPGQDYGYTF	1
CAISVARSGNTIYF	1
CAISAWTREVRGFHGYTF	1
CAISADKGNSPLHF	1
CAISGKGTQAFF	1
CAISDVTNTEAFF	1
CAISDSGTSSIGYGYTF	1
CAISDRGSTPGGYTF	1
CAISDHTGIDQPQHF	1
CAISESRTGPGFDNQPQHF	1
CAISESYRENYGYTF	1
CAISESIQKNTEAFF	1
CAISESTGRAYEQYF	1
CAISESTGAVSPLHF	1
CAISEPRQALGIQYF	1
CAISEGGTEAFF	1
CAISEKGWHEKLFF	1
CAISKGDSGNQPQHF	1
CAISLTELNTEAFF	1
CAISGTGEGRTEAFF	1
CAIRGTENSPLHF	1
CAIRIPGIYGYTF	1
CAIRMGPENTEAFF	1
CAIRDREGNQPQHF	1
CAIKPGHTNTEAFF	1
CAISWEGATNEKLFF	1
CAIKGLGTEAFF	1
CATSRRTNEKLFF	1
CATRDPDGGNTIYF	1
CATHITI	1
CATQLAVNTGELFF	1
CATGRSDNSPLHF	1
CATGQEESGNTIYF	1
CATSPGEMNTEAFF	1
CATSHTGWTVNGYTF	1
CATSVQGGGYTF	1
CATSASQGGNQPQHF	1
CATSDLDRSVFEAFF	1
CATSDSGRGWEPQHF	1
CATSDSGTPYGYTF	1
CATSDLGTGTEAFF	1
CATSDRGYGYTF	1
CATSDQLGSGGYTF	1
CATSDLGANQPQHF	1
CATSETTGRDQPQHF	1
CATSGGQGVGNTIYF	1
CATSSHLQTRGEKLFF	1
CATSRDVKVPLEDSGNTIYF	1
CATSKRGPNTEAFF	1
CATRVGDTEAFF	1
CATRGTGSTDTQYF	1
CATRWQLNEKLFF	1
CASFGNTIYF	1
CASGQGDYGYTF	1
CASEEGQRNQPQHF	1
CASSISRDSGIYNEQFF	1
CASSIGGNQPQHF	1
CASKENQAELFF	1
CASSSGTEATNEKLFF	1
CASSGAEEPQHF	1
CASSPRQPNTEAFF	1
CASSRDTSSSGNTIYF	1
CASWPRQGSSSYNSPLHF	1
CASYSTGGNTEAFF	1
CASRADRQGLYGYTF	1
CASQIPRKERQADYGYTF	1
CASQNYAGQLNYGYTF	1
CASGLPSYNSPLHF	1
CASGWGQLGYTF	1
CASGFVGIYGYTF	1
CASGPFSGNTIYF	1
CASIRRSRESRQPQHF	1
CASIRAPLGYTF	1
CASMSGNTIYF	1
CASTTGEGQPQHF	1
CASTYLPGSGMNTEAFF	1
CASTSHPYSPLHF	1
CASTFANQPQHF	1
CASSFRPVNQPQHF	1
CASSFDPLLGQVANEKLFF	1
CASSFLGTEAFF	1
CASSFPQVVRPQHF	1
CASSFPGTGFSPLHF	1
CASSFRDRGGYSPLHF	1
CASSFQGIGVSPLHF	1
CASSFGTGGELFF	1
CASSFEVLNTEAFF	1
CASSFREMNTEAFF	1
CASSLTPHINQPQHF	1
CASSLTENYGYTF	1
CASSLFAGLYGYTF	1
CASSLSRRAGWTEAFF	1
CASSLSGVDPSYGYTF	1
CASSLLTGVLQPQHF	1
CASSLRKQGYGYTF	1
CASSLHGSNQPQHF	1
CASSLQGAGQPQHF	1
CASSLGQENTEAFF	1
CASSLGTSPLHF	1
CASSLGNPHEAFF	1
CASSLTNYGYTF	1
CASSSLLRTGELFF	1
CASSSNAGSPLHF	1
CASSSFRTPSGQAQHF	1
CASSSWTDHTEAFF	1
CASSSGGAGGEKLFF	1
CASSSPDTYNQPQHF	1
CASSSTGYTEAFF	1
CASSSSGQGRVVNF	1
CASSSPRAWGAGQPQHF	1
CASSSGAGYTF	1
CASSSTRTGYGYTF	1
CASSSRTGAYGYTF	1
CASSWTGGRNEKLFF	1
CASSWTMRHNSPLHF	1
CASSYSIAGHGYTF	1
CASSYFQDNRQGLVF	1
CASSYSWEGKHTEAFF	1
CASSYSIGRVWYQGYTF	1
CASSYSPVGPEAFF	1
CASSYSEYVTGVSPLHF	1
CASSYSREGPEKLFF	1
CASSYSSDSGNTIYF	1
CASSYSQGSPYGYTF	1
CASSYSKGSPLHF	1
CASSYSGQGNTIYF	1
CASSYLRNTEAFF	1
CASSYPRQGSTEAFF	1
CASSYRGTEAFF	1
CASSYVAGASGNTIYF	1
CASSYVGPKNIQYF	1
CASSYVDSNQPQHF	1
CASSYGRAPATNEKLFF	1
CASSYGQDTNYGYTF	1
CASSYGRDNSPLHF	1
CASSYGQGALGYTF	1
CASSYGELFF	1
CASSYDGAVGNTIYF	1
CASSYDRDRSSGNTIYF	1
CASSYTKTGGNTEAFF	1
CASSYRVGTNEKLFF	1
CASSYRTGAGYTF	1
CASSLNYGYTF	1
CASSLPGGGNTIYF	1
CASSLHQGAGYTF	1
CASSLRANQPQHF	1
CASSPFMNTEAFF	1
CASSPLTGHTYGYTF	1
CASSPPLGGGYTF	1
CASSPRGSRNEKLFF	1
CASSPGVGYTF	1
CASSPGTERNQPQHF	1
CASSPGTGPYGYTF	1
CASSPDGYYGYTF	1
CASSPIWGQGSSPLHF	1
CASSPTRGSDQPQHF	1
CASSPVGTGELFF	1
CASSPYFDQPQHF	1
CASSPLERTYYGYTF	1
CASSPGYYGYTF	1
CASSHIYEQYF	1
CASSVSLEGGGYGYTF	1
CASSAFAGEAFF	1
CASSAGTGGYGYTF	1
CASSAGQGNQPQHF	1
CASSADQVTEAFF	1
CASSATLGTEAFF	1
CASSGQGANQPQHF	1
CASSGETGGLTEAFF	1
CASSDSERTGRAF	1
CASSDRGNQPQHF	1
CASSDAGTGIEKLFF	1
CASSESTGGGNQPQHF	1
CASSEARTDLLGDYGYTF	1
CASSEARAGVFHEKLFF	1
CASSEGQGYGYTF	1
CASSESWANTEAFF	1
CASSENSPGNTIYF	1
CASSISWGSYGYTF	1
CASSRETGDFNEKLFF	1
CASSKAGPDTGELFF	1
CASSFWGDTQYF	1
CASSFPGQAGNEKLFF	1
CASSFGPGGSNSPLHF	1
CASSFGGLDGYTF	1
CASSFDSSYEQYF	1
CASSFKGVPNTEAFF	1
CASSFVGPNTEAFF	1
CASSFGTAFNEKLFF	1
CASSFGGTEVNYGYTF	1
CASSFGNSNQPQHF	1
CASSFMTGGQGYTF	1
CASSFNRGLFF	1
CASSLFGSTEAFF	1
CASSLYVSSNQPQHF	1
CASSLVGNTIYF	1
CASSLAVEGEAFF	1
CASSLATRANYGYTF	1
CASSLAKTNYGYTF	1
CASSLARQGPQSEAFF	1
CASSLGGSTNQPQHF	1
CASSLGGNTEAFF	1
CASSLGNWTGRLSGNTIYF	1
CASSLDGTPKGNSPLHF	1
CASSLEIGNTIYF	1
CASSLIIYRDHGYTF	1
CASSLTGGYGYTF	1
CASSLRKAPGELFF	1
CASSLWGARDGYTF	1
CASSLYGEDSLNEKLFF	1
CASSLRRGREKLFF	1
CASSLRRVPQPQHF	1
CASSLQGARTEAFF	1
CASSLVRQGGTLHF	1
CASSLALAGRDTGELFF	1
CASSLANNGLNTEAFF	1
CASSLAVGGTDNSPLHF	1
CASSLAASQGYTF	1
CASSLAGKNTEAFF	1
CASSLGHRTAYYGYTF	1
CASSLGDGSYEQYF	1
CASSLGTLPGTGGTPLHF	1
CASSLGTGNQPQHF	1
CASSLGSPSVDEKLFF	1
CASSLGVSTEAFF	1
CASSLGVWGANTEAFF	1
CASSLDLGPDSPLHF	1
CASSLDYGGNQPQHF	1
CASSLDLGMPGYTF	1
CASSLDEAFF	1
CASSLDLWDVYGYTF	1
CASSLDAGNTEAFF	1
CASSLDRFYGYTF	1
CASSLEVAGAPYEQYF	1
CASSLETGTAYGYTF	1
CASSLIQGTSSYNSPLHF	1
CASSLTPDSMNTEAFF	1
CASSLTPNPGELFF	1
CASSLSPVGDTQYF	1
CASSLSPVYGYTF	1
CASSLNRYSNQPQHF	1
CASSSSDVRGYTF	1
CASSSPQGNTEAFF	1
CASSSGLSSYNSPLHF	1
CASSSGTGTDEKLFF	1
CASSSTGNYGYTF	1
CASSSNGQDHGYTF	1
CASSSQGYGYTF	1
CASSSGQPPEKLFF	1
CASSSIRMQGFGNTIYF	1
CASSSTPGYSGELFF	1
CASSSLAGAAYEQYF	1
CASSWRYTDTQYF	1
CASSWTFITDEKLFF	1
CASSYSYGYTF	1
CASSYGQGDGNTIYF	1
CASSYEGEDTQYF	1
CASSLKRDYGYTF	1
CASSLPNEAFF	1
CASSLPGSRYTQYF	1
CASSLDSHNEKLFF	1
CASSLDRVSNQPQHF	1
CASSLNEWNSPLHF	1
CASSLNTEAFF	1
CASSLGTSGKGTDTQYF	1
CASSLTGEGYTF	1
CASSPLVPGTEAFF	1
CASSPLPGQRPEAFF	1
CASSPKSNTEAFF	1
CASSPLTEAFF	1
CASSPPRVGGTEAFF	1
CASSPRPATNEKLFF	1
CASSPRGQGNQPQHF	1
CASSPRPGMDSTDTQYF	1
CASSPAVTFYGYTF	1
CASSPGTTTEAFF	1
CASSPRGTANEKLFF	1
CASSPGPLGGNTIYF	1
CASSPDRADQPQHF	1
CASSPTGRQAFF	1
CASSPPGRQAYGYTF	1
CASSPPTGQLNYGYTF	1
CASSPDGYSGNTIYF	1
CASSPTGTRQPQHF	1
CASSRTGRVTEAFF	1
CASSRTGALQPQHF	1
CASSRKPNGYTF	1
CASSRHGGMYEQYF	1
CASSRADPLYGYTF	1
CASSRDLNTEAFF	1
CASSRDRKRPLHF	1
CASSRDRAAFF	1
CASSRDKNYGYTF	1
CASSRVTGLNTEAFF	1
CASSRGGVNQPQHF	1
CASSRDLPTNEKLFF	1
CASSRNTGSTEAFF	1
CASSHVNTEAFF	1
CASSHAGTGEAEAFF	1
CASSHYWTGRHEKLFF	1
CASSHGDRRNQPQHF	1
CASSHDRVNSPLHF	1
CASSQGGKTEAFF	1
CASSQDRNTEAFF	1
CASSQWEAEAFF	1
CASSQPQGTTEAFF	1
CASSQGNGDNSPLHF	1
CASSQDFAGNTEAFF	1
CASSQDSTGGITDTQYF	1
CASSQDSGIQPQHF	1
CASSQDTEAFF	1
CASSQEFPVQPYSNQPQHF	1
CASSQEGADRVYF	1
CASSQEGGFYGYTF	1
CASSQETTAGYTF	1
CASSQSLGQGNEKLFF	1
CASSVPLGKSSGGALGDTQYF	1
CASSVGGELFF	1
CASSVLNEKLFF	1
CASSVPEDQLYSPLHF	1
CASSVGNTGELFF	1
CASSVIRQTGELFF	1
CASSVNTEAFF	1
CASSVRLAGVKQYF	1
CASSVAPRGASYNSPLHF	1
CASSVGFGYTF	1
CASSVDVRGRGGELFF	1
CASSVDRGNSPLHF	1
CASSVKIGELFF	1
CASSAPTDGLNTEAFF	1
CASSAREWDPVSNQPQHF	1
CASSARTGSTYGYTF	1
CASSAGWGNQPQHF	1
CASSAGTAGGQPQHF	1
CASSATGKTEAFF	1
CASSANSNEKLFF	1
CASSASGMSSGNTIYF	1
CASSATGGWRDSPLHF	1
CASSGYTEAFF	1
CASSGPGQGQPQHF	1
CASSGLKQGTNTIYF	1
CASSGGANTGELFF	1
CASSGQGDSGNTIYF	1
CASSGSRGGRTEAFF	1
CASSDQGPWTEAFF	1
CASSDRDGGNEKLFF	1
CASSESSVSYNSPLHF	1
CASSEVQRRMNTEAFF	1
CASSIRTDDQPQHF	1
CASSTLTGGHEKLFF	1
CASSTGGAENTEAFF	1
CASSRTANYGYTF	1
CASSNRKGARNQPQHF	1
CASSNTEAFF	1
CASSKIPDSLNSPLHF	1
CASSKVAGCGTEAFF	1
CASSKVSAEFNQPQHF	1
CASSKGWDRESCNEKLFF	1
CASSKGTHGGQPQHF	1
CASSKGVRSNEKLFF	1
CASSKSGGAGYTF	1
CASRRPSKPFFNSPLHF	1
CASRGYTGGQAEAFF	1
CASRGQGPSTEAFF	1
CASRDGPSNQPQHF	1
CASRTGTGRLSLHF	1
CASRSLHTTRPYGYTF	1
CASRRQGVFNSPLHF	1
CASRNLSGGNTIYF	1
CASRKSGQAGYGYTF	1
CASRKGYAAEAFF	1
CASRPQGRNTEAFF	1
CASRPGQGITEAFF	1
CASRPDRDRWDTEAFF	1
CASRIAGGREQYF	1
CASRTGHAEAFF	1
CASNAGSGGNQPQHF	1
CASKGLNTGELFF	1
CASKGAGNTIYF	1
CASKDSVNSPLHF	1
CASKRTDNSPLHF	1
CASKKGGSEAFF	1
CASKQERSSGNTIYF	1
CANPRQGNTEAFF	1
CASRAQGPEAFF	1
CASLPGPSTTEAFF	1
CASRTVVRVTEAFF	1
CASRDIANTEAFF	1
CASAYAGGEGNTEAFF	1
CASSSKTDLPQHF	1
CASSPDRVRAFF	1
CASSESGDTEAFF	1
CASSELGARNQPQHF	1
CASSEPEGSPLHF	1
CASSEQTGRENTEAFF	1
CASSLSGVTEAFF	1
CASSLALDDLRGAFF	1
CASSLAQRDTEAFF	1
CASSLAGSGSQPQHF	1
CASSLGSPLHF	1
CASSLGWAKKNTEAFF	1
CASSLGQGAPAEAFF	1
CASSLGQNYNSPLHF	1
CASSLDLSSGNTIYF	1
CASSLDGGWTEAFF	1
CASSLELGKLNTEAFF	1
CASSLRTGINYGYTF	1
CASSLLGETEAFF	1
CASSLQGDNSPLHF	1
CASSLNPTGSTNEKLFF	1
CASSLRLGNQPQHF	1
CASSLSGQGQPHPYGYTF	1
CASSLVGASGELFF	1
CASSLAGTGATNEKLFF	1
CASSLQGADGYTF	1
CASSLHPGENTEAFF	1
CASSPGGPGELFF	1
CASSPPLVKFGSINQPQHF	1
CASSRPEGGSPLHF	1
CASSRIRDLNTEAFF	1
CASSHRTGDWGNQPQHF	1
CASSHGQGDYGYTF	1
CASSQSGGSNEKLFF	1
CASSQWNRGYGYTF	1
CASSQPDRESEKLFF	1
CASSQGGNQPQHF	1
CASSQDSYGYTF	1
CASSQTGTFSGNTIYF	1
CASSQRPGTGKSNQPQHF	1
CASSQQRPKGTEAFF	1
CASSQVWAISPLHF	1
CASSQVPWDRGLNGGYTF	1
CASSQVGKRGSYNSPLHF	1
CASSQVQANYGYTF	1
CASSQGVYAEAFF	1
CASSQGVGTGDRRYTF	1
CASSQGAEAFF	1
CASSQGGGARGYTF	1
CASSQGDRGWNTEAFF	1
CASSQGVREEAFF	1
CASSQDPVSGNTIYF	1
CASSQDPRNTEAFF	1
CASSQDQDGLYGYTF	1
CASSQDGMGQYF	1
CASSQDLRESGYGYTF	1
CASSQDPGQPQHF	1
CASSQEQGGNQPQHF	1
CASSQMGQPQHF	1
CASSVGTTDQGNTIYF	1
CASSNGVNTEAFF	1
CASRPTVNTEAFF	1
CASRTGDGYTF	1
CASKGSGNTIYF	1
CSVGGVAEDQPQHF	1
CSVETGLAGADTQYF	1
CSAFTGFTEAFF	1
CSASRGPLGSPLHF	1
CSASRGQLFGMNTEAFF	1
CSAAHTDGPQHF	1
CSATQQGFNEKLFF	1
CSATGSGVKGNQPQHF	1
CSATHREVGEKLFF	1
CSATPLDSGNTIYF	1
CSASVGMNTEAFF	1
CSASGGRTEAFF	1
CSARTGSYGYTF	1
CSARWNRVVGYTF	1
CSARLNSGISGNTIYF	1
CSARRPTSGSQPQHF	1
CSARHGKTGTTNEKLFF	1
CSARQVGPEAFF	1
CSARVDSSFGYTF	1
CSARVDSSNTEAFF	1
CSARVQAGADYTF	1
CSARAPDKNTEAFF	1
CSARAAADQPQHF	1
CSARARRTSGSSRETQYF	1
CSARAGSGNTIYF	1
CSARDWAAGRFGTEAFF	1
CSARDWGESYGYTF	1
CSARDPTGTGQPQHF	1
CSARDTGLNTEAFF	1
CSARDRWARNFTEAFF	1
CSARDGLNTEAFF	1
CSARDESIGTGYNSPLHF	1
CSARDTIGGNTIYF	1
CSARTPSGYNSPLHF	1
CSARRGTEAFF	1
CSASGWAHSPLHF	1
CSALGTEAFF	1
CSAPRLTGSGNTIYF	1
CSARRGSNYGYTF	1
CSAHERTGSYGYTF	1
CSAQMREGNQPQHF	1
CSAYLGTQHF	1
CSAPPGTGYNSPLHF	1
CSATRQAGGNTIYF	1
CSGLTYRDRASNQPQHF	1
CSSVTSGFSNTEAFF	1
CSPSGVLNTEAFF	1
CSVQGRMDTEAFF	1
CSVVGQKLGSSPYGYTF	1
CSVVRDHYTEAFF	1
CSVVTPDRGTNTEAFF	1
CSVGVDGATNEKLFF	1
CSVGVGLDYGYTF	1
CSVDDRGHGGELFF	1
CSVEDRGFYGYTF	1
CSVEDQNQLGAFF	1
CSVEDGLSLLNGYTF	1
CSVEDARGYTF	1
CSVEDEGKAFF	1
CSVEESSGELFF	1
CSVIGTGATNEKLFF	1
CSVTDYGYTF	1
CSVRGSVDRPNTEAFF	1
CSVGETYNSPLHF	1
CSVDQGAYGYTF	1
CSAGGQLDQPQHF	1
CSAERLVYGYTF	1
CSAAEVAGTEAFF	1
CSGGFGGSGNTIYF	1
CSGGNETNYGYTF	1
CSIGQFDYTNYGYTF	1
RASRARDREAYEQYF	1
RARRGTEYNQPQHF	1
CASSLGTSGSHQETQYF	4
CAWRRGTGNSPLHF	3
CASSHLFASSYNEQFF	3
CASSLGQGKTHNEQFF	3
CASSHEEGQGSLKQYF	3
CASSLGGSRQFF	3
CSATGQRETQYF	3
CATSDFARDIGEQFF	2
CATSDFPQSSYNEQFF	2
CATSDRGRNEQFF	2
CATSNRGGETQYF	2
CASSIGEGGGSYEQYF	2
CASTYAGAEQYF	2
CASTRFGSGTGELFF	2
CASSFGTEAFF	2
CASSFGAVHGYPMNTEAFF	2
CASSFGGNTGELFF	2
CASSFQETQYF	2
CASSLSWSSNQPQHF	2
CASSLSGAGNQPQHF	2
CASSLPGSYEQYF	2
CASSLRTDYGYTF	2
CASSLRSMGYGYTF	2
CASSYSIGGKQPQHF	2
CASSYGKTYNSPLHF	2
CASSPLQGNEQFF	2
CASSRRQSTSGRGDEQFF	2
CASSHKRGTGETQYF	2
CASSVRLAGERASSTDTQYF	2
CASSESVGNTEAFF	2
CASSFSYEQYF	2
CASSLVAGTTHYNEQFF	2
CASSLAFEQYF	2
CASSLGYEQYF	2
CASSSSRPGLGYEQYF	2
CASSLGPSNQPQHF	2
CASSQGPNQETQYF	2
CASSQLNEQFF	2
CASSQGAGGAYEQYF	2
CASSQETQYF	2
CASSQERGQGTETQYF	2
CASSVLAGGSGADTQYF	2
CASSGLTDTQYF	2
CASSTLSSGKAYEQYF	2
CASRDSGPYEQYF	2
CASRQTWQGKNTGELFF	2
CASNYREVASNQPQHF	2
CASSSSSGAYNEQFF	2
CASSMGTPGNTIYF	2
CASSLVASGSLSNEQFF	2
CASSLGRSGQGFFGNTGELFF	2
CASSLDGFYGYTF	2
CASSLEAITGELFF	2
CASSSHAGTSVTDTQYF	2
CASSLPGRDTGELFF	2
CASSQLAGGPFSYNEQFF	2
CASSQGTENPLNYEQYF	2
CASSQDGEGIQETQYF	2
CASNLGSGRVYNEQFF	2
CSARGREEQFF	2
CSARVLAGTEQFF	2
CSALGIDSGGIRETQYF	2
CSARDRKGRSYEQYF	2
CSARTGGLLGNEQFF	2
CSVLRSGLSSYNEQFF	2
CSVAVGQSNQPQHF	2
CSVRPGTDPYEQYF	2
CSAMESGRENTGELFF	2
CSGTGTTAYEQYF	2
CSGKERREETGELFF	2
RASSSSGGAHEQFF	2
RASSYGYTF	2
CASSLDRFHEQFF	1
CASSPGAGGNEKLFF	1
CASSEELNTEAFF	1
CASLEYTGELFF	1
CASLGEGLRYGYTF	1
CAWAEGAGEKLFF	1
CAWGLPGYQPQHF	1
CAWSGIGINQPQHF	1
CAVKDRLVNSPLHF	1
CAGSPDRNSPLHF	1
CAISVGLGRDTEAFF	1
CAIRDRNQPQHF	1
CAIGGGDNQPQHF	1
CAIGETGRGYGYTF	1
CAIGGEYSADTQYF	1
CAIILNTGELFF	1
CAIIRASGNGIAGELFF	1
CAITGVLGYGYTF	1
CAITRDEQYF	1
CAITTGGIGNSPLHF	1
CAISPGDRPYQPQHF	1
CAISRIGGGNTIYF	1
CAISGVTDTQYF	1
CAISGTAVNYGYTF	1
CAISDNQETQYF	1
CAISESIQGNYGYTF	1
CAISESLQGGYPYGYTF	1
CAISESQGQRNEKLFF	1
CAISESGGHYSNQPQHF	1
CAISESMTDGYNSPLHF	1
CAISEWQSSNQPQHF	1
CAISEVEGKNTEAFF	1
CAISEGVIYNTEAFF	1
CAISETGQGNQPQHF	1
CAISKADTNTGELFF	1
CAIRGTGSGRSDTQYF	1
CAIRGRTSDGELFF	1
CAIRSDSENEKLFF	1
CAMTGTQGLTNTGELFF	1
CATTTGGGRCNQPQHF	1
CATSEAGGVGSSYNSPLHF	1
CATSIGGGANTGELFF	1
CATPRGDHPGTEAFF	1
CATSVQGGTEAFF	1
CATSDSGSLGLPQHF	1
CATSDPAQGNYGYTF	1
CATSDGNRVTEAFF	1
CATSDITGELFF	1
CATSDTGGYNQPQHF	1
CATSDSRQPKAFF	1
CATSDRRDQPQHF	1
CATSDRSNQPQHF	1
CATSEDFSNQPQHF	1
CATSVGGPEIYGYTF	1
CATSGSRDRVDQPQHF	1
CATSTRTGNTGELFF	1
CATSTRGANTEAFF	1
CATSTYLGQGNNSPLHF	1
CATSSGEGLRFLQPQHF	1
CATSSLYQPQHF	1
CATRGHPGGETQYF	1
CATRRGGDYGYTF	1
CASARIIGQGYFGYTF	1
CASELAGSTDTQYF	1
CASSIAHGAGGTEAFF	1
CASSMDSFGGTEAFF	1
CASRGLAGGDGTGELFF	1
CASSQGSVNQPQHF	1
CASSPKMNTEAFF	1
CASSPVDGYNEKLFF	1
CASSPIPHPNNEKLFF	1
CASSPGGNTEAFF	1
CASSGGFRNQPQHF	1
CASLLGTSLHF	1
CASLRGVGSPLHF	1
CASPRVHPLHF	1
CASRLGASNTGELFF	1
CASRLPGQSYSPLHF	1
CASRQGPVTNEKLFF	1
CASRQGSNQPQHF	1
CASHIQGMNTEAFF	1
CASQVLRENYGYTF	1
CASQGFYSGNTIYF	1
CASVGQNNSPLHF	1
CASAPWAGAGNTIYF	1
CASAGGQPQHF	1
CASAGTGFRVYGYTF	1
CASGTTRDSSSEAFF	1
CASGRDSGNTIYF	1
CASGDRFNQPQHF	1
CASELRPGQNNSPLHF	1
CASIRGGDRYNSPLHF	1
CASIPGGNGNQPQHF	1
CASTFTGLGTEAFF	1
CASTTGLTNEKLFF	1
CASTKSVISEAFF	1
CASTLGLAGDEQYF	1
CASTLVRNTEAFF	1
CASTLNPTEAFF	1
CASTRDRAKGYTF	1
CASTQLNQPQHF	1
CASTQGTGISPLHF	1
CASTTLGRALYEDTF	1
CASTNRAGTGYGYTF	1
CASSFSEGYNSPLHF	1
CASSFYDSRAEAFF	1
CASSFVKGPLHF	1
CASSFARQGANYGYTF	1
CASSFGQPQHF	1
CASSFGQIDQPQHF	1
CASSFGPLQPQHF	1
CASSFGTSNTEAFF	1
CASSFDRVNTEAFF	1
CASSFETLDPSNQPQHF	1
CASSLSGNYGYTF	1
CASSLWSGTSTDTQYF	1
CASSLTGGASVWIDGYTF	1
CASSLNPGSQHF	1
CASSLFKGASGEKLFF	1
CASSLLAGTEAFF	1
CASSLSLLHGGAEAFF	1
CASSLSPLGVYGYTF	1
CASSLSFQGIGGYTF	1
CASSLSPHDRGRKEKLFF	1
CASSLWGGTQPQHF	1
CASSLYGYTF	1
CASSLLVGDTIYF	1
CASSLRDTEAFF	1
CASSLQGVREPLHF	1
CASSLQKAYNSPLHF	1
CASSLAWGNTEAFF	1
CASSLGLLNTEAFF	1
CASSLSPSAGVADTQYF	1
CASSLSQGGNSPLHF	1
CASSLNLGTAYSGYTF	1
CASSLKVFTPGSLSGYTF	1
CASSSSGGADTQYF	1
CASSSRDQIAGNTIYF	1
CASSSRQVAGYTF	1
CASSSVTGQPGYTF	1
CASSSGETYNSPLHF	1
CASSSNRQAEAFF	1
CASSSSRAGDQFF	1
CASSSVQGAGYGYTF	1
CASSSGGEEEKLFF	1
CASSSKKPQHF	1
CASSWGVNYGYTF	1
CASSWTGEDGYTF	1
CASSYGDGSYGYTF	1
CASSYRGTGSNQPQHF	1
CASSYNPGHNNEKLFF	1
CASSYSGSQPQHF	1
CASSYWGDSAGNEKLFF	1
CASSYPGGAFF	1
CASSYRARGQIGTEAFF	1
CASSYDPSSGNTIYF	1
CASSYDRELGSPLHF	1
CASSYSLQNTEAFF	1
CASSYSRGLGYTF	1
CASSLAGSGNTIYF	1
CASSLDPPGQGAYEQYF	1
CASSPPSPSTDTQYF	1
CASSPPGTVFNYGYTF	1
CASSPQRYSNQPQHF	1
CASSPAGTVNYGYTF	1
CASSPGHEKLFF	1
CASSPGTAKSSYNSPLHF	1
CASSPGTENTEAFF	1
CASSPGQGVYGYTF	1
CASSPGGGNTEAFF	1
CASSPRRLLGTEAFF	1
CASSPDRGLPQHF	1
CASSPSAGIGYGYTF	1
CASSPQWALHQPQHF	1
CASSRTQNTGELFF	1
CASSRQGLYNSPLHF	1
CASSRQGVVSQPQHF	1
CASSQLDRGNTEAFF	1
CASSQTNVGNNSPLHF	1
CASSVAGGGQPQHF	1
CASSVGTGGNYGYTF	1
CASSVPGQGAQPQHF	1
CASSALGSDQPQHF	1
CASSARPDGSNQPQHF	1
CASSANEGAGNTIYF	1
CASSAVADSYNEQFF	1
CASSGPGSTQHF	1
CASSGMTSRVGELFF	1
CASSGPGGSPNYGYTF	1
CASSGVNTEAFF	1
CASSGDESPQHF	1
CASSGDRSNQPQHF	1
CASSGQGDSPLHF	1
CASSDIVVAGELFF	1
CASSDLYRGNYGYTF	1
CASSDSAGEVTGELFF	1
CASSDTQRNGYTF	1
CASSEGGEAFF	1
CASSETGRYGYTF	1
CASSEYPNSPLHF	1
CASSEALFSGVDTEAFF	1
CASSEAIGVYQPQHF	1
CASSETSASGGFPDTQYF	1
CASSIQGSRTEAFF	1
CASSTARGLGYGYTF	1
CASSSRVEAFF	1
CASSRQGVGGYTF	1
CASSNPGTGVNGELFF	1
CASSFPGHNQPQHF	1
CASSFADYGYTF	1
CASSFSSYNEQFF	1
CASSFSSRAANYGYTF	1
CASSFHPGQNNSPLHF	1
CASSFQGPNTEAFF	1
CASSFGSVLFF	1
CASSFGEGTEAFF	1
CASSFGTDNEKLFF	1
CASSLWGGVIGTEAFF	1
CASSLWGAGGYTF	1
CASSLQKDTEAFF	1
CASSLVSNTEAFF	1
CASSLARVVNQPQHF	1
CASSLGGGGQPQHF	1
CASSLGGGTAYVNQPQHF	1
CASSLGMGQPQHF	1
CASSLGLYTGELFF	1
CASSLGQATGSRGYTF	1
CASSLGQNNQPQHF	1
CASSLDDQPQHF	1
CASSLELQGRRGNSPLHF	1
CASSLEVATNEKLFF	1
CASSLETENTEAFF	1
CASSLEQGPGGYTF	1
CASSLFAASPTGELFF	1
CASSLLNLNTEAFF	1
CASSLPGPGTEAFF	1
CASSLPVQGSNQPQHF	1
CASSLREKLFF	1
CASSLRYTEAFF	1
CASSLRGGGFDTGELFF	1
CASSLQGVRLNTEAFF	1
CASSLQSPGGTGNTIYF	1
CASSLVGDSNYGYTF	1
CASSLVGGKNSPLHF	1
CASSLVGPDTEAFF	1
CASSLAGDQPQHF	1
CASSLALYLETEAFF	1
CASSLAGQGSEAFF	1
CASSLASGTGGSYNEQFF	1
CASSLGPPGQGTLPSTEAFF	1
CASSLGPEAFF	1
CASSLGSPPASGNTIYF	1
CASSLGSGEVNEAFF	1
CASSLGGGTHEKLFF	1
CASSLGDYGYTF	1
CASSLGQGAGEAFF	1
CASSLGGRSAGNTIYF	1
CASSLDLRGTNEKLFF	1
CASSLDPVTGSSPLHF	1
CASSLDGPNQPQHF	1
CASSLDGTENTGELFF	1
CASSLDRVSFYTF	1
CASSLEAGGLYTEAFF	1
CASSLTGGGGYGYTF	1
CASSLTTGGPWTEAFF	1
CASSLTGDSNQPQHF	1
CASSLSGEGQPQHF	1
CASSLSTLAVDTQYF	1
CASSLRAGLNTEAFF	1
CASSSGQGGNTEAFF	1
CASSSTGSTGELFF	1
CASSSSNQPQHF	1
CASSSKAINQPQHF	1
CASSSSQGVTELEAFF	1
CASSSNSRDTEAFF	1
CASSSGLGTGQPQHF	1
CASSSIYGSGNTIYF	1
CASSSSSYNSPLHF	1
CASSSQTGGHYGYTF	1
CASSWQGQSSGNTIYF	1
CASSWEGSNQPQHF	1
CASSWTGTNSPLHF	1
CASSWTVRAIYF	1
CASSYGPNTGELFF	1
CASSLLAQIYRVDTIYF	1
CASSLQDRGLTEAFF	1
CASSLMGQVFF	1
CASSLSGGTGNTIYF	1
CASSLHTGELFF	1
CASSLDRDSEAFF	1
CASSLTASTDTQYF	1
CASSLTGITEAFF	1
CASSLQGAYQPQHF	1
CASSLQGAKEGYTF	1
CASSLQGRNTEAFF	1
CASSLISVSGNTIYF	1
CASSLTRTGSGGKLFF	1
CASSPSGVSEAFF	1
CASSPPTEAFF	1
CASSPPGDEKLFF	1
CASSPFAGVNNEQFF	1
CASSPSGRGRSSYNSPLHF	1
CASSPWGGVTEAFF	1
CASSPLGAARDTQYF	1
CASSPLGGRSGELFF	1
CASSPRPTDKNTEAFF	1
CASSPRQGVEKLFF	1
CASSPQGDTEAFF	1
CASSPGTDTEAFF	1
CASSPGTGRIYGYTF	1
CASSPGSNQPQHF	1
CASSPDPGVGYTF	1
CASSPELDYNYGYTF	1
CASSPMTSNTEAFF	1
CASSPKGSRDRDSPLHF	1
CASSPSLSSYNSPLHF	1
CASSPNRGSGNTIYF	1
CASSPWIAKYGYTF	1
CASSPQGAANEKLFF	1
CASSPQTRSLNSPLHF	1
CASSPVGRGADYGYTF	1
CASSPVDRAQHGYTF	1
CASSPDRGSGYGYTF	1
CASSRRVGGEKLFF	1
CASSRTNTGELFF	1
CASSRKREGWDEAFF	1
CASSRRVKQGPLAEAFF	1
CASSRGGSNQPQHF	1
CASSREGQANSPLHF	1
CASSRTNNQPQHF	1
CASSRRQAHEAFF	1
CASSRGQSYGYTF	1
CASSRENQRGRGGTEAFF	1
CASSRTVGVSYGYTF	1
CASSRNQLYGYTF	1
CASSHQATPEAFF	1
CASSHGRGITEAFF	1
CASSQGGRVGKHGYTF	1
CASSQDTGYTF	1
CASSQRQRSSGNTIYF	1
CASSQLRGVAPGAFF	1
CASSQVPRGDQPQHF	1
CASSQVRAPNTEAFF	1
CASSQADRPQHF	1
CASSQGVGYGYTF	1
CASSQGTGGNQPQHF	1
CASSQDLDEAFF	1
CASSQDGRDMGQPQHF	1
CASSQDPREPNEQFF	1
CASSQDGPIAFF	1
CASSQDRRNTIYF	1
CASSQRVQHGAFF	1
CASSVDYRDFLNYGYTF	1
CASSVTLVPEVFF	1
CASSVSGNTIYF	1
CASSVHEGAANYGYTF	1
CASSVWQGARGYTF	1
CASSVVEEGYGYTF	1
CASSVGMGDTQYF	1
CASSVDGGSDSPLHF	1
CASSVDSTEAFF	1
CASSVSRGDPGNTIYF	1
CASSAISSYNSPLHF	1
CASSAGVNTEAFF	1
CASSATGFNQPQHF	1
CASSGRMGGQSSGNTIYF	1
CASSGGIDYGYTF	1
CASSGTAPNSPLHF	1
CASSGWYRANSPLHF	1
CASSGTGGVNTEAFF	1
CASSERQSYGYTF	1
CASSMTPYNSPLHF	1
CASSTYKNEKLFF	1
CASSTGQNNQPQHF	1
CASSTTSVVNTGELFF	1
CASSNPAREKLFF	1
CASSKQEYYGYTF	1
CASSKVGGGQSYGYTF	1
CASRYTGTSTRKLFF	1
CASRLDRGTEAFF	1
CASRRRVTSYGYTF	1
CASRASSYNSPLHF	1
CASRGKEGNPEAFF	1
CASRGSGRFEKLFF	1
CASRIDRGPGNTIYF	1
CASRIDRGYGYTF	1
CASRTTGRRGRISYNSPLHF	1
CASRPYRAPSNQPQHF	1
CASRPSSLGSFGADQPQHF	1
CASRPGDSKFLKAFF	1
CASRPGTAANYGYTF	1
CASRPGQLNTEAFF	1
CASRRDRLDQPQHF	1
CASRRPTPEKLFF	1
CASRHTGGADYGYTF	1
CASRAQGAGEKLFF	1
CASRGGSPGNTIYF	1
CASRGDRRPRSSYEQYF	1
CASRGISRTGNQPQHF	1
CASRGAGTTGNSPLHF	1
CASRTTGGVNGYTF	1
CASRSPLRDRNSPLHF	1
CASRRPEGMNTEAFF	1
CASRRTGQGALGYTF	1
CASNSGSTGNTIYF	1
CASNIGLRADYGYTF	1
CASNTQGASTEAFF	1
CASKLTGGNQPQHF	1
CASKVRGNTGELFF	1
CASKVEGHSNQPQHF	1
CASKEQGNSPLHF	1
CANSGEPYNEQFF	1
CAKPTGSSSPLHF	1
CAKQGHYSNTEAFF	1
CAINGGTATEAFF	1
CATRRVGQGDEAFF	1
CASRLEQGTHGYTF	1
CASRQGNTEAFF	1
CASMGLRDRGLKLFF	1
CASTPGARNTEAFF	1
CASSYQDSYGYTF	1
CASSLIPQGGNQPQHF	1
CASSPPPHQTAFSYTF	1
CASSRIDSKNEKLFF	1
CASSVSGAGTEAFF	1
CASSDTDSPYEQYF	1
CASSDLQGNQPQHF	1
CASSESVFRYSNQPQHF	1
CASSEGFSWELFF	1
CASSFRQADTEAFF	1
CASSLFGEEAFF	1
CASSLFTGENYGYTF	1
CASSLSGNEKLFF	1
CASSLPPPGLNTEAFF	1
CASSLVGGNEAFF	1
CASSLAPTGEREKLFF	1
CASSLAARGLAEAFF	1
CASSLAKGYSEAFF	1
CASSLAFAGNTIYF	1
CASSLGQMNTEAFF	1
CASSLGPANQPQHF	1
CASSLGGLDSNQPQHF	1
CASSLGDRGSGNTIYF	1
CASSLEGVRGNTIYF	1
CASSLEFGFGNTIYF	1
CASSLEVVGNTEAFF	1
CASSLETGQTTEAFF	1
CASSLTGGNTIYF	1
CASSLQGEDQPQHF	1
CASSLGTGNTEAFF	1
CASSLGTDGTEAFF	1
CASSLGQISGNTIYF	1
CASSLETEAFF	1
CASSSPTASTEAFF	1
CASSSVDGNEKLFF	1
CASSSEQGTDGYTF	1
CASSWDRYGYTF	1
CASSLDRGLNYGYTF	1
CASSLNKDFTEAFF	1
CASSPGGTKEAFF	1
CASSPGQAFMNTEAFF	1
CASSPRTGHTEAFF	1
CASSPGTGWTEAFF	1
CASSPIHNSNQPQHF	1
CASSPGDRLEGGNQPQHF	1
CASSPMRGGTEAFF	1
CASSPTGGNEKLFF	1
CASSPRTGPGNTIYF	1
CASSPKQGRNSPLHF	1
CASSRGTDGDYQPQHF	1
CASSRNRADSGNTIYF	1
CASSQGTGFGNTIYF	1
CASSQSKGSGAEAFF	1
CASSQLEYRSSTDTQYF	1
CASSQVLRAGNEKLFF	1
CASSQVDLIRLDEAFF	1
CASSQVTATEAFF	1
CASSQAIATNEKLFF	1
CASSQAPRRDRGPYGYTF	1
CASSQGLARGIDQPQHF	1
CASSQGDRAFF	1
CASSQGQGAGNTIYF	1
CASSQGQGAKPQHF	1
CASSQDRWGRKDSEAFF	1
CASSQDRNQPQHF	1
CASSQEWYSNQPQHF	1
CASSQTIPDGEKLFF	1
CASSVDSLDEAFF	1
CASSARDRGNYGYTF	1
CASSAKTGATEAFF	1
CASSGAWDEKLFF	1
CASSDRQSGKLFF	1
CASSILGGADSPLHF	1
CASSRDRREYGAFF	1
CASSRGRETQYF	1
CASRVDRGYNSPLHF	1
CASRAQDGYTF	1
CSVPEGGAGQPQHF	1
CSVIDGPVREKLFF	1
CSASKDRVIYGYTF	1
CSACHPQKRTGNTGELFF	1
CSALLGGSYNSPLHF	1
CSAPSGGFVSTNEKLFF	1
CSAPQGIDEKLFF	1
CSAPRTGSGNTIYF	1
CSAPGVDYGYTF	1
CSAPTGNTEAFF	1
CSAPDGGDNF	1
CSARGGRPLSSPLHF	1
CSAHRETEAFF	1
CSAAPRRATQYF	1
CSAAGTGDSGKLFF	1
CSAGLNTEAFF	1
CSADPGEMNTEAFF	1
CSAELTGGTEAFF	1
CSAEQGPGQPQHF	1
CSATPGQGLPEAFF	1
CSATTNNYGYTF	1
CSATSRVRQPQHF	1
CSATNSRDSFYGYTF	1
CSASFGNTEAFF	1
CSASSGGGHQPQHF	1
CSASPGQLYSNQPQHF	1
CSASAGPGSNQPQHF	1
CSASGTDPGNTIYF	1
CSASEGNNSPLHF	1
CSASNAGGLQETQYF	1
CSASQGRGVTEAFF	1
CSASGTGGSNSPLHF	1
CSASKTGWGTGELFF	1
CSARQPGRWAFF	1
CSARAGLQYF	1
CSARGLFF	1
CSARTSGSTDTQYF	1
CSARWPYGAEAFF	1
CSARLRAGGNQPQHF	1
CSARPRGSWQFF	1
CSARPQGYSQPQHF	1
CSARVLTLRNTEAFF	1
CSARVRPDNNSPLHF	1
CSARAGTGGVELFF	1
CSARAGQGDSPLHF	1
CSARARTGENTEAFF	1
CSARGLDSQNHNEQFF	1
CSARGTLYNSPLHF	1
CSARDPAGNEKLFF	1
CSARDPQGTEAFF	1
CSARDTRLGSNTIYF	1
CSARDSAFSGNTIYF	1
CSAKQWNTEAFF	1
CSAPPGKTEAFF	1
CSAPGRVMNTEAFF	1
CSAESGQGQDYGYTF	1
CSARTGGENSPLHF	1
CSAERGNTIYF	1
CSARTGTTEAFF	1
CSAHDRDSGNTIYF	1
CSTWYGTGNTEAFF	1
CSVLSLIPYTF	1
CSVRQDYGYTF	1
CSVQGPGNQPQHF	1
CSVVGSSGNTIYF	1
CSVAGAEAFF	1
CSVAGRQRSNYGYTF	1
CSVATVNTGELFF	1
CSVAGTGELFF	1
CSVGGAGRQPQHF	1
CSVDGFGGSTEAFF	1
CSVETGGETEAFF	1
CSVEDQTSEGPNTEAFF	1
CSVEDGFNQPQHF	1
CSVEEPLRATPF	1
CSVEMGVDTEAFF	1
CSVSFRLITGVNTEAFF	1
CSVQKPGTCNQPQHF	1
CSVVQGNSPLHF	1
CSVGDEKLFF	1
CSVELRDRRTVNYGYTF	1
CSARVQNTEAFF	1
CSGGHPNTEAFF	1
CSGDGSGGYTEAFF	1
CSSRGQRSQLTDTQYF	1
LRGLRNYGYTF	1
RASSLIAAGGDYGYTF	1
RASSSSSGREDTEAFF	1
RASSSQYTGPQGLYGYTF	1
RASSYRVRGSVTEAFF	1
RASSPQTGFNTGELFF	1
RASSAWDREVPVIYF	1
RASSSYREGGNTIYF	1
CASSLNSGANVLTF	5
CASSKTGRAKNIQYF	3
CASSDSRGGPYNEQFF	3
CASSFPPGQGAYEQYF	3
CASSLLAGGLYGTDTQYF	3
CASRVAGGTRDNEQFF	3
CASSKDRGEETQYF	3
CAISESGYEQYF	2
CATSEARTGGRGETQYF	2
CATSEPLQGSSEQFF	2
CASSAGQGRAYEQYF	2
CASTPWPRGTEAFF	2
CASTPYRTDGAKQYF	2
CASSFSFSEAEAFF	2
CASSFLGRAGELFF	2
CASSFSTQEYEQFF	2
CASSLWGDTQYF	2
CASSSGTSIFTGELFF	2
CASSSGPTQETQYF	2
CASSWRQGSYEQYF	2
CASSLGGRNQPQHF	2
CASSLDLETQYF	2
CASSPKIGTTGELFF	2
CASSPGTGYEQYF	2
CASSVGQSNTEAFF	2
CASSDSGTYNEQFF	2
CASSETPGQGTGELFF	2
CASSERSRDPDNQPQHF	2
CASSFNEQFF	2
CASSLSRDRDEQYF	2
CASSLNNEQFF	2
CASSLSHYEQYF	2
CASSLPTDTQYF	2
CASSLVSLARINEQFF	2
CASSLVRELFF	2
CASSLVGSPGETQYF	2
CASSLALVCEQFF	2
CASSLGTSGRETQYF	2
CASSLEAPSGTGFTDTQYF	2
CASSSTSAISTDTQYF	2
CASSSIREGTRPLQETQYF	2
CASSLIGLDQETQYF	2
CASSPGGGPGETQYF	2
CASSPPNNEQFF	2
CASSPMAGGSYNEQFF	2
CASSHDQDSFYEQYF	2
CASSQDRSTDTQYF	2
CASSVAGGETQYF	2
CASSTLETGDYYEQYF	2
CASSRGYSGLYNEQFF	2
CASRPPGRLAGSGEQFF	2
CASRAKNRVIYNEQFF	2
CASRMTAYSNQPQHF	2
CASSESKGAAEAFF	2
CASSFTGELFF	2
CASSLFLQDEQYF	2
CASSLSSSNEQFF	2
CASSLQGDTDTQYF	2
CASSLQGPNNEQFF	2
CASSLQGFTGELFF	2
CASSLVAGQGSYNEQFF	2
CASSLAGLHEQFF	2
CASSLAVPTDTQYF	2
CASSLGAGSSYEQYF	2
CASSLGQYNEQFF	2
CASSLEVGSYNEQFF	2
CASSLETGSYEQYF	2
CASSLEVLERGYTF	2
CASSSGTSGAEQYF	2
CASSLTSGADTGELFF	2
CASSPLGPSVNTDTQYF	2
CASSQRTGGSGGNEQFF	2
CASSQGAIEQFF	2
CASSQGRGEGAGETQYF	2
CASSATRIAGTGELFF	2
CASSATSIGGNEQFF	2
CASSNRDRDSPLHF	2
CSASQGYGLARNNEQFF	2
CSARHLQGYNEQFF	2
CSARGRGASYEQYF	2
CSARDSLDHGEQFF	2
CSAREGDRSSSKETQYF	2
CSATQLAGRTDTQYF	2
CSVEGQQTYEQYF	2
CSVEWARETQYF	2
CSALGQGSSYEQYF	2
CPGLADNF	1
CASGLVPTGELFF	1
CASSLLGQDWYQETQYF	1
CAWSQRAVPGALYRQSNQPQHF	1
CAWSSLMIWDYGYTF	1
CAWSRDGITEAFF	1
CAWRRYRDTQYF	1
CAWRTGTNSNQPQHF	1
CAQKGSYGYTF	1
CAGENGYTF	1
CAGDGDTEAFF	1
CAIRERGQGREAFF	1
CAIGIQGGSGYTF	1
CAIGEQGAWEKLFF	1
CAIDGTGGGYGYTF	1
CAISRTDSNQPQHF	1
CAISVRENTEAFF	1
CAISDRDSNNSPLHF	1
CAISDGDYEQYF	1
CAISDGQSLAVQHF	1
CAISESPPTPIKSNSNQPQHF	1
CAISESYGNQPQHF	1
CAISESGTGLPYGYTF	1
CAISEGDRNTGELFF	1
CAISEERGTYNEQFF	1
CAISESSLNYGYTF	1
CAISERLENSPLHF	1
CAISEQVYGYTF	1
CAISSGPDQPQHF	1
CAISRTSEGGYEQYF	1
CAIRDRGSNSPLHF	1
CAIRPGPIYYGYTF	1
CAIRGPSGTDTQYF	1
CAIKGTGDLWAFF	1
CAMTRNHTGLLNYGYTF	1
CATSDSYGYTF	1
CATSRQLRTGELFF	1
CATQRTGTNTEAFF	1
CATEQDTQYF	1
CATTTITGQHF	1
CATSAAYGTGELFF	1
CATSGRSGNTIYF	1
CATSDFPGELFF	1
CATSDLHRDGYTF	1
CATSDLGYNQPQHF	1
CATSDLSGYGYTF	1
CATSDHGDQPQHF	1
CATSDKRDATEAFF	1
CATSLTGNSPLHF	1
CATSPLGLAGTQETQYF	1
CATSGGTHSYNSPLHF	1
CATSSRTINIQYF	1
CATSRVVFDRTPLHF	1
CATSRAGTGDTEAFF	1
CATSRGDGGIGNTIYF	1
CATSRDLADSGNTIYF	1
CATSRESYTEAFF	1
CATRSVYGYTF	1
CATLGGSTGLRYGYTF	1
CASSLVVNTEAFF	1
CASRGTNYGYTF	1
CASNSGNNEQYF	1
CASFGGPDTQYF	1
CASSTGGNTEAFF	1
CASSVNRGGRTDTQYF	1
CASSDGSPLHF	1
CASSPPGTYEQYF	1
CASSPRETSAEAFF	1
CASCRSSNQPQHF	1
CASWGTGGSTEAFF	1
CASRPGQGYTEAFF	1
CASRASGVTNEKLFF	1
CASRGLGGYTF	1
CASRDRGLGGYTF	1
CASRLQPNEKLFF	1
CASHLAGELFF	1
CASGREVSGNTIYF	1
CASGPGSTNEKLFF	1
CASGPTNTGELFF	1
CASGHSGNTIYF	1
CASGGIDTEAFF	1
CASGQGVRGYTF	1
CASGKTVGTEAFF	1
CASIGARRRAFF	1
CASISPGTGLPTNEKLFF	1
CASIYYTGELFF	1
CASIRGGFAEKLFF	1
CASMGTGNGGNQPQHF	1
CASTRDTKNTEAFF	1
CASTSSLVGEKLFF	1
CASTPFSGELFF	1
CASTPFAESSYNSPLHF	1
CASTPGPGAKNIQYF	1
CASTAGTVNSPLHF	1
CASTGGGQGTKEHSAFF	1
CASTETGDYGYTF	1
CASTNSWGTEAFF	1
CASSFVEGNTEAFF	1
CASSFVKDIEGQPQHF	1
CASSFAGNTIYF	1
CASSFGQYTEAFF	1
CASSFMVNTEAFF	1
CASSFFGGLNYGYTF	1
CASSFSPGQGPQPQHF	1
CASSFPQPGNTIYF	1
CASSFRQGEAFF	1
CASSLPGWSGNTIYF	1
CASSLHGGSNIQYF	1
CASSLGGYTF	1
CASSLGRGRTEAFF	1
CASSLGGAPLMNTEAFF	1
CASSLTWEPSYGYTF	1
CASSLRQGRINAEAFF	1
CASSLFGDRVTQPQHF	1
CASSLSVPGTPNYGYTF	1
CASSLSGAGTEAFF	1
CASSLYKGIEAFF	1
CASSLQGANTEAFF	1
CASSLQLGQGNTEAFF	1
CASSLQGHTEAFF	1
CASSLVDQVDQPQHF	1
CASSLVRTALVYEQYF	1
CASSLAGQSYEQYF	1
CASSLADRGNTEAFF	1
CASSLGRRLYQPQHF	1
CASSLGWEAFF	1
CASSLIRGYTEAFF	1
CASSLRTRGLNLFYGYTF	1
CASSLKGDTEAFF	1
CASSSPTGIYNSPLHF	1
CASSSAVDTLYHGYTF	1
CASSSETATNEKLFF	1
CASSSRDGDYGYTF	1
CASSSKGFSGNTIYF	1
CASSSPTAFRGEAFF	1
CASSSQGDDTEAFF	1
CASSSGALQSRRLGLTF	1
CASSSQGDQPQHF	1
CASSSVRGSGNTEAFF	1
CASSSGSYGYTF	1
CASSSTGGNQPQHF	1
CASSSTGGSTEAFF	1
CASSYYSGNEKLFF	1
CASSYYWDTQYF	1
CASSYHGPLGTIYF	1
CASSYFGTGVNTIYF	1
CASSYLGTRSYEQYF	1
CASSYLGQSSYNSPLHF	1
CASSYSSSLNTEAFF	1
CASSYSIKREAFF	1
CASSYSITPSYTGELFF	1
CASSYSTDGDHGYTF	1
CASSYSYERNNSPLHF	1
CASSYSVRQGNQPLHF	1
CASSYSRSYFF	1
CASSYWRQGDQPQHF	1
CASSYPLKWEMNTEAFF	1
CASSYAPGAEGYGYTF	1
CASSYGNVDGYTF	1
CASSYGGFGGYTF	1
CASSYGLANTEAFF	1
CASSYGGEAFF	1
CASSYEGRGYTF	1
CASSLLAGAITDTQYF	1
CASSLPQTRDTQYF	1
CASSLRGPGSNQPQHF	1
CASSLRTGNTGELFF	1
CASSLDSRGRKLFF	1
CASSLTGGGSPLHF	1
CASSPRRRGELFF	1
CASSPSAGESNQPQHF	1
CASSPRPVTGELFF	1
CASSPARTESEAFF	1
CASSPGQGINQPQHF	1
CASSPGTGGAGNEKLFF	1
CASSPRRSNTEAFF	1
CASSPPQHF	1
CASSPGLAGVDTGELFF	1
CASSPGQTTSLHF	1
CASSPTTANTEAFF	1
CASSPRERYEQYF	1
CASSPGGLGYGYTF	1
CASSRSGHQAGGNTIYF	1
CASSRSQGEGTEAFF	1
CASSRASNQPQHF	1
CASSRGWLAGNTIYF	1
CASSRTEVAYEQYF	1
CASSRTGSNEKLFF	1
CASSRTGYQPQHF	1
CASSRRLKGDSYSPLHF	1
CASSRDSNQPQHF	1
CASSHFSSPLHF	1
CASSHHLEAFF	1
CASSQTFYGYTF	1
CASSQTTGTTEAFF	1
CASSVFSNQPQHF	1
CASSVRGLGYTF	1
CASSVLETQYF	1
CASSAQTDPNTEAFF	1
CASSAWDEQYF	1
CASSADSSYEQYF	1
CASSAETTMNTEAFF	1
CASSGGHLATNEKLFF	1
CASSGSSGQNYGYTF	1
CASSGGGRSTGELFF	1
CASSGDGQEINTGELFF	1
CASSDSGGEKGNQPQHF	1
CASSDLMDSGNTIYF	1
CASSDSGSPQGFYGYTF	1
CASSDSGLADTGELFF	1
CASSDSGTGGSTNYGYTF	1
CASSDQVITEAFF	1
CASSDGEYNSPLHF	1
CASSDRGNQPQHF	1
CASSEGYGYTF	1
CASSEGFEGANTIYF	1
CASSETTGGQPQHF	1
CASSETVSGNQPQHF	1
CASSERPQGWSVVENEKLFF	1
CASSEYAATEAFF	1
CASSERTSNYGYTF	1
CASSEVGLVQPQHF	1
CASSEGHGSYGYTF	1
CASSEDPGDGSPLHF	1
CASSISGTGELFF	1
CASSIGPSNQPQHF	1
CASSTQFSGDQPQHF	1
CASSTKADTGELFF	1
CASSRGDSYEQYF	1
CASSREPNYSNQPQHF	1
CASSRTDNYGYTF	1
CASSRRAYQPQHF	1
CASSNRQSRGLFF	1
CASSFYGPTRTAFF	1
CASSFLYAGDDSGNTIYF	1
CASSFPTANSDGYTF	1
CASSFRQADQPQHF	1
CASSFGETEAFF	1
CASSFGAVPYEQYF	1
CASSFTQGTLNQPQHF	1
CASSFQERTNYGYTF	1
CASSFGATEAFF	1
CASSFIRGQDQDYGYTF	1
CASSFTDRSPKNTEAFF	1
CASSLSLNTEAFF	1
CASSLVRNSNQPQHF	1
CASSLAVTADPTEAFF	1
CASSLAVGVNTEAFF	1
CASSLALGEYQPQHF	1
CASSLAGSGYGYTF	1
CASSLGPWDQPQHF	1
CASSLGTDNSPLHF	1
CASSLDRRSRVSKLFF	1
CASSLEDRVITEAFF	1
CASSLEDREGYGYTF	1
CASSLTSVVDRSKAFF	1
CASSLRDTDTQYF	1
CASSLLGGAGEKLFF	1
CASSLSAGNTEAFF	1
CASSLWTGGVYGYTF	1
CASSLYGYGYTF	1
CASSLPPNEKLFF	1
CASSLRWAEAFF	1
CASSLRTGTNTEAFF	1
CASSLQGAGTEAFF	1
CASSLVGLAGSTDTQYF	1
CASSLVRAPGQPQHF	1
CASSLVWQTEAFF	1
CASSLVAGPGNTIYF	1
CASSLARGPNYGYTF	1
CASSLAPRAGGELFF	1
CASSLARIGAGTNYGYTF	1
CASSLAPQGNSEAFF	1
CASSLARGGGNQPQHF	1
CASSLAGMGIQPQHF	1
CASSLAEGWRAEAFF	1
CASSLAQGAVSPLHF	1
CASSLGIFGQVNTEAFF	1
CASSLGNNEQFF	1
CASSLGDRGQPQHF	1
CASSLGNEGAYGYTF	1
CASSLGWTVRDVGYTF	1
CASSLGLNTGELFF	1
CASSLGLAVLDTQYF	1
CASSLGLGADTQYF	1
CASSLGQGMELFF	1
CASSLDGGGFYGYTF	1
CASSLDSGDEKLFF	1
CASSLDQGSFYWDGYTF	1
CASSLDGRGYSNQPQHF	1
CASSLERNTEAFF	1
CASSLERDTEAFF	1
CASSLEVSPPLSEAFF	1
CASSLEGAYTF	1
CASSLEVPGYTF	1
CASSLITEFFTEAFF	1
CASSLIPNEKLFF	1
CASSLMGDTEAFF	1
CASSLMTSGSGGELFF	1
CASSLTARSGNTIYF	1
CASSLTQGNTEAFF	1
CASSLRIGGSGTGELFF	1
CASSLRQALIFGAFF	1
CASSSLVPYGYTF	1
CASSSLPWNTEAFF	1
CASSSPPGTGGHPIYF	1
CASSSQGGGNTIYF	1
CASSSGTGKMNTEAFF	1
CASSSDRGRSGNTIYF	1
CASSSEAAFPEAFF	1
CASSSRQGFANYGYTF	1
CASSSNREGRGYGYTF	1
CASSSFNQPQHF	1
CASSSSNRGTEAFF	1
CASSSRGGGSPLHF	1
CASSSGQGRLQYNEQFF	1
CASSSPTGDYGYTF	1
CASSSATGGSGNTIYF	1
CASSWEPGRTGYGYTF	1
CASSWTGSTEAFF	1
CASSYGTGRFTDTQYF	1
CASSYREAYGYTF	1
CASSLGGAGTGELFF	1
CASSLRGTDTQYF	1
CASSLQGSSYNSPLHF	1
CASSLTGGNEKLFF	1
CASSLSRASGNTIYF	1
CASSLLQGRGEAFF	1
CASSLLGLRVAFF	1
CASSLGGMGQPQHF	1
CASSPLRINQPQHF	1
CASSPHMNTEAFF	1
CASSPSGPGMNTEAFF	1
CASSPFEGGGYGYTF	1
CASSPSYGSIYGYTF	1
CASSPDRGNQPQHF	1
CASSPMGGYTEAFF	1
CASSPTTYGYTF	1
CASSPRGGYGYTF	1
CASSPLGRKQFF	1
CASSPIATNTEAFF	1
CASSPTGRFDSPLHF	1
CASSPSTGARGEAFF	1
CASSPSLTTNEKLFF	1
CASSPPEAYGYTF	1
CASSPRTGVGYTF	1
CASSPQGTEAFF	1
CASSPGFDQPQHF	1
CASSPISGEYSPLHF	1
CASSPTGGPSYEQYF	1
CASSRPGTGRGTEAFF	1
CASSRPRSTGVYNSPLHF	1
CASSRGQGFAEAFF	1
CASSRQGSGNTIYF	1
CASSHHVGGTTEAFF	1
CASSHHDGQGETTEAFF	1
CASSHPNSPLHF	1
CASSHRDYNEKLFF	1
CASSHGQNTEAFF	1
CASSQGSSYSYNSPLHF	1
CASSQEQGVKEPQHF	1
CASSQTGDYGYTF	1
CASSQKTGILYGYTF	1
CASSQSESHQPQHF	1
CASSQPGLAPSTGELFF	1
CASSQPVGASGNTIYF	1
CASSQVGGAGSFF	1
CASSQVGVLSAFF	1
CASSQASGAVTEAFF	1
CASSQDRDTEAFF	1
CASSQEGGGPGGNSPLHF	1
CASSQETGFGLAAFF	1
CASSQESVSGNTIYF	1
CASSQEVRGDTEAFF	1
CASSQETGGIGYEQYF	1
CASSVGAMNTEAFF	1
CASSVVGQGAVGYTF	1
CASSVVRPQHF	1
CASSVAGPHGYTF	1
CASSVGLTPPEAFF	1
CASSVGGAGNTIYF	1
CASSVGEAEQFF	1
CASSVGTSGAYEQYF	1
CASSVGWQGNGAFF	1
CASSVDQQYEAFF	1
CASSVEVDRKETQYF	1
CASSVIGAPNYGYTF	1
CASSVTTGAVDIQYF	1
CASSARRNTEAFF	1
CASSANTEAFF	1
CASSAVGGNTIYF	1
CASSAGVPNSPLHF	1
CASSAPSGAINYGYTF	1
CASSAHRGQSGYTF	1
CASSAQGGAEAFF	1
CASSGGTGVNTGELFF	1
CASSDDRVVGQPQHF	1
CASSEDIIYGYTF	1
CASSEFRVDQPQHF	1
CASSMGTGRGFITEAFF	1
CASSTQDGTEAFF	1
CASSTDRGQPQHF	1
CASSTSRTVSNEKLFF	1
CASSTGPGSYGYTF	1
CASSRDRVYTGELFF	1
CASSNSQVREGNQPQHF	1
CASSKHTGGVEATEAFF	1
CASSKGFSNQPQHF	1
CASSKGRLASYEQYF	1
CASSKNSGDTEAFF	1
CASRAPGQGVGYTF	1
CASRAGLQGLVSPLHF	1
CASRETGGGTEAFF	1
CASRISSGGNYEQYF	1
CASRTGVGAEAFF	1
CASRTGAGNTIYF	1
CASRPRTGGIWYNSPLHF	1
CASRPPDQPQHF	1
CASREARGPQHF	1
CASRTTGNSNQPQHF	1
CASNTGTMFTGELFF	1
CASNQGGRSQPQHF	1
CASNARGRVTEAFF	1
CASNGSGRNQPQHF	1
CASKGAGNQPQHF	1
CASKTAYNSPLHF	1
CASKGVTEAFF	1
CASKIGQGNTEAFF	1
CASKTRDRGRISTDTQYF	1
CARTFRTGGKAFF	1
CARRGPIGNTIYF	1
CAKRLATNTGELFF	1
CATSGGANTEAFF	1
CASTGSPGVEQYF	1
CASTPTVGGTEAFF	1
CASSFAGTNEKLFF	1
CASSYGDTYGYTF	1
CASSVGQRNTEAFF	1
CASSELGGSQPQHF	1
CASSERDSYNSPLHF	1
CASSLSQSSGNTIYF	1
CASSLQDEAFF	1
CASSLVLAPHEKLFF	1
CASSLVGDRALTEAFF	1
CASSLVGHVNTEAFF	1
CASSLGPEAFF	1
CASSLGQPVYGYTF	1
CASSLGALNTEAFF	1
CASSLDSFGYTF	1
CASSLEGQNTEAFF	1
CASSLEGRATEAFF	1
CASSLEGHTIYF	1
CASSLEDSNYGYTF	1
CASSLRRTDSTEAFF	1
CASSLRQGNTEAFF	1
CASSLLGNTEAFF	1
CASSLDYTEAFF	1
CASSSQGNEAFF	1
CASSSGTGNSNQPQHF	1
CASSSQGVDYGYTF	1
CASSSAAGQPQHF	1
CASSSGQREKLFF	1
CASSSDRVDEAFF	1
CASSWTELTTEAFF	1
CASSYPRGGDTEAFF	1
CASSYGRGGIDYGYTF	1
CASSLIPGTGSLRSPLHF	1
CASSLSDTEAFF	1
CASSPGQGTLTGQFF	1
CASSPAGANTEAFF	1
CASSPGGGQEAFF	1
CASSPPGQTRSGNTIYF	1
CASSRGELRGSRTEAFF	1
CASSHAPVGRDTEAFF	1
CASSHNEKLFF	1
CASSHIGQAYGYTF	1
CASSHTGTGWQPQHF	1
CASSQPDRANYGYTF	1
CASSQASGIYEKLFF	1
CASSQDQGYQPQHF	1
CASSQLAPAIYGYTF	1
CASSQYGDSNQPQHF	1
CASSQPDGFREAFF	1
CASSQPFPRYLNTEAFF	1
CASSQVGTLQGAGQPQHF	1
CASSQASGRGSPLHF	1
CASSQAPGQDYGYTF	1
CASSQAAVAASSYNSPLHF	1
CASSQGAAGGVIGYTF	1
CASSQGPQGGYGYTF	1
CASSQGGNPLSGAFF	1
CASSQGNHEAFF	1
CASSQDLDASLVKLFF	1
CASSQDQSSPLHF	1
CASSQDGGGTRDQPQHF	1
CASSQDILQPQHF	1
CASSQDPQGNYGYTF	1
CASSQDPSTRTGELFF	1
CASSQDEGLRTEAFF	1
CASSQEGQNTGELFF	1
CASSQEDRGYEKLFF	1
CASSQTEGTGAEKLFF	1
CASSGIQGRHTEAFF	1
CASSTLPGAGEKLFF	1
CASSTAGPTNEKLFF	1
CASSNGRGNTEAFF	1
CASRETGFTYEQYF	1
CASNAERYTEAFF	1
CTQRLVGGEAFF	1
CSSREQGARSPLHF	1
CSSGGLRSPLHF	1
CSVSNSRGTEAFF	1
CSVTGTVNSPLHF	1
CSVRQGTGNTIYF	1
CSAFDRGGTEAFF	1
CSAPWPGIEAFF	1
CSAQTGVTEAFF	1
CSAVSQGNGYTF	1
CSAGQGNNYGYTF	1
CSAGGAGGNTEAFF	1
CSASSVTGRNTEAFF	1
CSASSGQPNQPQHF	1
CSASRQFNQPQHF	1
CSASAPVRDTEAFF	1
CSASDKRELNTEAFF	1
CSASEGSTKDGYTF	1
CSARSQDHGNTIYF	1
CSARTDGNTIYF	1
CSARRGVLDTEAFF	1
CSARLGTGISQHF	1
CSARLKNGDWTEAFF	1
CSARSRMEPQHF	1
CSARQGGRPNEKLFF	1
CSARVQWGLSPQHF	1
CSARADSVGNQPQHF	1
CSARAGGYGNQPQHF	1
CSARGNTEAFF	1
CSARDYGSRDGYTF	1
CSARDLLGATNEKLFF	1
CSARDRRGKGTFEVAFF	1
CSARDVRGRSYGYTF	1
CSARDEGTAGMESPLHF	1
CSARDTGDLTGELFF	1
CSARDYPDSPQGYTF	1
CSARDPIERGNSPLHF	1
CSARECAGGSYYTF	1
CSAREQGQGLYGYTF	1
CSARTPGRPDHSPLHF	1
CSARTTSLGGELFF	1
CSARKHGAFF	1
CSANPGPLDTEAFF	1
CSANRGNEKLFF	1
CSAKGGGNQPQHF	1
CSALGDRGFGNQPQHF	1
CSAPSEGSTEAFF	1
CSARLLATNEKLFF	1
CSADSATGTEAFF	1
CSAIPGQVGNTIYF	1
CSAIDRDSNQPQHF	1
CSANRRGWEAFF	1
CSAWTGGRNTEAFF	1
CSARPGGEAFF	1
CSAQRTGGRAYNSPLHF	1
CSAETGNSGNTIYF	1
CSGRWGADEKLFF	1
CSGPPSYGYTF	1
CSTIQGPGLNTEAFF	1
CSSTGPSSTEAFF	1
CSVSSGNTIYF	1
CSVSVAGEQPQHF	1
CSVSTELNTEAFF	1
CSVYTGGLGAFF	1
CSVRSQENTEAFF	1
CSVVLGAKNIQYF	1
CSVAGGNTEAFF	1
CSVGGGPGNTIYF	1
CSVGSQDREDTEAFF	1
CSVDGGDGEKLFF	1
CSVDDLGGTEAFF	1
CSVELAGEGDQPQHF	1
CSVEPPETGNTIYF	1
CSVEAEDSGIGYGYTF	1
CSVEDEGAVDTIYF	1
CSVERGGTGAPYEQYF	1
CSVEKDSGNTIYF	1
CSVESRDSGNTIYF	1
CSVEYGGPGSEAFF	1
CSVELVTGVSYNEQFF	1
CSVEQGTIYGYTF	1
CSVEGSGGNQPQHF	1
CSVEDQSGIYYGYTF	1
CSVEEGAGNQPQHF	1
CSVETAGAGTGELFF	1
CSVIEHPNQPQHF	1
CSVRDRAGGNTEAFF	1
CSVRTVYTEAFF	1
CSVVDSRSSGNTIYF	1
CSVAGGAGTEAFF	1
CSVSGYPNSGYTF	1
CSVTGTEAYEQYF	1
CSVKTGDSNQPQHF	1
CSAGDRVGRTEAFF	1
CSADRGLNTEAFF	1
CSALGQAPNYGYTF	1
CSARGGEKLFF	1
CSARTGGSNQPQHF	1
CSAQASNQPQHF	1
CSGGGLAGRSGELFF	1
CSGNDVSGGNTIYF	1
CSEHRTPNTEAFF	1
CRGNRGAGTEAFF	1
RASSRQEQGASDTEAFF	1
RASSLSWGDYGYTF	1
RASSLEFGGGYTF	1
RASSPNVPGDVGSPLHF	1
RASSRARNNSPLHF	1
RASSHRRRGQGKS	1
RASSAKMFTGELFF	1
RASRYSGGCNQPQHF	1
RGGWGGTPYEQYF	1
CASSFGLADLLQWASTDTQYF	3
CASSRDYLDIYEQYF	3
CASREFANTGELFF	3
CASSLEGGGIYEQYF	3
CAISERSRVGETQYF	2
CATSDLGLANNEQFF	2
CATSDSATGQVTDTQYF	2
CATSDWTAGDNYNEQFF	2
CASHGGGAYNSPLHF	2
CASGTESYNEQFF	2
CASGNNRNEQFF	2
CASSFRGDNSPLHF	2
CASSFAPTGFAQYF	2
CASSFDVPGGQFF	2
CASSFPPSRYEQYF	2
CASSLDRYTDTQYF	2
CASSLSPGQTIYEQYF	2
CASSLPGQGLETQYF	2
CASSLQPGYEQYF	2
CASSLVSTPDTQYF	2
CASSLVGEPYNEQFF	2
CASSLIPSGGQETQYF	2
CASSSRGYEQYF	2
CASSSEAKNIQYF	2
CASSYSGLAGVYNEQFF	2
CASSYKTGTRTDNEQFF	2
CASSPTEGGEQFF	2
CASSARVRGGELFF	2
CASSARGLGGELFF	2
CASSDEAVGEGIYEQYF	2
CASSEVAGAYYEQYF	2
CASSRIDRDTQYF	2
CASSFRSLGGNYEQYF	2
CASSLWSVLYEQYF	2
CASSLILGDAGELFF	2
CASSLRGPPYEQYF	2
CASSLFGTTTGELFF	2
CASSLARQDANYGYTF	2
CASSLGASSREQYF	2
CASSLGQNYGYTF	2
CASSLIGGASSYEQYF	2
CASSSLTGGGDTQYF	2
CASSLLAHQYNEQFF	2
CASSLNEQFF	2
CASSLRTLAGLTSNEQFF	2
CASSLAGVSTDTQYF	2
CASSPGRAGNTGELFF	2
CASSPPISGTSGTYEQYF	2
CASSRPSAGGPREQYF	2
CASSRVGGVQRTSTDTQYF	2
CASSRDPGEQYF	2
CASSHKVYEQYF	2
CASSVGTATNEKLFF	2
CASSASRETQYF	2
CASSARTGDTYEQYF	2
CASSAGVTDQETQYF	2
CASSTPGTGKETQYF	2
CASSRRTVTEQYF	2
CASSNPASGYNEQFF	2
CASRYTDTQYF	2
CASRLQSTGELFF	2
CASRTGVGETQYF	2
CASKVGGVETQYF	2
CASTLSRAGVGTGELFF	2
CASSETGTSGIYEQFF	2
CASSLGTGLGTDTQYF	2
CASSLGRITYEQYF	2
CASSLGGAGAFDEQFF	2
CASSLRSTMTGVDAEAFF	2
CASSLGDYSYEQYF	2
CASSSLSSYNEQFF	2
CASSYETSGRYEQYF	2
CASSPPSGFITDTQYF	2
CASSPGELWAADEQFF	2
CASSPRERRVIYEQYF	2
CASSQPQGRQYF	2
CASSQGVVTSGSFHNEQFF	2
CASSQDREEDTQYF	2
CSAMAGSSTDTQYF	2
CSASWGKIDTEAFF	2
CSAKDREIIQYF	2
CSASGTSIGDTQYF	2
CSVLGAKNEQFF	2
CSVVSGAKYEQYF	2
CSVADRTGRGISEAFF	2
CSVEGLAGGFWYNEQFF	2
CSVEDPGRGLIEQYF	2
CSERTSGNYNEQFF	2
RASSLTGPTDTQYF	2
CRSGDYEQYF	1
CASGLGDGETQYF	1
CASGPGTNNSPLHF	1
CASSSGTSGGEAQYF	1
CASSRDLAGGPDTQYF	1
CACRSLANYGYTF	1
CAWSVRLDTGELFF	1
CAWSVMGDQPQHF	1
CALGTSGSYEQYF	1
CAAGGGTEAFF	1
CAAAAGQFGGYTF	1
CAIRTGVVNYGYTF	1
CAIIPPRGGTEAFF	1
CAITPDSNQPQHF	1
CAISLQGGPNNEQFF	1
CAISPDRGQNSPLHF	1
CAISREAHRVMNTEAFF	1
CAISARGGGTNTEAFF	1
CAISGQDGYGYTF	1
CAISGAATNEKLFF	1
CAISGGTGELFF	1
CAISGINSNQPQHF	1
CAISGWVDGELFF	1
CAISGDRGRGTGELFF	1
CAISGGQPNQPQRF	1
CAISDDLYGYTF	1
CAISESPSSYNSPLHF	1
CAISESARTTPNYGYTF	1
CAISESEAMNTEAFF	1
CAISESPARAYEQYF	1
CAISESEGGFSPLHF	1
CAISEAGTGGSLGYTF	1
CAISEGYGYTF	1
CAISHNGRNYGYTF	1
CAIRLASSTGELFF	1
CAIRDTNTGELFF	1
CAIRPRPGTGNYGYTF	1
CAIRGAGNNNSPLHF	1
CAIKRQGAVGDTQYF	1
CAIKGTGDSPNYGYTF	1
CAIKRGGTARTDTQYF	1
CAIGQGITYNSPLHF	1
CATPEIGELGPIDQPQHF	1
CATSSGGRYGYTF	1
CATSLDRGVDTEAFF	1
CATLLAGETGELFF	1
CATQVTGEGSYTF	1
CATQSDVRNNYGYTF	1
CATALGQGRTEAFF	1
CATGPRAGREKLFF	1
CATGALNQPQHF	1
CATGKYSQEIYNSPLHF	1
CATEGPGNTIYF	1
CATEGSAYQPQHF	1
CATTGWEEKLFF	1
CATSQGNTEAFF	1
CATSGGGLGTEAFF	1
CATSGTGNQPQHF	1
CATSDLPEEENTEAFF	1
CATSDLRSNQPQHF	1
CATSDLRRRGNVDGYTF	1
CATSDLGEEAFF	1
CATSDLNNPYGYTF	1
CATSDSLGDRDYGYTF	1
CATSDSGYKDGSTEAFF	1
CATSDSTRVNYGYTF	1
CATSDRGYTEAFF	1
CATSDAGNQPQHF	1
CATSDGTRNYGYTF	1
CATSDTESYGYTF	1
CATSDRGSNQPQHF	1
CATSDSNRGDGYTF	1
CATSDPTANYGYTF	1
CATSDGTRQGTQPQHF	1
CATSEAGTTGLSGYTF	1
CATSEGGGTPFLTNEKLFF	1
CATSENTGELFF	1
CATSIGDRDQGYTF	1
CATSTGTVRNQPQHF	1
CATSLTGAGNTIYF	1
CATSGRTQGNSPLHF	1
CATSRDWGTYGYTF	1
CATSRDPSPTEAEYEKLFF	1
CATSRDRGVSYEQYF	1
CATSRDGGQGEVDGYTF	1
CATSREEVNTNQPQHF	1
CATSRSIDEKLFF	1
CATRDRGLDQPQHF	1
CASSMPYGANYGYTF	1
CASRDRGQPQHF	1
CASSVIGANNSPLHF	1
CASSFTSTDTQYF	1
CASSPDEHRGSFF	1
CASSPSATNYGYTF	1
CASSPRGSEAFF	1
CASPSQGRRHLNTGELFF	1
CASRSSRGESSYNSPLHF	1
CASRSYNSPLHF	1
CASRRGESGRPVTQYF	1
CASRGINSPLHF	1
CASRAGRASFANTEAFF	1
CASRINNGNQPQHF	1
CASHPRGDTEAFF	1
CASQGFPYYGYTF	1
CASVGRNTEAFF	1
CASAPGQPSPLHF	1
CASAPEGLWSGNTIYF	1
CASATGTGGYGYTF	1
CASGQGRETQYF	1
CASGLNQPQHF	1
CASGWTSGGTDTQYF	1
CASGYRGGTGELFF	1
CASGGGRRNHNYGYTF	1
CASGRTVYGYTF	1
CASGGGGATNEKLFF	1
CASGTFQNTEAFF	1
CASIPPGLARSGELFF	1
CASIPTPGQRNSYEQYF	1
CASIRQGNYGYTF	1
CASIQPTGANYGYTF	1
CASMGVRNYGYTF	1
CASMEWRGFDTGELFF	1
CASTTGNYGYTF	1
CASTFPTDTQYF	1
CASTSGLAGVAGELFF	1
CASTLVDRENCGYTF	1
CASTPGGVMNTEAFF	1
CASTPSWKGGTEAFF	1
CASTHLTGRRNTEAFF	1
CASTDRGLNQPQHF	1
CASTTRTGAYEQYF	1
CASTSVDTEAFF	1
CASTKTANTEAFF	1
CASTHTGGNTEAFF	1
CASTTGVNTEAFF	1
CASTVGNEKLFF	1
CASTASSGNTIYF	1
CASSFPGTAYGYTF	1
CASSFPGQGCSPLHF	1
CASSFQGTIGYTF	1
CASSFVTGAQETQYF	1
CASSFVGSYNSPLHF	1
CASSFGNYGYTF	1
CASSFGQGKEKLFF	1
CASSFSRWRTEAFF	1
CASSFLAGGYEQYF	1
CASSFVSSGNTIYF	1
CASSFGGRPQPQHF	1
CASSFDGKMNTEAFF	1
CASSFDPGNTIYF	1
CASSLLGGGGELFF	1
CASSLARGQNSPLHF	1
CASSLGGLAKNIQYF	1
CASSLFLSNTEAFF	1
CASSLFSGQSNQPQHF	1
CASSLLDTQYF	1
CASSLSYNNSPLHF	1
CASSLSGVNGYTF	1
CASSLSGTATNEKLFF	1
CASSLWAGAEAFF	1
CASSLVGPDNSPLHF	1
CASSLVGRTEAFF	1
CASSLGANYGYTF	1
CASSLGDDSNQPQHF	1
CASSLDRAGTEAFF	1
CASSLDHTIYGYTF	1
CASSLERNQPQHF	1
CASSLEVGEAFF	1
CASSLRRDTEAFF	1
CASSSGFSLPNGYTF	1
CASSSPVRGYNSPLHF	1
CASSSVTGAIVLESPLHF	1
CASSSGNYGYTF	1
CASSSTIQGPTF	1
CASSWLRDNQPQHF	1
CASSWGGASQPQHF	1
CASSWGYTEAFF	1
CASSWDRENQPQHF	1
CASSWTGATEAFF	1
CASSYSMGVTEAFF	1
CASSYSPNQGNYGYTF	1
CASSYSGSWGAIYGYTF	1
CASSYSLVGETQYF	1
CASSYSRDARGEKLFF	1
CASSYSGANTEAFF	1
CASSYSGDPNYGYTF	1
CASSYSTDRYTF	1
CASSYSTGSGTEAFF	1
CASSYSRGANGYTF	1
CASSYSSGGYYGYTF	1
CASSYSAGNRYYGYTF	1
CASSYSGTLNTEAFF	1
CASSYSTDYGYTF	1
CASSYSNSHRNTIYF	1
CASSYLPGQRANYGYTF	1
CASSYLQGFQPQHF	1
CASSYQSPLHF	1
CASSYQIGATNEKLFF	1
CASSYGRGGVGNQPQHF	1
CASSYGGTYTEAFF	1
CASSYGDWMNTEAFF	1
CASSYGRGRNTEAFF	1
CASSYGGGNTEAFF	1
CASSYDDSGNTIYF	1
CASSYNRGEAFF	1
CASSLSPGYNTEAFF	1
CASSLRGQGASPLHF	1
CASSPDIIPDSNQPQHF	1
CASSPDPPRGYTF	1
CASSPTGVYGYTF	1
CASSPSGGTEAFF	1
CASSPRGIRYGYTF	1
CASSPIWGNQPQHF	1
CASSPYGGVLNVELFF	1
CASSPDSRESPLHF	1
CASSPTVNTEAFF	1
CASSPKLFYGYTF	1
CASSPLSSGNTIYF	1
CASSPDINYGYTF	1
CASSPNLGRMNTEAFF	1
CASSRQDRETNIQYF	1
CASSRLTANSGNTIYF	1
CASSRTAQNTEAFF	1
CASSQGHGELFF	1
CASSQSHLEAFF	1
CASSVGRTNSPLHF	1
CASSVGTGGNSPLHF	1
CASSVWGVLQPQHF	1
CASSASGAEAFF	1
CASSAHGANYGYTF	1
CASSARGSVYGYTF	1
CASSAQGFNSPLHF	1
CASSAQGLKNTGELFF	1
CASSGPNTEAFF	1
CASSGPGPGYTF	1
CASSGRTGDSYEQYF	1
CASSGQAEAFF	1
CASSGQGAYTEAFF	1
CASSDSRGANTGELFF	1
CASSDPGQGGKLFF	1
CASSDRDNSPLHF	1
CASSEDSPAGGNTIYF	1
CASSEIRDEKLFF	1
CASSEYRQGQPQHF	1
CASSEVGQGVPLHF	1
CASSEASTNTEAFF	1
CASSEASQPQHF	1
CASSEGVISSPLHF	1
CASSEGAGNQPQHF	1
CASSEGLPGQGRIEAFF	1
CASSEEGGSTGELFF	1
CASSERGRGMNTEAFF	1
CASSILGGSNQPQHF	1
CASSMTGNSNQPQHF	1
CASSILAAGETQYF	1
CASSIQDANTEAFF	1
CASSTGNTIYF	1
CASSTHRGGVSPLHF	1
CASSRAAEAFF	1
CASSNLGGGNPRYF	1
CASSKQNTEAFF	1
CASSKTGNTNQPQHF	1
CASSFSGAGGYTF	1
CASSFWGGGIGPQHF	1
CASSFRVNTEAFF	1
CASSFVVNTEAFF	1
CASSFGAETQYF	1
CASSFGAPNTEAFF	1
CASSFGKVTEAFF	1
CASSFTEAFF	1
CASSFSQTNNEKLFF	1
CASSFLTTGGVNTEAFF	1
CASSFLPSGGNTIYF	1
CASSFPGTDHGYTF	1
CASSFPPKELNTEAFF	1
CASSFARTANQPQHF	1
CASSFAGGAVTEAFF	1
CASSFGTGSPYGYTF	1
CASSFGNTEAFF	1
CASSFMGNAEAFF	1
CASSFTGTGSGYTF	1
CASSFTQGPNNSPLHF	1
CASSFRPAGTSPLHF	1
CASSLLDTNQPQHF	1
CASSLLSGYGYTF	1
CASSLRPIGTHNSPLHF	1
CASSLRPDNLNTEAFF	1
CASSLVGQGTEAFF	1
CASSLVTGTAGEKLFF	1
CASSLAGGSEAFF	1
CASSLGRDTEAFF	1
CASSLGRKNIQYF	1
CASSLGLNTEAFF	1
CASSLGQVYYGYTF	1
CASSLDRGVNTEAFF	1
CASSLEGTSNSPLHF	1
CASSLEIAGGYTF	1
CASSLETGGREDTQYF	1
CASSLLGNQPQHF	1
CASSLSEASDNQPQHF	1
CASSLSLAGGPLGYTF	1
CASSLYYVGRNTEAFF	1
CASSLPGTPGSLHF	1
CASSLVMSSNYGYTF	1
CASSLVISGNTIYF	1
CASSLVSNTEAFF	1
CASSLVGSTNEKLFF	1
CASSLVGANTEAFF	1
CASSLVDFGALHF	1
CASSLAPGTSGAPTQYF	1
CASSLARWTPENGYTF	1
CASSLARGMGTEAFF	1
CASSLAQGVNTEAFF	1
CASSLALRGDPSYNEQFF	1
CASSLAGSHSPLHF	1
CASSLGYGYTF	1
CASSLGPGPDTEAFF	1
CASSLGLNSPLHF	1
CASSLGSWVNSGNTIYF	1
CASSLGSNQPQHF	1
CASSLGRGANEKLFF	1
CASSLGWGAQHF	1
CASSLGWNTEAFF	1
CASSLGRQPQHF	1
CASSLGVNYGYTF	1
CASSLGAAGPDQPQHF	1
CASSLGGPGELFF	1
CASSLGTRVGEKLFF	1
CASSLGQHSNQPQHF	1
CASSLDPRSPGNTIYF	1
CASSLDRAGHYGYTF	1
CASSLEGVRGYTF	1
CASSLEGFANTEAFF	1
CASSLEGFGNTIYF	1
CASSLERWTEAFF	1
CASSLERQGTTHEQFF	1
CASSLTGVETEAFF	1
CASSLSGTPYGYTF	1
CASSLRLGNNSPLHF	1
CASSLRTEAFF	1
CASSSRWPNEKLFF	1
CASSSRTGMRTEAFF	1
CASSSWTSFPSTDTQYF	1
CASSSYPRGRQPQHF	1
CASSSLRAADTQYF	1
CASSSPQSYGYTF	1
CASSSRDREAKNIQYF	1
CASSSRTRPGLNSPLHF	1
CASSSAIRGVGEKLFF	1
CASSSGQGMNTEAFF	1
CASSSEVLSGDREKLFF	1
CASSSYSETDITQYF	1
CASSSDRLGGNTIYF	1
CASSSTNGEQFF	1
CASSSTGTGGGTEAFF	1
CASSSLLGGQGAFF	1
CASSSWGQGDQPQHF	1
CASSWGNQPQHF	1
CASSWGQGARTEAFF	1
CASSWDHTDTQYF	1
CASSWTTGVEKLFF	1
CASSYPGQGATEAFF	1
CASSYLGPLHF	1
CASSYGTGRNSPLHF	1
CASSYGQGAQYGYTF	1
CASSYTGGNQPQHF	1
CASSYRENYGYTF	1
CASSLGTAQPQHF	1
CASSLRGIAGNTIYF	1
CASSLGTGGYSPLHF	1
CASSLRGLGYTF	1
CASSLPSGPRMGAFF	1
CASSLVASGTTGELFF	1
CASSLAGTIYF	1
CASSLGLLTEAFF	1
CASSLTQGYGYTF	1
CASSLSGNEKLFF	1
CASSLQGAREKAFF	1
CASSLGMGDPAKGVGYTF	1
CASSLTGQGVTEAFF	1
CASSPRTGVPLIGGTF	1
CASSPQGFPLHF	1
CASSPGGGNSPLHF	1
CASSPGTALNQPQHF	1
CASSPTAGYETERF	1
CASSPTDTQYF	1
CASSPNQGAGNYGYTF	1
CASSPLALRSGNTIYF	1
CASSPLGGNTIYF	1
CASSPPRGPGEKLFF	1
CASSPHRDNQPQHF	1
CASSPVGQPQHF	1
CASSPGQGEAFF	1
CASSPTSSSYNEQFF	1
CASSPARTAKYGYTF	1
CASSPGSDRGKHQPQHF	1
CASSPDVESGYTF	1
CASSPERSYGYTF	1
CASSPRDVSNQPQHF	1
CASSPRSTDTQYF	1
CASSPQVRGAEAFF	1
CASSPAGLNYGYTF	1
CASSPTGSTGNTIYF	1
CASSRTGFTEAFF	1
CASSRPILGTGNNSPLHF	1
CASSRDFSWTQYF	1
CASSRQEGGLNEKLFF	1
CASSHTRDRSSPSNQPQHF	1
CASSHKGHNYGYTF	1
CASSHESTGEGGNQPQHF	1
CASSHRVVNEKLFF	1
CASSQGFEAPGELFF	1
CASSQGWPQHF	1
CASSQGPNTEAFF	1
CASSQGTGVNTEAFF	1
CASSQTPGQGLSEAFF	1
CASSQSANTEAFF	1
CASSQRAGRGDTIYF	1
CASSQVSGWGNEKLFF	1
CASSQVGQGSSNQPQHF	1
CASSQVSGTEAFF	1
CASSQVGDYGYTF	1
CASSQVIRDSGNTIYF	1
CASSQAGSPLHF	1
CASSQAGEAFF	1
CASSQGSGSRSQPQHF	1
CASSQGQGANYGYTF	1
CASSQGPVDNGYTF	1
CASSQDLSPLHF	1
CASSQDPDYDNKNYGYTF	1
CASSQDREGSQPQHF	1
CASSQDVGMSNQPQHF	1
CASSQDMGQGSSPLHF	1
CASSQDSNQPQHF	1
CASSQDPRTGGNQPQHF	1
CASSQDRGHGYTF	1
CASSQDREGGPVQPQHF	1
CASSQELGSSPAFF	1
CASSQERGWTEAFF	1
CASSQEVAEAFF	1
CASSQEGGRGGYTF	1
CASSQESQGDFYGYTF	1
CASSQTSTGLTDTQYF	1
CASSQSLRGAANTGELFF	1
CASSQSSLQFEAFF	1
CASSVQARGYTF	1
CASSVDGTLYEQYF	1
CASSVDTLNTEAFF	1
CASSVGTDSGYEQYF	1
CASSVRGPGGEKLFF	1
CASSVVQGSRNTEAFF	1
CASSVVVTEAFF	1
CASSVASGNTGELFF	1
CASSVGASNQPQHF	1
CASSVGENQPQHF	1
CASSVGSSGYNEQFF	1
CASSVGARVSYEQYF	1
CASSVGGSPLHF	1
CASSVDPQPRYGYTF	1
CASSAGLEETQYF	1
CASSASNEKLFF	1
CASSAGQTYYGYTF	1
CASSGSNYGYTF	1
CASSGGLRVHRAFF	1
CASSDQGTEAFF	1
CASSMSSGGPYNEQFF	1
CASSMRAGPGNTIYF	1
CASSTYRDGSPLHF	1
CASSTYRGQGNQPQHF	1
CASSTGTQNSPLHF	1
CASSTNPLTERSNQPQHF	1
CASSTKAGYNSPLHF	1
CASSTRDINSPLHF	1
CASSTTRDEQFF	1
CASSRKGGQPQHF	1
CASSNWRAILQETQYF	1
CASSKAANTEAFF	1
CASSKLPGQGPDTQYF	1
CASRSGYGYTF	1
CASRVLGNSGNTIYF	1
CASRVNPANTEAFF	1
CASRVRGANTEAFF	1
CASRAGQGNTEAFF	1
CASRGQGHTEAFF	1
CASRTGTGEGKTEAFF	1
CASRLNTEAFF	1
CASRPGQGADTQYF	1
CASRPDGTRGTEAFF	1
CASRPTGASNQPQHF	1
CASRPTGAPGNTIYF	1
CASRRDRGLNTEAFF	1
CASRGWDGNEKLFF	1
CASRGTGLSQPQHF	1
CASRGGTAWGAGELFF	1
CASRDAGQGAGNTIYF	1
CASRDSFLNSPLHF	1
CASRDRDSGNTIYF	1
CASNPGQGEKLFF	1
CASNILTGDTEAFF	1
CASNPGTGNTEAFF	1
CASNRQLEDSPLHF	1
CASKYGGNQPQHF	1
CASKGTGDTEAFF	1
CASKSGGADRRNTEAFF	1
CASKLTSGGSDTQYF	1
CASKIPGGSGNTIYF	1
CARQGFNYGYTF	1
CARQTTEGNTIYF	1
CATSRTPIDSGNTIYF	1
CATTPGTPNTEAFF	1
CATRDTSSGNTIYF	1
CATSDGTEAFF	1
CASGLQPQHF	1
CASYGSMNTEAFF	1
CASRSGGEAFF	1
CASAPTATGNQPQHF	1
CASTGNRAGTEAFF	1
CASSQVPSVFTEAFF	1
CASSESRQNPYTF	1
CASSESNRGAVVGNQPQHF	1
CASSEGNTEAFF	1
CASSERVGQILSGNTIYF	1
CASSMTGSTGELFF	1
CASSSQDYGYTF	1
CASSFSGRGMDEAFF	1
CASSFVGSDTEAFF	1
CASSFGASDSPLHF	1
CASSFEGGYTF	1
CASSFNSGNTIYF	1
CASSLSGTGGAIGYGYTF	1
CASSLSETPNTEAFF	1
CASSLLQFTEAFF	1
CASSLRGSLTGANRKLFF	1
CASSLQGSNEAFF	1
CASSLQEGDTTIYF	1
CASSLVEELGYTF	1
CASSLVAVNTEAFF	1
CASSLARGGTFTEAFF	1
CASSLAAGSTEAFF	1
CASSLAAGSTEAFF	1
CASSLGQGHGYTF	1
CASSLGQLNYGYTF	1
CASSLDGNSPLHF	1
CASSLDGSGYTF	1
CASSLEYVLTEAFF	1
CASSLEGMGNSPLHF	1
CASSLENYGYTF	1
CASSLIGRGTHSPLHF	1
CASSLTSFRNTIYF	1
CASSLTALGTEAFF	1
CASSLSGPAYEAFF	1
CASSLSLGMNTEAFF	1
CASSLSSFTGMLDYTF	1
CASSLELLNTEAFF	1
CASSLTGTFNQPQHF	1
CASSLSGGGSEAFF	1
CASSSQGGNQPQHF	1
CASSSGAGTEAFF	1
CASSSIYHKSVNTEAFF	1
CASSSGQGDEKLFF	1
CASSSRTAMIEKLFF	1
CASSSNDYTEAFF	1
CASSWNIVAGGVTEAFF	1
CASSYQGRPNTEAFF	1
CASSYTGNEAFF	1
CASSLEGSGTEAFF	1
CASSLQGNYGYTF	1
CASSLGQGEAPLHF	1
CASSPWTGTSGNTIYF	1
CASSPRTEGNQPQHF	1
CASSPDRAYGYTF	1
CASSPRQGKSADTIYF	1
CASSPGYAVPEAFF	1
CASSPGTGGNTEAFF	1
CASSPDSLEKLFF	1
CASSRKTGGGNTIYF	1
CASSRLNTGELFF	1
CASSRPGEANYGYTF	1
CASSRDPRAFNTEAFF	1
CASSRRWTAPHGYTF	1
CASSRGLGQETEKLFF	1
CASSRRLIGISEAFF	1
CASSHWTGGQPQHF	1
CASSHHRGNTEAFF	1
CASSQVGQTSNQPQHF	1
CASSQGDTMNTEAFF	1
CASSQTLKGTRANYGYTF	1
CASSQNVVSLNQPQHF	1
CASSQFARDGSNQPQHF	1
CASSQWGQYSNQPQHF	1
CASSQLLPVAGNTIYF	1
CASSQQGGGSEAFF	1
CASSQQTLTGEAFF	1
CASSQVYRGSGNTIYF	1
CASSQVGRILYGYTF	1
CASSQASAGGADYGYTF	1
CASSQAPVPKGAEAFF	1
CASSQAVGLRVYGYTF	1
CASSQAEFSNQPQHF	1
CASSQALTLGKNTEAFF	1
CASSQGFWGTEAFF	1
CASSQGWPATNEKLFF	1
CASSQGAGNYGYTF	1
CASSQGGSGEKLFF	1
CASSQGPLNQPQHF	1
CASSQDSGYTNEKLFF	1
CASSQDYRVRSYNSPLHF	1
CASSQDPPDRRNSPLHF	1
CASSQDRAGVPTDTQYF	1
CASSQDQWVYGYTF	1
CASSQDGTAFSSPLHF	1
CASSQDGSGGGDSPLHF	1
CASSQDIQGVYQPQHF	1
CASSQDSGYSPLHF	1
CASSQDPGTRLLPQHF	1
CASSQDRGSGYTF	1
CASSQEDRATYSNQPQHF	1
CASSQEPRVGNTIYF	1
CASSQEDYQGESTEAFF	1
CASSQITGEGYGYTF	1
CASSQRQGTNEKLFF	1
CASSVAFQGSNEKLFF	1
CASSGGDTIYF	1
CASSGDPGWRTEAFF	1
CASSEGLLGSGNTIYF	1
CASSNIPGQGGTEAFF	1
CASSNGLNEKLFF	1
CASRPVGGFNTEAFF	1
CASRGSDAQSMEKLFF	1
CASRQDGDTEAFF	1
CASKQGRNTEAFF	1
CARGSQGTYSNQPQHF	1
CSAFSGNTIYF	1
CSALSGESYEQYF	1
CSAPGGAEAFF	1
CSAPSQAPHNSPLHF	1
CSAPLGQPQHF	1
CSAPSLKGHGYTF	1
CSARIGTGNTIYF	1
CSAERGAEAFF	1
CSAIVQGHYGYTF	1
CSATGDATNEKLFF	1
CSASFNEKLFF	1
CSASFGSNNQPQHF	1
CSASSESNQPQHF	1
CSASLNYGYTF	1
CSASLARGHNYGYTF	1
CSASPGGLFTEAFF	1
CSARSGEQPQHF	1
CSARVPPYGGYTF	1
CSARATGGEKLFF	1
CSARDRAFTNEKLFF	1
CSARTLQNYGYTF	1
CSARLTDRGNGYTF	1
CSARLSHNSPLHF	1
CSARQGQTEAFF	1
CSARVPEPATGELFF	1
CSARVETGLSSPLHF	1
CSARALTGEGVDMEKLFF	1
CSARGRTGATEAFF	1
CSARDLNTIYF	1
CSARDPGLMNTEAFF	1
CSARDPRTEVNQPQHF	1
CSARDRMGFGNQPQHF	1
CSARDVSRDNTEAFF	1
CSARDAATGGNTIYF	1
CSARDTSTRGPQHF	1
CSARRGDTEAFF	1
CSANPGWWSRQGMNTEAFF	1
CSANEGQGNLGYTF	1
CSAKRTGAMSNQPQHF	1
CSAFHLNYGYTF	1
CSASTGNQPQHF	1
CSARGPGGNTIYF	1
CSAGQGPAFF	1
CSAEDRVNSPLHF	1
CSATTRGFVYGYTF	1
CSARGGNTIYF	1
CSAQGQGDQPQHF	1
CSGAGTPGGYTF	1
CSSLRGHGGNTEAFF	1
CSPRAGLMDTQYF	1
CSVLATGTQYF	1
CSVRQGTVNEKLFF	1
CSVQGLGTEAFF	1
CSVVSGINEKLFF	1
CSVVQPTTFYGYTF	1
CSVVGSAMNTEAFF	1
CSVVTGVGQPQHF	1
CSVVPGRSDGYTF	1
CSVAGQMNTEAFF	1
CSVARDLDYGYTF	1
CSVGQGSNQPQHF	1
CSVDPGGGEKLFF	1
CSVDPSGAYYGYTF	1
CSVELGGDQPQHF	1
CSVEDIQGAKNIQYF	1
CSVIGGNTEAFF	1
CSVTTGGATEAFF	1
CSVQALTGVTYEQYF	1
CSVAPGGVGTEAFF	1
CSVEDPSFNYGYTF	1
CSVTTGNTIYF	1
CSVVGGANTEAFF	1
CSVGVRGPLNTEAFF	1
CSVRGQGGRYGYTF	1
CSVWTGGPGQPQHF	1
CSAGGGRGSYEQYF	1
CSARRGLLGYTF	1
CSARAGPDTGELFF	1
CSAAPGPHGYTF	1
CSAEQGANTEAFF	1
CSGHQNTGELFF	1
RASSTWMREVSDGYTF	1
RASSFPPDRGTSTNEKLFF	1
RASSLIPHYGQGTGNSPLHF	1
RASSLSGGLGNTIYF	1
RASSLNLGAGRSGNTIYF	1
RASRRDRGPGELFF	1
RASRRNGLSGADTEAFF	1
CASSFGAGGLDTQYF	3
CASSPWAGADTGELFF	3
CSARASLDHEQYF	3
CAWSVFAGTQPQHF	2
CAISGHRLAGGPTIEQFF	2
CAISPGLNYEQYF	2
CATSDSGRDEQFF	2
CATSSGRLWDEQFF	2
CATSRTDSSYNEQFF	2
CASSALAGVYEQYF	2
CASYKPGQGRETQYF	2
CASSFSGELFF	2
CASSFGETQYF	2
CASSFRQYSNQPQHF	2
CASSFGAAETQYF	2
CASSLHTGELFF	2
CASSLARNEQFF	2
CASSLRTLGGERGYTF	2
CASSLNSGGQETQYF	2
CASSSQETQYF	2
CASSYSSTGELFF	2
CASSLLDIQETQYF	2
CASSPQDSYEQYF	2
CASSPDRILAYNEQFF	2
CASSRTSGSGTDTQYF	2
CASSEAPQGDSPLHF	2
CASSEGAGDYNEQFF	2
CASSTSGVNTGELFF	2
CASSTGFDQPQHF	2
CASSFLGWWMNTEAFF	2
CASSFRQGRDYEQYF	2
CASSLGTLEQFF	2
CASSSGQIYGYTF	2
CASSSIAGFWGNEQFF	2
CASSSGAGGPAGSFREQYF	2
CASSSMTGLGGYTF	2
CASSSQGAGNTGELFF	2
CASSLGRSAYNEQFF	2
CASSLGLAGETQYF	2
CASSLAGGPNNEQFF	2
CASSPPSGKGTYEQYF	2
CASSPTGEQYF	2
CASSPLGQGALTGELFF	2
CASSRTLYSGGGDTQYF	2
CASSHSASGGPGTDTQYF	2
CASSVGRSSYEQYF	2
CASSGPEETQYF	2
CASSIVGGEQYF	2
CASRYRGGSITDTQYF	2
CASRPGQGKTQYF	2
CASRAAVDISYNEQFF	2
CASRTDQANEQFF	2
CASRTSGRSYEQYF	2
CASNPLGGPYEQYF	2
CASSYRDTGELFF	2
CASSDSGLANEQFF	2
CASSLLGMQDTQYF	2
CASSLAAGGAYEQYF	2
CASSLGTAGELFF	2
CASSLGQRSYEQYF	2
CASSLDRSYGYTF	2
CASSLEGTSGKGQFF	2
CASSLSLGRANEQFF	2
CASSSGTVSHEQFF	2
CASSSRTSGGADTQYF	2
CASSYASRDSQKLFF	2
CASSPPTGTSSNEQFF	2
CASSRTEVYEQYF	2
CASSQGAGGAKNIQYF	2
CASSQDLGRRTGELFF	2
CASSTGQGPGTDTQYF	2
CASKGDGSYEQYF	2
CSAPGAGEETQYF	2
CSAATPTAREQFF	2
CSVSKGVAGGSRNIQYF	2
CSVVATGGQQFF	2
CSVEIQGTGELFF	2
CSVQGAGNSPLHF	2
YTGNYGYTF	2
SQGVPVYEQYF	1
CASSFKLAGDNEQFF	1
CASSSDFRTDTQYF	1
CALRDMNYGYTF	1
CAWATGQVRTEAFF	1
CAWIRSGQQETQYF	1
CAWTHGGPYTGELFF	1
CAWTGDRVDEKLFF	1
CAWTGTQNYGYTF	1
CAWSVLAGVHEQYF	1
CAWSVFYEQYF	1
CAWSVRGQKYF	1
CAWSDNYGYTF	1
CAWSGTGQGRNTIYF	1
CAVLQDEQFF	1
CAIREPWVEKLFF	1
CAIQITNTGELFF	1
CAIVEGQGGGYTF	1
CAIGPDRGHYGYTF	1
CAIGGQVSGNTIYF	1
CAIGRGTQPQHF	1
CAIGRRNEQGAFTGELFF	1
CAIMGSGNTGELFF	1
CAITNGGTGSHEQYF	1
CAISSGGTEAFF	1
CAISPAYNTDTQYF	1
CAISVGSLGDTEAFF	1
CAISVVGDTDTQYF	1
CAISALKGDQPQHF	1
CAISAPGLNSDTQYF	1
CAISARSTDTQYF	1
CAISAEGSTNEKLFF	1
CAISGSSGSLTEAFF	1
CAISDYGSNQPQHF	1
CAISDPGQGRLVIGQPQHF	1
CAISDQTREAFF	1
CAISESHGDEQYF	1
CAISESRAVGNQPQHF	1
CAISESNSYEQYF	1
CAISEYPGSREQYF	1
CAISEEGAEAFF	1
CAISEKTEEDEKLFF	1
CAIRSLAGASTDTQYF	1
CAIRAKSGTEAFF	1
CAIRAGEFKKELFF	1
CAIRDSLMNTEAFF	1
CAIKGAGVNNEQFF	1
CATSTPGQGSEPLHF	1
CATMDPNYGYTF	1
CATSGTDYTDTQYF	1
CATSAAEGTEAFF	1
CATCLEYHTEAFF	1
CATYLHAGKTNYGYTF	1
CATRPKRGGAVRTEAFF	1
CATRGRLNTEAFF	1
CATRQGSYAGELFF	1
CATASGGSTEAFF	1
CATGGLRDSTDTQYF	1
CATGTGGYVAGELFF	1
CATGLAGAEAQYF	1
CATTGTLGGEKLFF	1
CATSSGRQNQPQHF	1
CATSDFSTAYGYTF	1
CATSDFNTEAFF	1
CATSDSGTGINQPQHF	1
CATSDSGNRYGYTF	1
CATSDSARGGELFF	1
CATSDLNSPLHF	1
CATSDRREYYGYTF	1
CATSDQGSTGELFF	1
CATSDQTGGINQPQHF	1
CATSDAGSEAFF	1
CATSDTGQGAGVKAEAFF	1
CATSDSRLTNEKLFF	1
CATSDRREWQPQHF	1
CATSDSARQPYGYTF	1
CATSDPFLEYGYTF	1
CATSDPRTGAFF	1
CATSILLANTEAFF	1
CATSSGQNTGELFF	1
CATSRGQGVNEQFF	1
CATSRTGEPGNTIYF	1
CATSRGDRGYTEAFF	1
CATSRDPLNTEAFF	1
CATSRDRQSPLHF	1
CATSRDGGGYTF	1
CATSRDIQDSPLHF	1
CATSRDRPEDTQYF	1
CATSREPSSYNSPLHF	1
CATAGQGPGYTF	1
CASSVGGLNYGYTF	1
CASYTAGAGNTIYF	1
CASRDHYEQYF	1
CASQGVPDQPQHF	1
CASSNVGRGSSYEQYF	1
CASNGQMTQPQHF	1
CASSLLAGSDEAFF	1
CASSEEGARTEAFF	1
CASSLRGSHTEAFF	1
CASSGREFGNQPQHF	1
CASSTGDNSGNTIYF	1
CASSPPTDRYKAKLFF	1
CASSPMDRGMNTEAFF	1
CASSPGQGNSPLHF	1
CASSEGYGYTF	1
CASRLGDRRNSPLHF	1
CASRQNNQPQHF	1
CASQGSRRNTEAFF	1
CASQGIDTQYF	1
CASQRRLQETQYF	1
CASQAGGGLNQPQHF	1
CASVSSYLSYGYTF	1
CASGGPPGTEAFF	1
CASGKKGTGDQPQHF	1
CASIRDHTGELFF	1
CASIDKGPIGGYTF	1
CASIKISGSPLHF	1
CASMSGGLMGETQYF	1
CASMVVHIERSIPLRGNQPQHF	1
CASTGTGHSPLHF	1
CASTSAGGFSEAFF	1
CASTYFLRGMNTEAFF	1
CASTPGGYEQYF	1
CASTRQENEKLFF	1
CASTQTDEAFF	1
CASTDPGRGGNTIYF	1
CASTIAGGTDTQYF	1
CASTKAGFGTEAFF	1
CASTGLAGPTGELFF	1
CASTTGAGYGYTF	1
CASSFFRFNTGELFF	1
CASSFLGYNSPLHF	1
CASSFSGTEAFF	1
CASSFYPGGGNTEAFF	1
CASSFLSAGNNEQFF	1
CASSFLTGRTEAFF	1
CASSFHRGPNQPQHF	1
CASSFAPRGAEAFF	1
CASSFGGAYYGYTF	1
CASSFIDLNTEAFF	1
CASSFRPGHYGYTF	1
CASSFNHTDTQYF	1
CASSFWATNEKLFF	1
CASSFYQGKAEAFF	1
CASSFLRGLTGELFF	1
CASSFGPGAFF	1
CASSFGDGVNTEAFF	1
CASSFGQGFRSPLHF	1
CASSFRVMNTEAFF	1
CASSLLSGTGDSPLHF	1
CASSLWGEDSNQPQHF	1
CASSLYTGTGLGNQPQHF	1
CASSLLQGGTDTQYF	1
CASSLAVNSPLHF	1
CASSLGLSNYGYTF	1
CASSLGQGEIGEQFF	1
CASSLDGTGNIRQPQHF	1
CASSLDSNQPQHF	1
CASSLEGDGYTF	1
CASSLTGLYGYTF	1
CASSLFSGVTEAFF	1
CASSLFQGRGPYGYTF	1
CASSLLRVEAFF	1
CASSLWSGKGENEQYF	1
CASSLYFRGSNQPQHF	1
CASSLYLMEGMNTEAFF	1
CASSLPRGPGGPLHF	1
CASSLRPGRTEAFF	1
CASSLAYSPLHF	1
CASSLAGGQPQHF	1
CASSLGSAGTEAFF	1
CASSLGGVGAFF	1
CASSLGEFQHF	1
CASSLGSGYTF	1
CASSLGSGAPNTEAFF	1
CASSLGLGGAVGNTIYF	1
CASSLGQYNSPLHF	1
CASSLGTGLSYEQYF	1
CASSLDRDSNTEAFF	1
CASSLEASEAFF	1
CASSLEARGIDTQYF	1
CASSLKGPSSGNTIYF	1
CASSSFWVRTGKLTDTQYF	1
CASSSHGAGQPQHF	1
CASSSGQGNTEAFF	1
CASSSRDYSPLHF	1
CASSSLGWSPSPQHF	1
CASSSGVLRANYGYTF	1
CASSSTGNTEAFF	1
CASSSHTGGAWYGYTF	1
CASSSNRAPNQPQHF	1
CASSWGQPQHF	1
CASSWGAEGYTF	1
CASSYGTANTEAFF	1
CASSYKPSLLTIYF	1
CASSYFGTGDNTEAFF	1
CASSYSRAGSSYNSPLHF	1
CASSYSQGQAPGNTIYF	1
CASSYSADSSGNTIYF	1
CASSYSGLATTGELFF	1
CASSYSSRNQPQHF	1
CASSYSSGVYGYTF	1
CASSYSEHRANTEAFF	1
CASSYSTFRVNTEAFF	1
CASSYSTREGWGYGYTF	1
CASSYYPGAPNSPLHF	1
CASSYRQGGTYNSPLHF	1
CASSYGSVNYGYTF	1
CASSYGGGREKLFF	1
CASSYTRTASSGNTIYF	1
CASSYNGGRNSPLHF	1
CASSLTIAFF	1
CASSLGGTEAFF	1
CASSPSISAPGEAQHF	1
CASSPPRRGGAYTEAFF	1
CASSPLFPCRYNSPLHF	1
CASSPLPLGGQPQHF	1
CASSPPGIAEITGELFF	1
CASSPPQGQPQHF	1
CASSPRGGLYQPQHF	1
CASSPQGFSEKLFF	1
CASSPSYGYTF	1
CASSPDSSYNSPLHF	1
CASSPQRQGNYGYTF	1
CASSRSLDMRNTEAFF	1
CASSRGQGWDYGYTF	1
CASSRQGTLAFF	1
CASSRQGGDQPQHF	1
CASSHRGASTEAFF	1
CASSQHTGATEAFF	1
CASSQGAIGNTIYF	1
CASSVGAGELFF	1
CASSASGEGTIYF	1
CASSARGTGNTGELFF	1
CASSGLQGANYNSPLHF	1
CASSGPLGRGTEAFF	1
CASSGGRVGNQPQHF	1
CASSGTGVPQPQHF	1
CASSDGTGPNSPLHF	1
CASSEYKENTEAFF	1
CASSEARGPEAFF	1
CASSEGGPYGYTF	1
CASSEGQGVKAFF	1
CASSEWDGFTEGNTIYF	1
CASSELFFTHGNTIYF	1
CASSERFQRGSNQPQHF	1
CASSEHLTTLYEQYF	1
CASSEQGNNYGYTF	1
CASSEVAATEAFF	1
CASSEAEGSYGYTF	1
CASSEALRQGQPQHF	1
CASSEGYSNEKLFF	1
CASSEGMNTEAFF	1
CASSEGAGADTQYF	1
CASSEMGFGLDKNTEAFF	1
CASSESQGGFNSPLHF	1
CASSEREPLSNQPQHF	1
CASSERLAQHF	1
CASSTSGRGTGELFF	1
CASSTGTDYGYTF	1
CASSTGQGRGQPQHF	1
CASSSRGPGQPQHF	1
CASSRIGQGADTQYF	1
CASSNGGWEQPQHF	1
CASSNRGLGDSPLHF	1
CASSKGDGYTF	1
CASSKGQGKAFF	1
CASSKAGISGNTIYF	1
CASSFWGRNTEAFF	1
CASSFVAGANTGELFF	1
CASSFDRQSSSGNTIYF	1
CASSFTRVEAFF	1
CASSFRWDTEAFF	1
CASSFNRGPGNTIYF	1
CASSFFSTEAFF	1
CASSFLPPKATNEKLFF	1
CASSFSGLGSPLHF	1
CASSFRRGQGFYF	1
CASSFRRDQNEKLFF	1
CASSFQDRVNTEAFF	1
CASSFVSGAGNTIYF	1
CASSFEGVDGYTF	1
CASSLLYPLLIMNTEAFF	1
CASSLPGSDGYTF	1
CASSLRGGNSPLHF	1
CASSLVADTNEKLFF	1
CASSLALGLNSPLHF	1
CASSLAGSRSEAFF	1
CASSLAGTGEAFF	1
CASSLATTSYYGYTF	1
CASSLAGPGVWSEAFF	1
CASSLGRSNTEAFF	1
CASSLGLSGRRAGELFF	1
CASSLGPQAFF	1
CASSLGQLYGYTF	1
CASSLGQGLFTEAFF	1
CASSLGQRLSNQPQHF	1
CASSLGQNTEAFF	1
CASSLGGGPGNQPQHF	1
CASSLDSYTEAFF	1
CASSLEVGWTENYGYTF	1
CASSLEGVSNQPQHF	1
CASSLEGTPNEKLFF	1
CASSLEVGGTEAFF	1
CASSLIQDPTDTQYF	1
CASSLMTGFNYYGYTF	1
CASSLSGQGAYNSPLHF	1
CASSLSDQETQYF	1
CASSLRGIEAFF	1
CASSLLSFNNQPQHF	1
CASSLLVTADYGYTF	1
CASSLSGQGYEQYF	1
CASSLSVTGELFF	1
CASSLLGDQPQHF	1
CASSLPGQPQHF	1
CASSLPRGLVRTEAFF	1
CASSLPTGYTGELFF	1
CASSLPQGRGYTF	1
CASSLRERGGQPQHF	1
CASSLQTGLNTEAFF	1
CASSLVREGEQYF	1
CASSLVATGGGKLFF	1
CASSLVIRTAGGTEAFF	1
CASSLAYGRSPLHF	1
CASSLATPYNSPLHF	1
CASSLAWDREVDEKLFF	1
CASSLALRDRGNYGYTF	1
CASSLAQGAEQYF	1
CASSLGPGNGYGYTF	1
CASSLGVTSGYTDTQYF	1
CASSLGRDRGRYTF	1
CASSLGRTGEKGYTF	1
CASSLGGAGLDYGYTF	1
CASSLGWGWQNTEAFF	1
CASSLGGGRKLFF	1
CASSLGEGALGYTF	1
CASSLGTNYGYTF	1
CASSLGTGQNTEAFF	1
CASSLGRDRYSNQPQHF	1
CASSLGRVIALYGYTF	1
CASSLDAGFYGYTF	1
CASSLDEAGYGYTF	1
CASSLDENTQYF	1
CASSLDGVNTEAFF	1
CASSLDGTKETQYF	1
CASSLEGLRAPLHF	1
CASSLEGHRGYGYTF	1
CASSLEGGGRWGTEAFF	1
CASSLEWGGGQPQHF	1
CASSLMSGTNQPQHF	1
CASSLTPGRTDEKLFF	1
CASSLTQGALYNSPLHF	1
CASSLTGGFDTQYF	1
CASSLSSGGRDEKLFF	1
CASSLRQGTRQPQHF	1
CASSLRVDTEAFF	1
CASSLKLNTEAFF	1
CASSLKAGPGELFF	1
CASSLKGRQRGTYGYTF	1
CASSSVTDTQYF	1
CASSSALGPGELFF	1
CASSSTGATEAFF	1
CASSSSATTNEKLFF	1
CASSSWGDFLNTEAFF	1
CASSSLGQLYGYTF	1
CASSSLFGGIEAFF	1
CASSSLRGQGDSPLHF	1
CASSSPTANYGYTF	1
CASSSRVSLNFHGYTF	1
CASSSRSSGANEKLFF	1
CASSSQTGGHGYTF	1
CASSSAGSHNSPLHF	1
CASSSGLRDTQYF	1
CASSSGTGPTNEKLFF	1
CASSSGQGGVQPQHF	1
CASSSEPGWNYGYTF	1
CASSSEGQYNSPLHF	1
CASSSMRRSGNTIYF	1
CASSSPRQGKGTDTQYF	1
CASSSGQGGSPLHF	1
CASSSDSFNTEAFF	1
CASSSDRPTIYF	1
CASSSMTGGVQPQHF	1
CASSSSRFAKSDTQYF	1
CASSSQENTEAFF	1
CASSSGDYGYTF	1
CASSWPHARYGYTF	1
CASSWGQGNQPQHF	1
CASSWGQGAQPQHF	1
CASSYLWPGQRPNEKLFF	1
CASSLPRQGRSSPLHF	1
CASSLGLALNTGELFF	1
CASSLLSAGNTIYF	1
CASSLRGDRTYTEAFF	1
CASSLAGGQPQHF	1
CASSLDTDTQYF	1
CASSLRTAGGGYTF	1
CASSLGGFEAFF	1
CASSLGLAGENSIPDTQYF	1
CASSLEGTEAYYEQYF	1
CASSLTGGIGQPQHF	1
CASSLSGNYEQYF	1
CASSPYAGRDTEAFF	1
CASSPLLGRTNTEAFF	1
CASSPGTGRGQPQHF	1
CASSPRDRGTEAFF	1
CASSPKRGSGTEAFF	1
CASSPHSGLNSPLHF	1
CASSPQAKGYGYTF	1
CASSPVGGWNTEAFF	1
CASSPGSSYEQYF	1
CASSPGQPNQPQHF	1
CASSPGDGYTF	1
CASSPDRNYGYTF	1
CASSPITGATEAFF	1
CASSPTVDGKGYTF	1
CASSPNPTGKAFF	1
CASSPGVGTEAFF	1
CASSPIVEGLHPEKLFF	1
CASSPTVNYGYTF	1
CASSPSVVGVTEAFF	1
CASSPSVQYNSPLHF	1
CASSPSGTSGPGAQYF	1
CASSPTGTRGMEQYF	1
CASSPNPGELFF	1
CASSRPQQMGSGNTIYF	1
CASSRRQGLNTEAFF	1
CASSRHLSRVNTEAFF	1
CASSRQGQGNRYGYTF	1
CASSRAGVANEKLFF	1
CASSRDRAGNQPQHF	1
CASSRRDYAAGTGELFF	1
CASSRDRGPYGYTF	1
CASSREGSTTNEKLFF	1
CASSRFGTTNSPLHF	1
CASSRLAAIEAFF	1
CASSRQRYGYTF	1
CASSRQGQTNEKLFF	1
CASSHPGLAGGEQYF	1
CASSHYATNEKLFF	1
CASSQGLAHEKLFF	1
CASSQGTSGLQETQYF	1
CASSQTLADSNQPQHF	1
CASSQSNGYTF	1
CASSQRQGDGYTF	1
CASSQLASYGYTF	1
CASSQVLRQARNQPQHF	1
CASSQVRGATEAFF	1
CASSQATGAGNTIYF	1
CASSQGRQRELFF	1
CASSQGWQPQHF	1
CASSQGLIQYF	1
CASSQDLGQWNTEAFF	1
CASSQDGQSPSSPLHF	1
CASSQDKPLRAAGNTIYF	1
CASSQDRGHLSSYNSPLHF	1
CASSQEGDSVYGYTF	1
CASSQEWGRTNSPLHF	1
CASSQKTGSNQPQHF	1
CASSVNYGYTF	1
CASSVSSLSHEQYF	1
CASSVLGQGREKLFF	1
CASSVVAGNTIYF	1
CASSVGLAGYTQYF	1
CASSVSGQPTGELFF	1
CASSVRGGATGELFF	1
CASSVVYSRGLNTEAFF	1
CASSVVSGNTEAFF	1
CASSVGSGYGNTIYF	1
CASSVGAQAPTDTQYF	1
CASSVGGQGVGRSPLHF	1
CASSVDRGPTTEAFF	1
CASSVEGQGKSPLHL	1
CASSVTLAGEETQYF	1
CASSVTGANTGELFF	1
CASSALTGYGYTF	1
CASSAGQGDVYGYTF	1
CASSADRANTGELFF	1
CASSAQGAANEKLFF	1
CASSGGSTDRGLNYGYTF	1
CASSGTTNTGELFF	1
CASSGYRGRNEKLFF	1
CASSGQGGGEKLFF	1
CASSGNTIYF	1
CASSDPGQGKGNAEAFF	1
CASSDRGPSTEAFF	1
CASSEPLAHLYGYTF	1
CASSENWGNEKLFF	1
CASSMLGLSDTQYF	1
CASSMAAGGTEAFF	1
CASSTLTGQLSPGNTIYF	1
CASSTDRLNTEAFF	1
CASSTRDDRPLHF	1
CASSTQGGTYTEAFF	1
CASSTAREGDQPQHF	1
CASSTTRQHPSDTQYF	1
CASSTRSGGGNSPLHF	1
CASSTPTGAHVTEAFF	1
CASSTGVGTEAFF	1
CASSTGGDSRNTIYF	1
CASSTNRGGSSYTF	1
CASSRGREETQYF	1
CASSRGQGNTEAFF	1
CASSNDGNQPQHF	1
CASSKPGQYTGELFF	1
CASSKGDSGNTIYF	1
CASRSKPGTGLEAFF	1
CASRPAGVVRDGYTF	1
CASRPTGETEAFF	1
CASRPGGVC	1
CASRVQGLRGYTF	1
CASRAVQETQYF	1
CASRAGGRFTEAFF	1
CASRASQGEDGYTF	1
CASRDLYGYTF	1
CASRDRGRVYGYTF	1
CASRELAGGKETQYF	1
CASRIDREAFF	1
CASRRLGGANYGYTF	1
CASRYYRDRAGTPQHF	1
CASRYAGSGYGYTF	1
CASRLSRTLSNQPQHF	1
CASRPPRRGAHQPQHF	1
CASRPNLDSPLHF	1
CASRRLGFQETQYF	1
CASRAGTGFMETGNTIYF	1
CASRGREWQTRGAQHF	1
CASRDRIPGAGVVNTEAFF	1
CASRMGQLSTDTQYF	1
CASRIQGAAGYTF	1
CASRSYREGGYTF	1
CASRRGLGTEAFF	1
CASRNLMNTEAFF	1
CASNPLGGLHQPQHF	1
CASNHHGSHNEKLFF	1
CASNSVGGTEAFF	1
CASKPYSDNQPQHF	1
CASKPGQWIYFQPQHF	1
CASKAPSGGNQPQHF	1
CARPMVQGNSPLHF	1
CANRNEGSTEAFF	1
CAAGSLETQYF	1
CASRTSGRILGEQFF	1
CASSPGEVNEQFF	1
CASPDGGDYGYTF	1
CASQPTGYNQPQHF	1
CASVLGARNTEAFF	1
CASGRGGSGELFF	1
CASERGHGQNTEAFF	1
CASTGQDYSPLHF	1
CASTGAGGPSPLHF	1
CASSSANTEAFF	1
CASSSNSGTGITEAFF	1
CASSPDRFASSGNQPQHF	1
CASSRDRANYGYTF	1
CASSGQGRDEQYF	1
CASSGGVNTEAFF	1
CASSESSGELFF	1
CASSESLSYGYTF	1
CASSESVGTGRGQYF	1
CASSEQGGYGYTF	1
CASSEVVGGERPYEQYF	1
CASSENQGGARNGYTF	1
CASSEGTRRHF	1
CASSIGTGPEVIQPQHF	1
CASSFRVNTEAFF	1
CASSFDSLGQWGDTIYF	1
CASSFSLGEKLFF	1
CASSFAGRNTEAFF	1
CASSLSGRGEKLFF	1
CASSLPDGWGTEAFF	1
CASSLVSPATEAFF	1
CASSLASQPQHF	1
CASSLASGNSPLHF	1
CASSLAPGNDLGELFF	1
CASSLAAAGPGNTEAFF	1
CASSLAAGGGNTIYF	1
CASSLAGENEKLFF	1
CASSLAGYTEAFF	1
CASSLGVEGKAFF	1
CASSLGGGGYNSPLHF	1
CASSLGRRVEAFF	1
CASSLGMGGSPLHF	1
CASSLGQLVTEAFF	1
CASSLGDNTEAFF	1
CASSLDPGGTEAFF	1
CASSLDRKNTEAFF	1
CASSLDQGLNTEAFF	1
CASSLDTDSGNTIYF	1
CASSLEYRQGGYTF	1
CASSLEPQGIGNTIYF	1
CASSLEGAGAFF	1
CASSLETGPGWPQHF	1
CASSLHNYGYTF	1
CASSLDGLYGYTF	1
CASSSSSSWGTEAFF	1
CASSSPGRSPSNYGYTF	1
CASSSGPNSGTEAFF	1
CASSSILGSGTEAFF	1
CASSSWPGQLNTEAFF	1
CASSWDRANGYTF	1
CASSLSGGYQPQHF	1
CASSLGTGGYGYTF	1
CASSLGQGPLNTEAFF	1
CASSLESTVDYGYTF	1
CASSPLYQGLNTEAFF	1
CASSPVGRPNEKLFF	1
CASSPIVLPGYIQYF	1
CASSPRTGVEGYTF	1
CASSPTGTTGELFF	1
CASSPRGNYGYTF	1
CASSPRGPNTEAFF	1
CASSPNPGLSLHF	1
CASSRQGEERPLHF	1
CASSRQGLLLSGNTIYF	1
CASSRVNTEAFF	1
CASSRDRGREKLFF	1
CASSRVKGQGGTEAFF	1
CASSHEVGQVNTEAFF	1
CASSHTEGAKLFF	1
CASSQLTGLNTEAFF	1
CASSQVRGWDQPQHF	1
CASSQGGGGNQPQHF	1
CASSQLLGDYGYTF	1
CASSQPARGKRNQPQHF	1
CASSQRPDGNQPQHF	1
CASSQQARQGEAFF	1
CASSQQTRRENTEAFF	1
CASSQAGAIEAFF	1
CASSQADRNEKLFF	1
CASSQGVLSNQPQHF	1
CASSQGLVGVAGADTQYF	1
CASSQGRVGNTIYF	1
CASSQGGNTEAFF	1
CASSQGDRGNTIYF	1
CASSQGRTGRNSPLHF	1
CASSQGGPFSPLHF	1
CASSQDLDCHRHF	1
CASSQDRGEGNEKLFF	1
CASSQELTVRGYTEAFF	1
CASSQESVLARNNEKLFF	1
CASSQEGAVAFF	1
CASSQELWDRAVGYTF	1
CASSQIRRQGAGGVAFF	1
CASSQRATNTEAFF	1
CASSVDRVTEAFF	1
CASSVTGGTGNTIYF	1
CASSAPGRRKNTEAFF	1
CASSARRDRGRMNTEAFF	1
CASSARQGINTEAFF	1
CASSAGRELFF	1
CASSGRLHTLFF	1
CASSGGGTEAFF	1
CASSGGPNSGNTIYF	1
CASSGRGGRTEKLFF	1
CASSENRDSPLHF	1
CASSTWERNTEAFF	1
CASSTYSGDGNYGYTF	1
CASSRGDSPLHF	1
CASSRIRDGGGNTIYF	1
CASRRVGTGTEKLFF	1
CASRAPINQPQHF	1
CASRVIPDGISGNTIYF	1
CASRAAGQRGYTF	1
CASRGRFGETEAFF	1
CASRTVGGKTEAFF	1
CASKDPPAVSPLHF	1
CTAIDRGSTDTQYF	1
CSVDGRGEGYGYTF	1
CSVRQGVNQPQHF	1
CSAFHPSVSTEAFF	1
CSAFGQDDYGYTF	1
CSASPGQKNSPLHF	1
CSAWGDQPQHF	1
CSALLGEAFF	1
CSAPSGTQAFF	1
CSAPRVNTEAFF	1
CSAAPSRAGNTIYF	1
CSAAGTYNSPLHF	1
CSADGNTEAFF	1
CSAIQDWRPQHF	1
CSAILASSTDTQYF	1
CSATFKSYSNQPQHF	1
CSATSTGGRRQPQHF	1
CSATGQGRGNTIYF	1
CSATADLNIQYF	1
CSASFGGNQPQHF	1
CSASPHPELFF	1
CSASPTSGSLDEQFF	1
CSASMGQGNNQPQHF	1
CSASSSGGSVSTDTQYF	1
CSARQGATNTEAFF	1
CSARQGNQPQHF	1
CSARAGYGYTF	1
CSARVGAEKLFF	1
CSARVGGLETQYF	1
CSARVGTGPFNTEAFF	1
CSARAWDGQHF	1
CSARARTGKGYGYTF	1
CSARGGRLDRLSGNTIYF	1
CSARGTKLFF	1
CSARDLGEKLFF	1
CSARDPGAYEQYF	1
CSARDPAVEKLFF	1
CSARDPAGEHQPQHF	1
CSARDRRGITEAFF	1
CSARDINRPNTEAFF	1
CSARDKGHNYGYTF	1
CSARETSNYGYTF	1
CSAREATRGTEAFF	1
CSARERGPPGNSPLHF	1
CSARIKVEAFF	1
CSARTGPLGSPLHF	1
CSARREGVYVQYF	1
CSARKQGQLSNQPQHF	1
CSANRGLSNEKLFF	1
CSAKDSGAGDTQYF	1
CSAKQGSQPQHF	1
CSALSGEGEKLFF	1
CSAPKEGVFSGNTIYF	1
CSAPGVPGGLNTEAFF	1
CSAANPPRGTEAFF	1
CSAGSTNEKLFF	1
CSADQINGGQPQHF	1
CSAEGAPSNQPQHF	1
CSATVLVEHGYTF	1
CSATTGANEKLFF	1
CSARGDRGNYGYTF	1
CSAKKTGSEGEKLFF	1
CSAKGGAMTTEAFF	1
CSAATQGGGYQPQHF	1
CSTGGSNGAEAFF	1
CSVWAAVEGPGSGYTF	1
CSVVFPQGAGEQFF	1
CSVVPWGV	1
CSVVGASSGNTIYF	1
CSVVNTEAFF	1
CSVVRGVGYTF	1
CSVASLVGANIQYF	1
CSVGGYPTDTQYF	1
CSVGRPNTGELFF	1
CSVDSEGGVYGYTF	1
CSVEPLTGGAGNTIYF	1
CSVERDVRDGYTF	1
CSVEGRTGELFF	1
CSVEGETGGYEQYF	1
CSVTGPALRGEKLFF	1
CSAKLDTEAFF	1
CSAHRRATNEKLFF	1
CSAAPGVFDGYTF	1
CSATGGYGYTF	1
CSAVPGSYHTEAFF	1
CSADNRDRMNTEAFF	1
CSGGEGNAGNTIYF	1
CSGVLQGGTEAFF	1
CSDQIPGQDKEAFF	1
CSERINTEAFF	1
RASSFLHSNEKLFF	1
RASSPRDGCQPQHF	1
RASSGDCYNSPLHF	1
RSPLHF	1
CASSLEATGAQYF	4
CASSLFPRREDEQYF	3
CASSSDSLGSDTQYF	3
CASKRGDEDEQFF	3
CASSLEGGGPYNEQFF	3
CAISDWREIGDEQFF	2
CAISASGGTGELFF	2
CATSNLGGFNEQFF	2
CASEVRVLFRQPQHF	2
CASTPGTGGGEQYF	2
CASTGSRTDTQYF	2
CASSLEFAGRADTQYF	2
CASSLLGTDTQYF	2
CASSLTQTQYF	2
CASSSIPGLAGWGELFF	2
CASSYRSGQNNEQFF	2
CASSPNPGQQLHILYEQYF	2
CASSAKYEQYF	2
CASSADRGGYNEQFF	2
CASSDPGQFQPQHF	2
CASSEWGQGNQPQHF	2
CASSMPGLEQFF	2
CASSNTGQGAGELFF	2
CASSLGRPLRTQFF	2
CASSLAGGETQYF	2
CASSYTGSSNEQFF	2
CASSPLWILAGGRVKNIQYF	2
CASSRGQGQKIEQFF	2
CASSRDSYNEQFF	2
CASSQSGQGISYEQYF	2
CASSQGHHRGETQYF	2
CASSQEGVYEQYF	2
CASSQISDTGELFF	2
CASRIQAGGLIDTQYF	2
CASTSLPTGELFF	2
CASSLGQGPGELFF	2
CASSFTGTSTDTQYF	2
CASSLGPDRELFF	2
CASSLMGYPTGELFF	2
CASSSYRSYLYNEQFF	2
CASSSTRVRTSGSYEQYF	2
CASSYRLVDEQFF	2
CASSPWGTGELFF	2
CASSRDRAYEQYF	2
CASSQGVAGNEQFF	2
CASSQDRTGTRNEQFF	2
CASSQEGSSGGYNEQFF	2
CASRPDGSYEQYF	2
CASRQGEGYEQYF	2
CSAYRGRETQYF	2
CSAPTSGGADTQYF	2
CSASGTSGYEQYF	2
CSARVGLAGSYNEQFF	2
CSARDTLAGDSNEQFF	2
CSARRDIYDSYEQYF	2
CSAGGREANF	2
CSVDPLLYNEQFF	2
CSVEDQLAGELFF	2
CSGRGGEGYTF	2
CASSLNGDYEQYF	1
CASSSGRNTEAFF	1
CASSPLRGDTQYF	1
CASQDSVTNQPQHF	1
CASDRGYTDTQYF	1
CACQTGAHQPQHF	1
CAVATGENTEAFF	1
CAAGGMNTEAFF	1
CAAGPRRENTEAFF	1
CAGSRGGQQNSPLHF	1
CAGRTGTGLTEAFF	1
CAGADSSTDTQYF	1
CAIPDRGYGYTF	1
CAIQASGGADTQYF	1
CAIVEDGYTDTQYF	1
CAIGRENTEAFF	1
CAIGTGGGHPQHF	1
CAITSDRVKSYEQYF	1
CAITEGQLSGNTIYF	1
CAITTERGEGYTF	1
CAISLKGANTEAFF	1
CAISRTGADPLHF	1
CAISVSGFNQPQHF	1
CAISGGGSPHEQYF	1
CAISGGTGGSQPQHF	1
CAISGGQGNQPQHF	1
CAISGTVPGELFF	1
CAISDSAEAFPSTDTQYF	1
CAISDGQGKSGNTIYF	1
CAISDINTGELFF	1
CAISESSGYTDTQYF	1
CAISESRGEGYEKLFF	1
CAISESFPRYGYTF	1
CAISESSQFSFF	1
CAISESAGTNTGELFF	1
CAISESKGNTEAFF	1
CAISESPSGYGYTF	1
CAISESRYTGELFF	1
CAISEPGTGRAGNTIYF	1
CAISEGDSSHNSPLHF	1
CAISEGASGQLLYGYTF	1
CAISEDSYTEAFF	1
CAISEDRRYYGYTF	1
CAISGGQGDGYTF	1
CAISRDIDTQYF	1
CAISNTGTSNQPQHF	1
CAIRAANGQPQHF	1
CAIRAGGPYSNQPQHF	1
CAIRGQETQYF	1
CAIRGLAGGYTDTQYF	1
CATLGQGSGNTIYF	1
CATCAGDDYGYTF	1
CATPTGQGLVGYTF	1
CATRAGSNTEAFF	1
CATATLQGGFNTEAFF	1
CATTGRDGYTF	1
CATSRTGEDTEAFF	1
CATSGQGMRQPQHF	1
CATSDLGQSYGYTF	1
CATSDLQGTYGYTF	1
CATSDPRDSNQPQHF	1
CATSDPAKRANYGYTF	1
CATSDASAKDPFF	1
CATSDYRGNQPQHF	1
CATSDRENYTF	1
CATSEGDRRNTEAFF	1
CATSQGTEYEKLFF	1
CATSGDGNQPQHF	1
CATSRRRDISDEQFF	1
CATSRGGTGAGDGYTF	1
CATSRDRGTDVLFEQYF	1
CATSRDGERASSGNTIYF	1
CATSRESQGDGETQYF	1
CATRPRGPDYGYTF	1
CATRDRENQPQHF	1
CATRGTGWYDTGELFF	1
CATRMSMLDEKLFF	1
CATFGFADTQYF	1
CATVGDRNEKLFF	1
CATGQPLSGNTIYF	1
CATTGLVDQPQHF	1
CATTYDRTGMFF	1
CASSGGSYTF	1
CASAMTGNLNTEAFF	1
CASDRGPSEAFF	1
CASSIDMNIQYF	1
CASRGHDYGYTF	1
CASFGSSYGYTF	1
CASSPRDNGHYEQYF	1
CASSPRFDDEKLFF	1
CASSPQADRWVYSGNTIYF	1
CASSDSINQPQHF	1
CASWEQGTEAFF	1
CASPPADRHYHEQFF	1
CASRSEAEAFF	1
CASQPSGGAGGYTF	1
CASVFRGRGLNSGNTIYF	1
CASVLGGIGNSPLHF	1
CASARDQPQHF	1
CASAKGAGGNQPQHF	1
CASGPRDYNYGYTF	1
CASGYTEAFF	1
CASGLSLQPQHF	1
CASGQGFADTEAFF	1
CASGTGQLNTEAFF	1
CASEDETSNTGELFF	1
CASEMGDSSHEQYF	1
CASIEASDTQYF	1
CASITTSGSYAGELFF	1
CASISGRPYGYTF	1
CASTWTGGDSPLHF	1
CASTAGGLAFF	1
CASTSDSNTEAFF	1
CASTLGQGFTPLHF	1
CASTPGGTGTMNTEAFF	1
CASTPWQINQPQHF	1
CASTPRQGAGGYTF	1
CASTRGPSGNTIYF	1
CASTRTSQETQYF	1
CASTADNFGLVGSSPLHF	1
CASTGARNSPLHF	1
CASTMDPWGTDTQYF	1
CASTTLSSNQPQHF	1
CASTDRVREKLFF	1
CASTTRQGNQPQHF	1
CASSFSGDTNEKLFF	1
CASSFYRDRLNEKLFF	1
CASSFQIQPQHF	1
CASSFVGQPQHF	1
CASSFGGGTGELFF	1
CASSFGEEAFF	1
CASSFRLGVYGYTF	1
CASSFWSTEAFF	1
CASSFLSWAIVGNQPQHF	1
CASSFPRTGVNEKLFF	1
CASSFRQVDTEAFF	1
CASSFHRGNTGELFF	1
CASSFVATNEKLFF	1
CASSFAHLPQHF	1
CASSFDRIGQPQHF	1
CASSFSNSPLHF	1
CASSLPGAGNTIYF	1
CASSLGYRSGNTIYF	1
CASSLGYTDTQYF	1
CASSLGNTIYF	1
CASSLDGGNQPQHF	1
CASSLIGTGELFF	1
CASSLRGWTEAFF	1
CASSLFQGEHQPQHF	1
CASSLLVGLNTEAFF	1
CASSLSWDRGAEAFF	1
CASSLSGGLRWQPQHF	1
CASSLYSAANSPLHF	1
CASSLYLGTEAFF	1
CASSLYTGRNSPLHF	1
CASSLHDRGRLRGGYTF	1
CASSLVSLRDTEAFF	1
CASSLAGEGNEKLFF	1
CASSLAINTEAFF	1
CASSLAEGLSSYNSPLHF	1
CASSLAGGLTEAFF	1
CASSLADQPQHF	1
CASSLGRGTGDLVISPLHF	1
CASSLGETQYF	1
CASSLGISNQPQHF	1
CASSLGRSNEKLFF	1
CASSLGEGADEKLFF	1
CASSLGQVYNSPLHF	1
CASSLGQSRTEAFF	1
CASSLRGGNYGYTF	1
CASSLRHNTEAFF	1
CASSSFSSGRNYEQYF	1
CASSSPSGQLFSGNTIYF	1
CASSSQGFGSYNSPLHF	1
CASSSSVGEAFF	1
CASSSPGGVNYGYTF	1
CASSSGTAGNTIYF	1
CASSSGTDNYGYTF	1
CASSSNKMDGNEKLFF	1
CASSSAGGIGVNQPQHF	1
CASSSTGFGELFF	1
CASSSRSWDYTQYF	1
CASSWDRENYGYTF	1
CASSYRQGEGYTF	1
CASSYGGNTEAFF	1
CASSYLSGGEKLFF	1
CASSYSWGRGTEAFF	1
CASSYSRLGNYGYTF	1
CASSYSVGIQPQHF	1
CASSYSVGGAYYEQYF	1
CASSYSASGGDNSPLHF	1
CASSYSSPGRSPLHF	1
CASSYSKSSGNTIYF	1
CASSYSSRVWNSPLHF	1
CASSYSYTSNQPQHF	1
CASSYLSAGTYGNTIYF	1
CASSYRPHRSTNEKLFF	1
CASSYHEEGTAEAFF	1
CASSYHTGESGYTF	1
CASSYQKGAGNGYTF	1
CASSYAGRLGAFF	1
CASSYAEGGGRGYTF	1
CASSYGLEAFF	1
CASSYGRGGPYGFF	1
CASSYGQGPSRSNQPQHF	1
CASSYGLYNEQFF	1
CASSYGRAQQGGYTF	1
CASSYDNNQPQHF	1
CASSYEGWGRATEAFF	1
CASSYEGRQPQHF	1
CASSYRGEKLFF	1
CASSYRDQPQHF	1
CASSLFGGRDRLNYGYTF	1
CASSLHRNQPQHF	1
CASSPVGATYGYTF	1
CASSPTPTTWDTQYF	1
CASSPRGRGTTEAFF	1
CASSPRQGYTEAFF	1
CASSPTPDPNTGELFF	1
CASSPNGGRATEAFF	1
CASSPSGGQGASEAFF	1
CASSPLIARKNTGELFF	1
CASSPGSQTSYGYTF	1
CASSPTGYTEAFF	1
CASSPAGTEAFF	1
CASSPGQAGLLLNTEAFF	1
CASSPTSAGDRHNGYTF	1
CASSRSGSGDTQYF	1
CASSRVQGYQPQHF	1
CASSRPGGGGDSGGYTF	1
CASSHDRPGYGYTF	1
CASSHRGMNTEAFF	1
CASSQIGAATYSNQPQHF	1
CASSQEASSYNSPLHF	1
CASSVDQGLRGYTF	1
CASSVYRAGGKNGYTF	1
CASSAGTGFSQPQHF	1
CASSAYGAGSNQPQHF	1
CASSALDESFQYF	1
CASSALMNTEAFF	1
CASSAAGQGVSPLHF	1
CASSASTGGGGTQHF	1
CASSAGAGNTIYF	1
CASSGANQETQYF	1
CASSGMGNFHVNEQFF	1
CASSGTHTGELFF	1
CASSGQSQETQYF	1
CASSDLREGNTGELFF	1
CASSDPGSNEKLFF	1
CASSDSPGQVYGYTF	1
CASSDSVEQFF	1
CASSEPTGFSEAFF	1
CASSEADLSGNTIYF	1
CASSEGTGGFDEAFF	1
CASSEDRVYGYTF	1
CASSERQANSPLHF	1
CASSEYPDSASRGPGYTF	1
CASSEYGGDLSEAFF	1
CASSERGGRNSPLHF	1
CASSEVRGERAGYTF	1
CASSEASVKGEAFF	1
CASSEALGYMNTEAFF	1
CASSEAAGFTGANYGYTF	1
CASSEARQPNSPLHF	1
CASSEGSTVLNSPLHF	1
CASSEIRVNEKLFF	1
CASSESWRAVGTQYF	1
CASSERGTGSYGYTF	1
CASSTTTAKTEAFF	1
CASSTDAFAKTFF	1
CASSTTGELFF	1
CASSTGGASQPQHF	1
CASSTGGLGGELFF	1
CASSNPTPGAFF	1
CASSNPGGTNEKLFF	1
CASSNRDGDTEAFF	1
CASSKRGFGNQPQHF	1
CASSFSWAETGTGGSPLHF	1
CASSFLRGISGNTIYF	1
CASSFGGPQHF	1
CASSFGTLFDGELFF	1
CASSFGTGLVREKLFF	1
CASSFGIGGTEAFF	1
CASSFTGNTIYF	1
CASSFHRGGYGYTF	1
CASSFGGGNQPQHF	1
CASSFGVESEKLFF	1
CASSFGLAGGPDTQYF	1
CASSFGQGNQPQHF	1
CASSLLVSVVGTQENSPLHF	1
CASSLLLATTGELFF	1
CASSLWGNDSPLHF	1
CASSLYRTISGNTIYF	1
CASSLRPVNSPLHF	1
CASSLQPPGQSGNTIYF	1
CASSLAGQGANEKLFF	1
CASSLATEERTEAFF	1
CASSLGFGRNTEAFF	1
CASSLGFSSSYEQYF	1
CASSLGFQETQYF	1
CASSLGQGIPQPQHF	1
CASSLDNNYGYTF	1
CASSLELAGPTDTQYF	1
CASSLEGRQPQHF	1
CASSLESGPQHF	1
CASSLIRDRGRGELFF	1
CASSLSFGPSNQPQHF	1
CASSLKVSNYGYTF	1
CASSLLYSGNTIYF	1
CASSLYSPLHF	1
CASSLYEAGGNEKLFF	1
CASSLPQVNTEAFF	1
CASSLRQGSPNEKLFF	1
CASSLQWETEAFF	1
CASSLQTGSGNTIYF	1
CASSLQQSVGNIQYF	1
CASSLVLSGSGNTIYF	1
CASSLVAQGSGYTF	1
CASSLVQSYGYTF	1
CASSLVGGRSEKLFF	1
CASSLVFPGPNTEAFF	1
CASSLVGAGEGKLFF	1
CASSLVYQGAWVEKLFF	1
CASSLVPENEAFF	1
CASSLVRGSRPQHF	1
CASSLALGLEGAPLHF	1
CASSLAPGTEAFF	1
CASSLARDTEAFF	1
CASSLALADRKNTEAFF	1
CASSLASRGQGNQPQHF	1
CASSLAWENTEAFF	1
CASSLAPSGRTDTQYF	1
CASSLARGSTGELFF	1
CASSLAAPGGNSPLHF	1
CASSLAGYYGYTF	1
CASSLAEWQGGKDEQYF	1
CASSLASGGSPLHF	1
CASSLAADTDTQYF	1
CASSLGQGPGNTIYF	1
CASSLGPPGAFF	1
CASSLGGDQPQHF	1
CASSLGGSSGNTIYF	1
CASSLGIGGNYGYTF	1
CASSLGSGQITEAFF	1
CASSLGAIQETQYF	1
CASSLGRDRERGMNTEAFF	1
CASSLGAAPQHF	1
CASSLGGNYGYTF	1
CASSLGEPNEKLFF	1
CASSLDFSHGYTF	1
CASSLDSSRYSNQPQHF	1
CASSLDGQGKGAFF	1
CASSLDRSSYNSPLHF	1
CASSLDRLREQYF	1
CASSLEAEGPLGYTF	1
CASSLETGARYGYTF	1
CASSLERTQPQHF	1
CASSLEGRGYEQYF	1
CASSLMTGYRSGNTIYF	1
CASSLIGGPGVGAFF	1
CASSLTNTGGGDTEAFF	1
CASSLTRDMNEKLFF	1
CASSLTAGREKLFF	1
CASSLSGRQGGAEAFF	1
CASSLRGFGTDTQYF	1
CASSLRTGRSNSPLHF	1
CASSLNSLNSPLHF	1
CASSSFGTLNETQYF	1
CASSSFTEAFF	1
CASSSSVEAFF	1
CASSSLLAGREDTQYF	1
CASSSRDSTGYTF	1
CASSSRTGEDDNSPLHF	1
CASSSRSEDRSNEKLFF	1
CASSSAGIGGYTF	1
CASSSRQGTEKLFF	1
CASSSPKTALSYGYTF	1
CASSSQGAVWGYTF	1
CASSSQDGGGNEAFF	1
CASSSGLAGYEQFF	1
CASSSTTGGSYNSPLHF	1
CASSWGGAGQPNYGYTF	1
CASSYSGGSAEKLFF	1
CASSYLGITGQGIFPGTEAFF	1
CASSYYRGNNNEKLFF	1
CASSYRRGPGGEAFF	1
CASSLTLPAVGDSPLHF	1
CASSLSRGRGRPQHF	1
CASSLDRGVAAFF	1
CASSLYRGGNQPQHF	1
CASSLRTAKEGKNIQYF	1
CASSLAKGASYNSPLHF	1
CASSLAGTSRTQYF	1
CASSLGPFEAFF	1
CASSLDTDTQYF	1
CASSLSRTDSHQPQHF	1
CASSPFGNGNQPQHF	1
CASSPLRRNSPLHF	1
CASSPHRTNTGELFF	1
CASSPSQGYQPQHF	1
CASSPSGGDGYTF	1
CASSPPGRGPRAGLNTGELFF	1
CASSPRGSGDNEQFF	1
CASSPRTGRSEKLFF	1
CASSPQVTEAFF	1
CASSPQGPNQPQHF	1
CASSPQMGGPPLHF	1
CASSPGTGEADTQYF	1
CASSPGTGNSPLHF	1
CASSPGQGANQPQHF	1
CASSPGTNTEAFF	1
CASSPDRGSGQLRQNTEAFF	1
CASSPTTGTTYQPQHF	1
CASSPTGTANTEAFF	1
CASSPRTRTDTQYF	1
CASSPRRQLTEAFF	1
CASSPNKRTGSTDTQYF	1
CASSPVAGESETQYF	1
CASSPGATSNYEQYF	1
CASSPTGGINTEAFF	1
CASSPFPRVDVWMDTEAFF	1
CASSPPYANTGELFF	1
CASSPAGLVLDTQYF	1
CASSPITGTNNYGYTF	1
CASSPTGNTEAFF	1
CASSRATEQPQHF	1
CASSREDRANQPQHF	1
CASSRDDSSYNSPLHF	1
CASSRTSGGPITSTDTQYF	1
CASSRNGNTEAFF	1
CASSRSPLITGARGQKNTEAFF	1
CASSRQRGTYEQYF	1
CASSRTATGEGEKLFF	1
CASSRKPGRTNEKLFF	1
CASSHLRLNTEVFF	1
CASSHQGDGYTF	1
CASSHQENYGYTF	1
CASSHPGYSNQPQHF	1
CASSQLGANSPLHF	1
CASSQWGSNQPQHF	1
CASSQPEPNTEAFF	1
CASSQQDQPQHF	1
CASSQVENTIYF	1
CASSQEPRTEAFF	1
CASSQEAQAEVYGYTF	1
CASSQLAGSGSPLHF	1
CASSQSRTDGLSSGNTIYF	1
CASSQSQRFGNTIYF	1
CASSQWGSSYNSPLHF	1
CASSQYPDRGNTEAFF	1
CASSQPGTANTEAFF	1
CASSQRGNTEAFF	1
CASSQRTVNTEAFF	1
CASSQGPLNEGQYF	1
CASSQGTLNEKLFF	1
CASSQGTGTEAFF	1
CASSQGRMAPSPLHF	1
CASSQGRGLGNQPQHF	1
CASSQDPQGDYGYTF	1
CASSQDQTDGYTF	1
CASSQDEVGDEKLFF	1
CASSQDGGIGNTIYF	1
CASSQEFRGVLRELFF	1
CASSQEWTDLYNSPLHF	1
CASSQEGGRTGELFF	1
CASSVVSGELFF	1
CASSVAGTGYGYTF	1
CASSVGGGTEAFF	1
CASSVDLGLAGPNANTGELFF	1
CASSVEVRDEKLFF	1
CASSVERSSEQYF	1
CASSVRGRGNQPQHF	1
CASSAPGLAGGPYEQYF	1
CASSAYGGTEQYF	1
CASSAPGGMGQPQHF	1
CASSARQKMNTEAFF	1
CASSANTDTQYF	1
CASSGPGTVKLFF	1
CASSGGVLFF	1
CASSGRNQETQYF	1
CASSGGRVNSPLHF	1
CASSGESTGGSGYTF	1
CASSGTGGNQPQHF	1
CASSDSNQPQHF	1
CASSDDRQPQHF	1
CASSDRDRGIGQPQHF	1
CASSEIAEAFF	1
CASSETTGMGTEAFF	1
CASSEAGGYNEKLFF	1
CASSIIDNSPLHF	1
CASSISWPDQETQYF	1
CASSTTRRSSNQPQHF	1
CASSTGPLMNTEAFF	1
CASSRLGFGNTEAFF	1
CASSRGRTLGTEAFF	1
CASSNSGNTIYF	1
CASSKAQGRYTIYF	1
CASSKDARQPQHF	1
CASSKDGGNTEAFF	1
CASRSRENNEKLFF	1
CASRPALTYRAGNTIYF	1
CASRQSATEAFF	1
CASRQNPGPNEKLFF	1
CASRVGGSNQPQHF	1
CASRAPGPSNYGYTF	1
CASRAQVVNTEAFF	1
CASRGGRMNTEAFF	1
CASRGQASWGYTF	1
CASRGETGYTDTQYF	1
CASRERRGSTEAFF	1
CASRTLASQFGGGDQPQHF	1
CASRTGGVSTEAFF	1
CASRTGQSRGLNTEAFF	1
CASRLAGGRYNEQFF	1
CASRSHSNEKLFF	1
CASRLTRFNQPQHF	1
CASRPPGQGIGNTIYF	1
CASRPDSNTEAFF	1
CASRRQANYGYTF	1
CASRQGLGYTF	1
CASRARERVNTEAFF	1
CASRAGGRTGELFF	1
CASRATGRSTDTQYF	1
CASRGDRISPQHF	1
CASRTPPAGELFF	1
CASRTRPLDSNAEAFF	1
CASRNRDWGDNSPLHF	1
CASNRDSNTEAFF	1
CASNEGTEAFF	1
CASKTTGGELFF	1
CASKRVLTVSMNTEAFF	1
CARRRERVGELFF	1
CARGTSGRRSSTDTQYF	1
CANAPPGLIGNEQFF	1
CASGDRRNTEAFF	1
CASSSPGARQPQHF	1
CASSSIRGTGELFF	1
CASSQTDFNYGYTF	1
CASLGQQNTEAFF	1
CASGYINQPQHF	1
CASGMTGASTEAFF	1
CASEGPWGNQPQHF	1
CASTPGEVGTEAFF	1
CASTQWQINQPQHF	1
CASTDRGKEKLFF	1
CASSQAGGLGYGYTF	1
CASSGDRDHGYTF	1
CASSESGNSPLHF	1
CASSESTGGHVPLAKNIQYF	1
CASSELVLDEQFF	1
CASSEPGNTGELFF	1
CASSEGDENTEAFF	1
CASSERTSGRAGELFF	1
CASSEITRGQYF	1
CASSFLQGSKNTGELFF	1
CASSFQQGSGTEAFF	1
CASSFGGSGGTEAFF	1
CASSFGGSQPFF	1
CASSFGTASNYGYTF	1
CASSFGTGTEAFF	1
CASSFGLGYTYYGYTF	1
CASSFIPGQMNTEAFF	1
CASSFSGEKLFF	1
CASSFAQGTEAFF	1
CASSFDRNYGYTF	1
CASSLLGTGGSTEAFF	1
CASSLSEGTYNSPLHF	1
CASSLSSNTEAFF	1
CASSLWPGALIQPQHF	1
CASSLYRNSPLHF	1
CASSLPGTVGNTEAFF	1
CASSLVPTGNNYGYTF	1
CASSLVPGDTEAFF	1
CASSLARDPAEKLFF	1
CASSLAVGRGTEAFF	1
CASSLAGNSPLHF	1
CASSLAGSGNTIYF	1
CASSLGLNTEAFF	1
CASSLGEGGPQHF	1
CASSLGVAPLHF	1
CASSLDGTVGQPQHF	1
CASSLELTNYGYTF	1
CASSLEGMQEKLFF	1
CASSLEGRGVTEAFF	1
CASSLEQNTEAFF	1
CASSLMGDTEAFF	1
CASSLTAATEAFF	1
CASSLTGGRSSQPQHF	1
CASSLYEAFF	1
CASSLDGNQPQHF	1
CASSLRAGGNEAFF	1
CASSSGQGGNQPQHF	1
CASSSNTGVIGTEAFF	1
CASSSGPWDRDHGYTF	1
CASSSGQGGTEAFF	1
CASSSGGVSDSPLHF	1
CASSSGQGMNTEAFF	1
CASSSTAAYGYTF	1
CASSYSRGADTIYF	1
CASSYYGQGKVNTEAFF	1
CASSLGQVNTEAFF	1
CASSLDSGSYGYTF	1
CASSLERDMESPLHF	1
CASSLTSGSNTEAFF	1
CASSPQGANTEAFF	1
CASSPQGNYGYTF	1
CASSPSGPRLNSPLHF	1
CASSPLGPYGYTF	1
CASSPRPTGIGDGYTF	1
CASSPAQGVEKLFF	1
CASSPRSEWTGGGQPQHF	1
CASSPHGLEILFF	1
CASSPGLIGQPQHF	1
CASSRRERTNEKLFF	1
CASSRGNMNTEAFF	1
CASSRTGFNSPLHF	1
CASSRKGGTGDGNTIYF	1
CASSRVQGRSNYGYTF	1
CASSRTDRGWAAFF	1
CASSHLYGELFF	1
CASSHGGQPQHF	1
CASSHGQGGMGSPLHF	1
CASSHPTGLNSPLHF	1
CASSQVSGRSTGELFF	1
CASSQVKGVVNGYTF	1
CASSQVDRSGNTIYF	1
CASSQAGQAFF	1
CASSQATRVRNSPLHF	1
CASSQGQGYGYTF	1
CASSQDLRTILIEAFF	1
CASSQDWVGRIYGYTF	1
CASSQDYGLGQGSYQGYTF	1
CASSQDQGRSTNEKLFF	1
CASSQDQGGPQHF	1
CASSQDEEEPYGYTF	1
CASSQDRLGRGSTEAFF	1
CASSQEQANYGYTF	1
CASSQEGWGSSTEAFF	1
CASSQEDRVPNYGYTF	1
CASSQERGWRRRGYTF	1
CASSQESQIASNTGELFF	1
CASSQELRGQGYYSNQPQHF	1
CASSQEPGVNGNQPQHF	1
CASSQERGFGDQPQHF	1
CASSQEAAGEAFF	1
CASSQEASRSSGNTIYF	1
CASSQTGDSNQPQHF	1
CASSQKRTGTNQPQHF	1
CASSVSTGLEAFF	1
CASSVLPDEPEAFF	1
CASSVKGQGSNQPQHF	1
CASSGRDRVPYGYTF	1
CASSGLGGSMNTEAFF	1
CASSGYSANTEAFF	1
CASSDRSGQGYPEAFF	1
CASSIFTGTANEKLFF	1
CASSTIRDGYTF	1
CASSTGQGDEQFF	1
CASSSPPGQGNTEAFF	1
CASSNTPNYGYTF	1
CASRTESNTGELFF	1
CASRKTFVTGDGYTF	1
CASRLTGGSGALHF	1
CASRVNSGEGTEAFF	1
CASREGVGQPQHF	1
CASRTGTVTEAFF	1
CASKLEGAMGNQPQHF	1
CASKAGTTEAFF	1
CASKRGPPALNTEAFF	1
CGGRRNTEAFF	1
CSSRRNNQPQHF	1
CSSKGSLNTEAFF	1
CSRNGYTF	1
CSVTPWGQGTSPLHF	1
CSVQSSNQPQHF	1
CSVAGSYSNQPQHF	1
CSAPRPGGYTF	1
CSAPQFDNEKLFF	1
CSAPGRDYGYTF	1
CSAPDTHSGNTIYF	1
CSARRGVDTQYF	1
CSAVQREYNEQFF	1
CSAAQEYSNQPQHF	1
CSAARGLHGYTF	1
CSAIAGQYEQYF	1
CSAIRGSGNQPQHF	1
CSAIPGQGGQPPHF	1
CSAMTHYSNQPQHF	1
CSAIPGHNQPQHF	1
CSAIQGPDTQYF	1
CSATQGAKNIQYF	1
CSATDPTGRTDTQYF	1
CSATRAGIEAFF	1
CSATPSGRLNTEAFF	1
CSATRQEGKSSYNSPLHF	1
CSASPVASNQPQHF	1
CSASPDGTYGYTF	1
CSASPGGQNQPQHF	1
CSASRFGDINSPLHF	1
CSASGGVNEAFF	1
CSASGVTSDSNQPQHF	1
CSARTDGIYGYTF	1
CSARCDNQTFGNTIYF	1
CSARLDRGYYGYTF	1
CSARQGSVNTEAFF	1
CSARVTDGLFF	1
CSARVDRLSSPLHF	1
CSARVGGLGEQYF	1
CSARVTTARSYGYTF	1
CSARAPPAKYTEAFF	1
CSARALQGTEQPQHF	1
CSARGRGGGNTEAFF	1
CSARGGIHQPQHF	1
CSARDHRGGYGYTF	1
CSARDGRARGRGNQPQHF	1
CSARDGATGNTIYF	1
CSARSGGPADTQYF	1
CSANPDRYINQPQHF	1
CSAKTTVNSPLHF	1
CSAWRQTQHF	1
CSAYTSGTNYGYTF	1
CSALSETGGLYGYTF	1
CSALAGGFAGELFF	1
CSAPHRGSRFMNTEAFF	1
CSAPSGRGTEAFF	1
CSAGRRDGYTF	1
CSATNQGTEAFF	1
CSARAGSLNSPLHF	1
CSARTGGEYEAFF	1
CSALSRQTGGDYGYTF	1
CSAPDGMNTEAFF	1
CSARQGFTGELFF	1
CSAHQPTGGVNQPQHF	1
CSARPRVYYGYTF	1
CSGGSNYGYTF	1
CSGEGGSNTEAFF	1
CSFPSISRGGNGYTF	1
CSSTTGGGSFGYTF	1
CSCQAGAVRDTQYF	1
CSYPRGETQYF	1
CSVFSINTEAFF	1
CSVLPDFTEQFF	1
CSVLSRLTYEQYF	1
CSVLPSTRTYTF	1
CSVQSGGGGYTF	1
CSVAPQGAGTGELFF	1
CSVGAQGLAYEQYF	1
CSVGREGSRGYTF	1
CSVDRQFMNTEAFF	1
CSVDFPERDYGYTF	1
CSVEEGRGLSEAFF	1
CSVETDIRGMNTEAFF	1
CSVESGVGEAFF	1
CSVEYSVMNTEAFF	1
CSVERTGDTEAFF	1
CSVEVPGGPGNTIYF	1
CSVEGGSNQPQHF	1
CSVEDHQLDYGYTF	1
CSVEDGSVNEAFF	1
CSVEEDNYGYTF	1
CSVLSGRGGELFF	1
CSVGQFSYEQYF	1
CSVISAGQGGYGYTF	1
CSVTGTGGANGYGYTF	1
CSVSGTDPNQPQHF	1
CSAGGQGDQPQHF	1
CSALGTGGNTIYF	1
CSAPMGFLNTEAFF	1
CSARDEGHGYTF	1
CSANRGSGTAIF	1
CSAQGLDWSNQPQHF	1
CSAGGPRDGYTF	1
RASSFGASGDNEQFF	1
RASSFSYEETKLFF	1
RASSLRQTSNHYGYTF	1
RASSSGTGKHGELFF	1
CASSLVLAASTDTQYF	3
CASSYTQGAGANVLTF	3
CSARDLSGYEQYF	3
CAWVADTQYF	2
CAISGTGSSETQYF	2
CATSRGSSWGTSSYNEQFF	2
CASSPGLAGNQETQYF	2
CASWPGTGIPYEQYF	2
CASTRQVSNTGELFF	2
CASSFSGRVTGELFF	2
CASSLGGSTDTQYF	2
CASSLFPGTGPYEQYF	2
CASSLGDTQYF	2
CASSSLLQTGSYEQYF	2
CASSSTTVFEQYF	2
CASSYSRRPSTEKLFF	2
CASSLLSGGVNEQFF	2
CASSPRRVNAYEQYF	2
CASSPRGAGGGEQFF	2
CASSQMDRDYNEQFF	2
CASSAESGGNTGELFF	2
CASSERDHNEQFF	2
CASSFGFSNEQFF	2
CASSLGVGNTGELFF	2
CASSLWASGSHEQFF	2
CASSLAGRWDYEQYF	2
CASSLAPGRENFNEQFF	2
CASSLEGQPPNYGYTF	2
CASSLNGWRGGETQYF	2
CASSSQRGGNNEQFF	2
CASSPTELAGFYNEQFF	2
CASSPRAGRDTGELFF	2
CASSHTPLPSYEQYF	2
CASSHRGISYNEQFF	2
CASSQRTSGNEQFF	2
CASSQGLAGGLAYNEQFF	2
CASSVSYEQYF	2
CASSDRGYVGDTQYF	2
CASSDRYEQYF	2
CASRSRTGGTDTQYF	2
CASRLSGVNEQYF	2
CASRKGTNSYNEQFF	2
CASQTGGITDTQYF	2
CASSQADTYNEQFF	2
CASSFLGTGGTDTQYF	2
CASSLSLEEGANYEQYF	2
CASSLALAGGHEQFF	2
CASSLGDSGTKGQFF	2
CASSLDGTSNYEQYF	2
CASSLEGFEQFF	2
CASSLEGYRLEQYF	2
CASSLSGGVPDTQYF	2
CASSLLTTGGPTDTQYF	2
CASSLGTSGRGISYEQYF	2
CASSSYQGARTFYEQYF	2
CASSSSARGPDEQYF	2
CASSSRQGGSTGELFF	2
CASSPLYGETGELFF	2
CASSPGQAGGNIQYF	2
CASSPHKDRLFGDTQYF	2
CASSQDVYGGAQSYNEQFF	2
CASSAGTGSSYEQYF	2
CASSGDNEQFF	2
CASSTGQGWSTDTQYF	2
CASRPGQGNQPQHF	2
CSAWDRSSYNEQFF	2
CSAPLAGGPSYEQYF	2
CSARSGGESDTQYF	2
CSARSGRDYEQYF	2
CSARYRTLAGGPRYEQYF	2
CSARDFPETSGPDTQYF	2
CSARERTSGDYNEQFF	2
CSAVGQLYEQYF	2
CSVDLAGTFQKYNEQFF	2
CSVETSARYEQYF	2
CSAAQGDVGEQYF	2
CASSLGQNQPQHF	1
CACPHRALSGNTIYF	1
CAWTLGGHQPQHF	1
CAWSYSGGNTGELFF	1
CAWSVLAGGYNEQFF	1
CAWSVGGEAFF	1
CAWSVRIGLNTEAFF	1
CAWNKRTVPYNSPLHF	1
CALQRRTGGQNQPQHF	1
CALRPGGQGTGYTF	1
CAVAGNSYNSPLHF	1
CAVHQGGTEAFF	1
CAVRFGNTIYF	1
CAEGTLGNQPQHF	1
CAISEGGGQPQHF	1
CAISSPGSKETQYF	1
CAIQGGSRVYTF	1
CAIQKQGATGELFF	1
CAITSRVQPIDEAFF	1
CAITEDTSGVKEQFF	1
CAITMKPGEVYGYTF	1
CAISVEGRSTGELFF	1
CAISAGGATGNQPQHF	1
CAISGTSGADTQYF	1
CAISGGGLAGERREQFF	1
CAISGKRDTEQFF	1
CAISDVGRSSYNEQFF	1
CAISDVPGPKNYNSPLHF	1
CAISESGAENTEAFF	1
CAISESGVHQPQHF	1
CAISESEVGGTQYF	1
CAISESGGGADYGYTF	1
CAISELGGSDYGYTF	1
CAISEEAGPNTEAFF	1
CAISETSGGGTDTQYF	1
CAISEGQSSYNSPLHF	1
CAISESIAGSTDTQYF	1
CAISGGTDNEKLFF	1
CAIRGQNTEAFF	1
CAIREQGSDTQYF	1
CAIREDSHIRSSYGYTF	1
CAIRQQTNGYTF	1
CAINGNQGYEQYF	1
CAMGQGEPQHF	1
CAIARDGSNEQFF	1
CATQGSYNSPLHF	1
CATSDRATTNEKLFF	1
CATSTGPNYGYTF	1
CATSPQGPGTEAFF	1
CATRNSSSVSYEQYF	1
CATQGSVSGNTIYF	1
CATGRTEASYEQYF	1
CATGTYNTGELFF	1
CATGGFAGWSSGNTIYF	1
CATMAGGSGNQPQHF	1
CATSVAPGRPNTGELFF	1
CATSDFRGGYTF	1
CATSDLRQGDTGELFF	1
CATSDYPGEGYTF	1
CATSDLTSSEQYF	1
CATSDRITQTWNYGYTF	1
CATSDGPWDQPQHF	1
CATSDGQSNGYTF	1
CATSETVNYGYTF	1
CATSPNGLRNTGELFF	1
CATSSPLAGGTGELFF	1
CATSRPDGSNQPQHF	1
CATSRVGGRETQYF	1
CATSRVQENTEAFF	1
CATSRVASGGDTGELFF	1
CATRGHTNTGELFF	1
CATNPTGSRNQPQHF	1
CATPSGANTGELFF	1
CASRSSGYTEAFF	1
CASAPTSGGADTQYF	1
CASTGDLSGNTIYF	1
CASSITGAGELFF	1
CASSSLGGQGYNSPLHF	1
CASRGGNTEAFF	1
CASKESDRNTIYF	1
CASFGSTEAFF	1
CASSPGRTDTQYF	1
CASSVDSGDQPQHF	1
CASSPGQGYEQYF	1
CASSPLDVAEQYF	1
CASSPRQGAYNEQFF	1
CASSPEAHWWYSPLHF	1
CASSPRTGVTEAFF	1
CASSNLGTEAFF	1
CASYPGVGITEAFF	1
CASLQASYNSPLHF	1
CASRGDTEAFF	1
CASRDGGNEKLFF	1
CASQDPSGVTDTQYF	1
CASQRTSRGGELFF	1
CASADRGRHQPQHF	1
CASASRAANEKLFF	1
CASGLAGERNTQYF	1
CASGSGETQYF	1
CASGIGNQPQHF	1
CASGDRVGYTF	1
CASGTGAGTNEKLFF	1
CASGYLRQNSPLHF	1
CASENRGTNTGELFF	1
CASIGAEGYTF	1
CASITGLSGNTIYF	1
CASIGGNTEAFF	1
CASMMAGGYGYTF	1
CASTVGLNQPQHF	1
CASTKDKYSPLHF	1
CASTSQSMNTEAFF	1
CASTYGDSGGTEAFF	1
CASTYTASMNTEAFF	1
CASTPGQYTEAFF	1
CASTPDRSYQPQHF	1
CASTPEPGGYYGYTF	1
CASTPAGDGEQFF	1
CASTRDNYGYTF	1
CASTRTVNYGYTF	1
CASTQGPTNTGELFF	1
CASTVGNYGYTF	1
CASTANMNTEAFF	1
CASTDRGGTEAFF	1
CASSFPGRVNTEAFF	1
CASSFAGTGELFF	1
CASSFADRAIEKLFF	1
CASSFGGTSPVVYGYTF	1
CASSFRRLNTEAFF	1
CASSFNRARGYTF	1
CASSFFAGPGELFF	1
CASSFSLGVNQPQHF	1
CASSFSGVLDEAFF	1
CASSFLRRGGYTF	1
CASSFQGGFRAEAFF	1
CASSFVGGDEAFF	1
CASSFEGTEAFF	1
CASSFIASPLELFF	1
CASSFMGGFEAFF	1
CASSFRLRAQHF	1
CASSLYPGQGNSPLHF	1
CASSLARILYGYTF	1
CASSLAGGRTEAFF	1
CASSLGGTPSGNTIYF	1
CASSLGNEKLFF	1
CASSLGWTTEAFF	1
CASSLGYGTEAFF	1
CASSLGGFNEKLFF	1
CASSLFGPGPGSPLHF	1
CASSLLRQNTEAFF	1
CASSLSFRGFGDTGELFF	1
CASSLSSWGGQGSTDTQYF	1
CASSLSVSLANTEAFF	1
CASSLSPWGTGSADTQYF	1
CASSLSGVGGYEQYF	1
CASSLSHLQGQEPLHF	1
CASSLSAGMGTEAFF	1
CASSLSEDYSNQPQHF	1
CASSLSMSGGNSPLHF	1
CASSLSKRQGGTNEKLFF	1
CASSLWSRTSYNQPQHF	1
CASSLWGGGGYGYTF	1
CASSLPTSDNQPQHF	1
CASSLRQTNEKLFF	1
CASSLVTRDYTF	1
CASSLALTGITEAFF	1
CASSLGANTGELFF	1
CASSLGAKNQPQHF	1
CASSLGGQGWTPLHF	1
CASSLGTPAGAFF	1
CASSLEGTNEKLFF	1
CASSLERVQPQHF	1
CASSLTTGEGYTF	1
CASSLSRGGGTEAFF	1
CASSLRAGGLGDSPLHF	1
CASSSSRDGYTF	1
CASSSSQVWTEAFF	1
CASSSSGTGQPQHF	1
CASSSPISSYNSPLHF	1
CASSSGAEAFF	1
CASSSLTGEVNEQYF	1
CASSSRDRANQPQHF	1
CASSSEIRGGKQPQHF	1
CASSSTENSPLHF	1
CASSSYQGGRRDTEAFF	1
CASSSTTGVNTEAFF	1
CASSSLTGDFTGELFF	1
CASSSLGTATLAKNIQYF	1
CASSSLASDTQYF	1
CASSSLMWGSGETQYF	1
CASSSRGGGNTIYF	1
CASSYLNSPLHF	1
CASSYPRDTSNGGYTF	1
CASSYLGGSTGELFF	1
CASSYSWTEGQPQHF	1
CASSYSGAQPQHF	1
CASSYSGGNGYTF	1
CASSYSVRGYGYTF	1
CASSYSVGSTGELFF	1
CASSYSGTGDQPQHF	1
CASSYSISPFEYGTEAFF	1
CASSYSTGWGNQPQHF	1
CASSYSTNSNQPQHF	1
CASSYSRQGLYGYTF	1
CASSYSEGAQGYTF	1
CASSYHAGGGSPLHF	1
CASSYVRLAGEGDTQYF	1
CASSYGNTEAFF	1
CASSYDLRLDTGELFF	1
CASSYDSGRVYEQYF	1
CASSYITDTQYF	1
CASSYTPPDSYYNEQFF	1
CASSYKGDNEKLFF	1
CASSLRGREPQHF	1
CASSLDRGAYGYTF	1
CASSLTFFYGYTF	1
CASSLGTGTGNTIYF	1
CASSPWVWGLLNQPQHF	1
CASSPGTGANYGYTF	1
CASSPNRGTGRMNTEAFF	1
CASSPQVRVTEAFF	1
CASSPTSKETQYF	1
CASSPSPQVGQPQHF	1
CASSPRNRGQGYGYTF	1
CASSPKTSGHGYTF	1
CASSPWDRADSPLHF	1
CASSPGQSSGNTIYF	1
CASSPHEGSPLHF	1
CASSPTTRNQPQHF	1
CASSRRREPGGELFF	1
CASSRGSHPHEQFF	1
CASSRTGVGDSPGYTF	1
CASSRRATIATGELFF	1
CASSRSGGAGNSPLHF	1
CASSHRDRGYGYTF	1
CASSQDREGNQPQHF	1
CASSVQGVSNQPQHF	1
CASSVSNNAYEQYF	1
CASSVQGARDTQYF	1
CASSVTGATEAFF	1
CASSAPLGDPLHF	1
CASSARVGDGNTEAFF	1
CASSAVTGYEQFF	1
CASSAALSGNTIYF	1
CASSARFETPLHF	1
CASSGFDREVYGYTF	1
CASSGADRPEKLFF	1
CASSGTGLHEKLFF	1
CASSGFRDTSTLHF	1
CASSDSLAMGTDTQYF	1
CASSDLRIAYGYTF	1
CASSDRPNLKPQHF	1
CASSDGGGATDTQYF	1
CASSDGREHTGELFF	1
CASSDRVWEKLFF	1
CASSEVGTQPQHF	1
CASSEGQGNSPLHF	1
CASSESHRGPTGELFF	1
CASSEYQGNYGYTF	1
CASSEYGRYEQYF	1
CASSEPGATEAFF	1
CASSEARTGHSPLHF	1
CASSEADHQPQHF	1
CASSEGQVRPQHF	1
CASSEGGAGGYSPLHF	1
CASSEDRVGNQPQHF	1
CASSEDAGQGVLVNEKLFF	1
CASSEDTGTASYEQYF	1
CASSETLNTEAFF	1
CASSERGSPLWGEQFF	1
CASSITGDYGYTF	1
CASSTPTGRVFF	1
CASSTGTPVPNQPQHF	1
CASSTGTGGGQPQHF	1
CASSTPDRLNTEAFF	1
CASSTDYSGNTIYF	1
CASSRGRTYNEQFF	1
CASSKGLNTEAFF	1
CASSFCFGDYDRHHSNQPQHF	1
CASSFPRLGVVGELFF	1
CASSFQGMNTEAFF	1
CASSFQGNTEAFF	1
CASSFGGYYGYTF	1
CASSFGTTESGYGYTF	1
CASSFGFEAFF	1
CASSFGLGEKLFF	1
CASSFGGGVIRNSPLHF	1
CASSFTGANTEAFF	1
CASSFTEQETQYF	1
CASSFRTQGLNTEAFF	1
CASSFPGAPYGYTF	1
CASSFPEKEDYTF	1
CASSFRQGNWGNTIYF	1
CASSFQVRQGYEQYF	1
CASSFGQGSNSPLHF	1
CASSLSSGNTYEQYF	1
CASSLWGASNQPQHF	1
CASSLYSSEAFF	1
CASSLQAGQGYSPLHF	1
CASSLVEAFF	1
CASSLASTEAFF	1
CASSLAWDRGNTEAFF	1
CASSLGGRSLYGYTF	1
CASSLGPREGYGYTF	1
CASSLGQGVNSPLHF	1
CASSLGGQGNQPQHF	1
CASSLGQGASEAFF	1
CASSLSEAFF	1
CASSLRRNYGYTF	1
CASSLRTGDLYGYTF	1
CASSLLLGQGSDFGETQYF	1
CASSLSPGEFMREQYF	1
CASSLSPGYEKLFF	1
CASSLYTGLDEQFF	1
CASSLPTGVETEAFF	1
CASSLPRMNNSPLHF	1
CASSLHRSNQPQHF	1
CASSLQLSGNTIYF	1
CASSLQSSYNEQFF	1
CASSLVLSGAEAFF	1
CASSLVLGQRPTEAFF	1
CASSLVRSQPQHF	1
CASSLVRDQPQHF	1
CASSLVNRIGGYTF	1
CASSLVYLGNTIYF	1
CASSLVQATNSPLHF	1
CASSLVASNVAGELFF	1
CASSLVDYYEQYF	1
CASSLAGGSGDGTDTQYF	1
CASSLALSMNTEAFF	1
CASSLAPTGAGNTIYF	1
CASSLAGDRAQYF	1
CASSLAELLKTNEKLFF	1
CASSLAEGEAFF	1
CASSLASLGGQPQHF	1
CASSLAGGGTEAFF	1
CASSLGSGAKNIQYF	1
CASSLGNQPQHF	1
CASSLGRAAFF	1
CASSLGQGLDYGYTF	1
CASSLGQGTGIHF	1
CASSLGVTGSSNQPQHF	1
CASSLGAFPGELFF	1
CASSLGGGNTIYF	1
CASSLGGGGNTEAFF	1
CASSLGGSSEAFF	1
CASSLGTHNSPLHF	1
CASSLGTFKNIQYF	1
CASSLGTNYGYTF	1
CASSLGLSEMGDTQYF	1
CASSLGRTSTPKDGYTF	1
CASSLGQGALGYTF	1
CASSLGVQPQHF	1
CASSLGGEGQGAHQPQHF	1
CASSLGGGRDQPQHF	1
CASSLGGQPGNTIYF	1
CASSLGEGLRYGYTF	1
CASSLDPGATGNTIYF	1
CASSLDGQGGTGELFF	1
CASSLDIVNTEAFF	1
CASSLDTTNEKLFF	1
CASSLDRGPFYEKLFF	1
CASSLEVLMGQRNQPQHF	1
CASSLEDTSYEQYF	1
CASSLETGGGSEAFF	1
CASSLETTNEQYF	1
CASSLESSGNTIYF	1
CASSLESGMSYEQYF	1
CASSLEGVRGYTF	1
CASSLITGVNSPLHF	1
CASSLTGNEKLFF	1
CASSLTAQVNYGYTF	1
CASSLSPDGNTIYF	1
CASSLNGYSGNTIYF	1
CASSLNRGFTEAFF	1
CASSLNRGGSNSPLHF	1
CASSSLINTEAFF	1
CASSSGGKGSPLHF	1
CASSSSPLGFMASPLHF	1
CASSSYIDTQYF	1
CASSSPGIVSGNTIYF	1
CASSSPGGADTGELFF	1
CASSSPGEEKAFF	1
CASSSQGGALTEAFF	1
CASSSGEQPQHF	1
CASSSTLDTYYGYTF	1
CASSSTSGEQYF	1
CASSSRGGPVGYTF	1
CASSSGQRNEKLFF	1
CASSSDADSYEQYF	1
CASSSTGRAEAFF	1
CASSSRTAYNSPLHF	1
CASSSNTNYGYTF	1
CASSSPLGTIYF	1
CASSSQGRLFF	1
CASSSGTGQPQHF	1
CASSSDRTTIYF	1
CASSWAADSYGYTF	1
CASSWGDTEAFF	1
CASSWGQGGAEAFF	1
CASSWDSYSPLHF	1
CASSWDRATEAFF	1
CASSWTYTDTQYF	1
CASSWTGGGSPLHF	1
CASSWREGRANTEAFF	1
CASSYETGYNSPLHF	1
CASSYRETQYF	1
CASSYWTGTGDTEAFF	1
CASSYPGGSYEGYTF	1
CASSYPTGRATEAFF	1
CASSYRASRHF	1
CASSLSQGIIYGYTF	1
CASSLSRQMNTEAFF	1
CASSLRTGRNEKLFF	1
CASSLPGSGNTIYF	1
CASSLQPLDTIYF	1
CASSLKTGFESPLHF	1
CASSLQNTGELFF	1
CASSLGPEATLHF	1
CASSLGQGVEDNQPQHF	1
CASSLDRGVYGYTF	1
CASSLTDFTYSYNSPLHF	1
CASSLFLVNTEAFF	1
CASSLGTGNTEAFF	1
CASSLRTDNQPQHF	1
CASSPPAGTGNTIYF	1
CASSPRPGNYGYTF	1
CASSPSRGGLITGELFF	1
CASSPKRGTSPLHF	1
CASSPFTGYGNTIYF	1
CASSPSGNTIYF	1
CASSPSPGRSAGELFF	1
CASSPSHRLRLTTHSNQPQHF	1
CASSPSGRISGYTF	1
CASSPYQGLNSNQPQHF	1
CASSPPGTSEKLFF	1
CASSPPAGTYNEQFF	1
CASSPPGQSLSNQPQHF	1
CASSPRTTGVEAFF	1
CASSPQKESWEKLFF	1
CASSPGQTYGYTF	1
CASSPTRLRTGNTIYF	1
CASSPSLGAGYEQYF	1
CASSPRFRNTEAFF	1
CASSPGGASLLF	1
CASSPGGIVPEAFF	1
CASSPGLAGSNTGELFF	1
CASSPGQGRDTEAFF	1
CASSPTGTEDGYTF	1
CASSPTGSGNTIYF	1
CASSPKWGRSYGYTF	1
CASSPPYVDTQYF	1
CASSPRDRGRDMNTEAFF	1
CASSPTGSNQPQHF	1
CASSPNRVPNSPLHF	1
CASSRSPTGLRNTIYF	1
CASSRDENTEAFF	1
CASSRTGINQPQHF	1
CASSRLTEPQHF	1
CASSRPPGSYTEAFF	1
CASSRQPYSNQPQHF	1
CASSRDRGRHGYTF	1
CASSRTSVAGGTDTQYF	1
CASSRRGRRQGETEAFF	1
CASSRAATNEKLFF	1
CASSRGWDRDWIVLSYTF	1
CASSRGQRNYGYTF	1
CASSRDRATNYGYTF	1
CASSRTNEKLFF	1
CASSRLLGVMEKLFF	1
CASSRREETQYF	1
CASSRRGTGDLIDGYTF	1
CASSHQGIDQPQHF	1
CASSHSQGYYGYTF	1
CASSHDPRGGEQFF	1
CASSHDRSTNEKLFF	1
CASSQGQTELFF	1
CASSQSGTGPHQPQHF	1
CASSQLPGQLNYGYTF	1
CASSQLYRESNQPQHF	1
CASSQRGGTYGYTF	1
CASSQRAGEKLFF	1
CASSQVWGTEAFF	1
CASSQVIRDRTAPENYGYTF	1
CASSQAGTGGLFGVSPLHF	1
CASSQAQPRDTDTQYF	1
CASSQGFVGELFF	1
CASSQGGVGDGYTF	1
CASSQGEGHQETQYF	1
CASSQGTSTDTQYF	1
CASSQGSLNTEAFF	1
CASSQGQAYSPLHF	1
CASSQDGDARGYSPLHF	1
CASSQDGGFMNTEAFF	1
CASSQDTGVTDTQYF	1
CASSQDRAWGGFNYGYTF	1
CASSQEGYRGYTF	1
CASSQEGPLNTEAFF	1
CASSVMRDTEAFF	1
CASSVWSRGYTF	1
CASSVQQESRAEAFF	1
CASSVRGAYNSPLHF	1
CASSVWHWPAGELFF	1
CASSVAGMRYTGELFF	1
CASSVASSGITDTQYF	1
CASSVGGADTQYF	1
CASSVGHDIRETQYF	1
CASSVGTSGGADTQYF	1
CASSVDLVNEQFF	1
CASSVEIGSTEQFF	1
CASSARGPDEKLFF	1
CASSATFGAGELFF	1
CASSASGPQHF	1
CASSARDGGTEAFF	1
CASSATPGGAQYF	1
CASSAVSDTQYF	1
CASSAHPVVSEAFF	1
CASSAADWTSAYGYTF	1
CASSANKEAVSAEAFF	1
CASSGYGGEKLFF	1
CASSGRYEQYF	1
CASSGSGTGIYGYTF	1
CASSGDRGRNYGYTF	1
CASSDPGGGTEAFF	1
CASSDQKWGVNYGYTF	1
CASSDPRTTAYGYTF	1
CASSDHTRGSNQPQHF	1
CASSEGLETDTQYF	1
CASSILMNTEAFF	1
CASSIRRSYGYTF	1
CASSIGTGDPLHF	1
CASSMDTLTGELFF	1
CASSMDRAEANTGELFF	1
CASSIRPMTNTEAFF	1
CASSTYRGLHGYTF	1
CASSTLTTNQPQHF	1
CASSTGTGSSGGYTF	1
CASSTRGRSNEKLFF	1
CASSTGLAGGNEQFF	1
CASSTWKYGYTF	1
CASSSGLPAPLHF	1
CASSRRQVWYGYTF	1
CASSNPGRDEAFF	1
CASSKLTPDYGYTF	1
CASSKPPGSSPTANTEAFF	1
CASSKAPADPANTGELFF	1
CASSKGAGGPTDTQYF	1
CASRFSGRAYEQYF	1
CASRSGQFYGYTF	1
CASRWEDTEAFF	1
CASRPPSGELFF	1
CASRPRGIEAFF	1
CASRPNSNQPQHF	1
CASRVHFKAFF	1
CASRVTPNTEAFF	1
CASRATESHNSPLHF	1
CASRAWLAGGHTQYF	1
CASRGQGGLSPLHF	1
CASRGGGMWLF	1
CASRGGRGYTF	1
CASRGDSGLNTEAFF	1
CASRGTGGAAEAFF	1
CASRDYRDDQPQHF	1
CASREFLHRNPNYGYTF	1
CASRIGETEAFF	1
CASRIQGAHTEAFF	1
CASRTRGETNYGYTF	1
CASRTAGGRANTEAFF	1
CASRTRTLTEAFF	1
CASRRWDRGHTNEKLFF	1
CASRRDPNTEAFF	1
CASRNVPTNEKLFF	1
CASRFGSGNAFF	1
CASRYGRENQPQHF	1
CASRLSNTGELFF	1
CASRLGHSNQPQHF	1
CASRRPDLDYNSPLHF	1
CASRRPDGYNQPQHF	1
CASRATASPLHF	1
CASRASRGRGTEAFF	1
CASRAQGYNSPLHF	1
CASRISGRYNEQYF	1
CASRRTPELYGDQPQHF	1
CASNYGNNQPQHF	1
CASKGGQAFF	1
CASKGGRNTEAFF	1
CASKTGGGFTDTQYF	1
CASKLDGTRNEKLFF	1
CASKGGSFYNSPLHF	1
CAEAGSGDVNYGYTF	1
CASRAPNTGELFF	1
CAAGDGTEAFF	1
CAGAPGFNQPQHF	1
CATTGDGNSPLHF	1
CASSDTPGTNQAKLFF	1
CASHAWGPVTRNEKLFF	1
CASSPPLVTSGNTIYF	1
CASSDGNYGYTF	1
CASHRTGAMNTEAFF	1
CASARDRDNSPLHF	1
CASAWGWDSEAFF	1
CASIRANTGELFF	1
CASTSQLDRTSRGTIYF	1
CASTLVGDYNEQFF	1
CASTAGNGYTF	1
CASSFRLMNTEAFF	1
CASSSNRGQAETQYF	1
CASSLGQGYGYTF	1
CASSPTTGPAGETQYF	1
CASSQVVGQPQHF	1
CASSATYEQYF	1
CASSATLGHQPQHF	1
CASSGSTAGGFGSPLHF	1
CASSDFKRAGELFF	1
CASSELGSIAKNIQYF	1
CASSFWSGSQPYGYTF	1
CASSFGDRNQPQHF	1
CASSFYGSSYNSPLHF	1
CASSFRRAREKLFF	1
CASSFGSSGNTIYF	1
CASSFGTTEAFF	1
CASSFDRASPLHF	1
CASSFKAGTEAFF	1
CASSLSQDTIYF	1
CASSLLTNYGYTF	1
CASSLRLLDGAEAFF	1
CASSLVGGMNTEAFF	1
CASSLVSNYGYTF	1
CASSLANSPLHF	1
CASSLAGRYTEAFF	1
CASSLAAGIGEKLFF	1
CASSLAGRFPYGYTF	1
CASSLGFGSNQPQHF	1
CASSLGPVNTEAFF	1
CASSLGQPTEAFF	1
CASSLGAAEAFF	1
CASSLGTEVMNTEAFF	1
CASSLGRSRPNTEAFF	1
CASSLGQGPYNEKLFF	1
CASSLGQGVGEKLFF	1
CASSLGDRGNQPQHF	1
CASSLDRASGNTIYF	1
CASSLEWGGNEKLFF	1
CASSLEGLGPEKLFF	1
CASSLIGATNEKLFF	1
CASSLTDTEAFF	1
CASSLTGYTEAFF	1
CASSLTGGLSSYNSPLHF	1
CASSLTEESEQYF	1
CASSLRGVHTEAFF	1
CASSLGQGQQPQHF	1
CASSLMPGSEAFF	1
CASSSGLDSSLRLAGYTF	1
CASSSWTGNTEAFF	1
CASSSTTDSNSPLHF	1
CASSSGQGGIRSEKLFF	1
CASSSTGNKGYTF	1
CASSWTGQDHGYTF	1
CASSWTGAGTEAFF	1
CASSWRGISPLHF	1
CASSYSGDSNQPQHF	1
CASSLSGGANTGELFF	1
CASSLRGTVMNTEAFF	1
CASSLKKDSPLHF	1
CASSLGTEDMNTEAFF	1
CASSPLQGVGSPLHF	1
CASSPPSSWGEAFF	1
CASSPRAEGYTF	1
CASSPGTDYGYTF	1
CASSPDRVNYGYTF	1
CASSPRSSGNTIYF	1
CASSPQVLNTEAFF	1
CASSPQTNPDTEAFF	1
CASSRLWGMNEKLFF	1
CASSHTSVSGNTIYF	1
CASSHLTGKRYNSPLHF	1
CASSHPTRRPGELFF	1
CASSHEDRVWSTREKKLFF	1
CASSQAQGGEAFF	1
CASSQENRDQPQHF	1
CASSQRPGQGYGPQHF	1
CASSQYGGNGYTF	1
CASSQLTGRNGYTF	1
CASSQLWMGEKLFF	1
CASSQPRQGWYGYTF	1
CASSQVRQSNQPQHF	1
CASSQVASGLYEQYF	1
CASSQVTGNQPQHF	1
CASSQGSNSPLHF	1
CASSQGPDPNEKLFF	1
CASSQDRTVKNEKLFF	1
CASSQDRTGWSGYTF	1
CASSQDGRGVTQYF	1
CASSQDEQGYGNTIYF	1
CASSQDTWGILSGQPRSYGYTF	1
CASSQDGTEDQPQHF	1
CASSQEVSGSPMVRGNEQFF	1
CASSQENRQAYGYTF	1
CASSQRPWTTNYGYTF	1
CASSQRTGGPQDTQYF	1
CASSQKYRTGPNQPQHF	1
CASSAPSGNSPLHF	1
CASSAQGDTEAFF	1
CASSAGTEDTQYF	1
CASSGGTQDNSPLHF	1
CASSGYGSSNSPLHF	1
CASSGGGEKLFF	1
CASSEGFGAFF	1
CASSERQGWNTEAFF	1
CASSIGARSYNSPLHF	1
CASSMQGGRTEAFF	1
CASSTGNQGTSEKLFF	1
CASSTGQATEAFF	1
CASSTGQGDLDTIYF	1
CASSNAGTGNTGELFF	1
CASSNQRATNEKLFF	1
CASSKDSANQPQHF	1
CASRPSATRNTEAFF	1
CASRPGQASVEKLFF	1
CASRAGTQVNTEAFF	1
CASRNVDGYTPNTEAFF	1
CASRKDRGQSRSEAFF	1
CASRGAGNYGYTF	1
CASRNDRNTEAFF	1
CASNYAGPNTGELFF	1
CSVEVGGHQYSGNTIYF	1
CSVGTGSQPQHF	1
CSVDGYNSPLHF	1
CSALGRVSNQPQHF	1
CSASAVGSPLHF	1
CSAPQGAHEKLFF	1
CSAPLPVLKGPYGYTF	1
CSAREDRVNYGYTF	1
CSARTLNRRIYRYGYTF	1
CSAVSGGNTGELFF	1
CSAVDSPLGNQPQHF	1
CSAVDSGKDNTEAFF	1
CSAAADLLRGGYTF	1
CSAGRRDVGIEKLFF	1
CSADREKLFF	1
CSAMPHRGTEAFF	1
CSAMAVGQGGYGYTF	1
CSATLAGGHEKLFF	1
CSATRDRASPLHF	1
CSATAGQGAGQPQHF	1
CSATGTGGRQPQHF	1
CSATEQGGSREAFF	1
CSATTGTTQYF	1
CSASLVNSNQPQHF	1
CSASLGDYEQYF	1
CSASPGEGYTF	1
CSASGPGRRRGEKLFF	1
CSASGVSNQPQHF	1
CSASTTGMELYAQPQHF	1
CSASMLTGELFF	1
CSASNTEAFF	1
CSARPHTDTQYF	1
CSARGGDGYTEAFF	1
CSARGTDGTSNSPLHF	1
CSARHSLDGFYGYTF	1
CSARVYGGWYTEAFF	1
CSARVGGSNQPQHF	1
CSARAGPMGNQPQHF	1
CSARAGGPYEQYF	1
CSARGGSGAPDTQYF	1
CSARGLPGPGAFF	1
CSARGGFGYTF	1
CSARDWWTLNYGYTF	1
CSARDLLGDNSPLHF	1
CSARDLSRQGHNSPLHF	1
CSARDPKTGGTNTEAFF	1
CSARDHKVGRGLDEAFF	1
CSARDQGDYGYTF	1
CSARDISDTQYF	1
CSARDRVVLTQPQHF	1
CSARDRGARGNTEAFF	1
CSARDRGAVDTEAFF	1
CSARDNWGTSNQPQHF	1
CSARDPLQGNVEAFF	1
CSAREYRVGTDTQYF	1
CSARETGESYGYTF	1
CSAREGQLGYTF	1
CSASDTNTEAFF	1
CSAWKGGELFF	1
CSALPVAGGPNTGELFF	1
CSARRDRGYEKLFF	1
CSARAEGGLSGNTIYF	1
CSARDRYTGELFF	1
CSAQDKQGEGNQPQHF	1
CSAQPGTGYSPLHF	1
CSAMVGGDSRNQPQHF	1
CSARYTGLAGELFF	1
CSAKRTGRETQYF	1
CSAPPTGQPNYGYTF	1
CSAAALAGGLPYEQYF	1
CSVYGGRTEAFF	1
CSVLTGSFGQPQHF	1
CSVLGTKTQYF	1
CSVQTGGTTNEKLFF	1
CSVQTGNYGYTF	1
CSVVSGQFYEQYF	1
CSVVNRLGQGGGYTF	1
CSVAQGYGYTF	1
CSVAGVDGYTF	1
CSVGDETESNTIYF	1
CSVGGTGGGQPQHF	1
CSVGERGLEKLFF	1
CSVGEQGNQPQHF	1
CSVDLTGGNTEAFF	1
CSVDTPLRAFF	1
CSVDSGAGNTIYF	1
CSVDRDRLGYTF	1
CSVDGGPRNYGYTF	1
CSVDGGQGIEKLFF	1
CSVEGWGDESEQYF	1
CSVEGQGSSKYF	1
CSVEEEETGFGYTF	1
CSVEWVGQDYGYTF	1
CSVEWRSGELFF	1
CSVEHLGQGYTF	1
CSVEGRLVTEAFF	1
CSVEDRQGVYDGYTF	1
CSVERQGDYGYTF	1
CSVTTGAGSNQPQHF	1
CSVNRGTTDTQYF	1
CSVYETGSSEKLFF	1
CSVPRGEKLFF	1
CSVDQGVNTEAFF	1
CSVTGDTGELFF	1
CSVVRSGNTIYF	1
CSVVEVGANTGELFF	1
CSVEYRWTGSYQETQYF	1
CSVAGAAEAFF	1
CSALKATGYYGYTF	1
CSARGQLGTEAFF	1
CSAGEVTEKLFF	1
CSARTGVGYTF	1
CSAVDSLHYGYTF	1
CSGYRDPGYTF	1
CSIAQGQSYEQYF	1
RASTQSGSTLSNQPQHF	1
RASSLYSSGQPQHF	1
RASSLRSPVMNTEAFF	1
CASSGLKAGGPLSYNEQFF	3
CAWSKQGVDTGELFF	2
CAVPGQGAQSSYNEQFF	2
CAILDWSSYEQYF	2
CAISESKPWKGYEQYF	2
CAIRAETGGGRGNEQFF	2
CATSSRLGVYNEQFF	2
CATSDLVRGNLNEQFF	2
CATSRARGAPRELFF	2
CATVDGEQFF	2
CASTLGETQYF	2
CASTNLDYHGRLEQYF	2
CASSFREGSSSYEQYF	2
CASSFKLAGDQETQYF	2
CASSLGLQETQYF	2
CASSLIGFANTGELFF	2
CASSLALAGGRQETQYF	2
CASSLGGNTEAFF	2
CASSLTGTPIQYF	2
CASSLREGRDTGELFF	2
CASSSYLLHANTEAFF	2
CASSSQANTGELFF	2
CASSYSPEHSSYNEQFF	2
CASSYPGDQPQHF	2
CASSYPAGGGGFSYEQYF	2
CASSRPRYNEQFF	2
CASSESPGADTQYF	2
CASSEFGTGDTYEQYF	2
CASSEALSGGPSTDTQYF	2
CASSTRTSGLRNEQFF	2
CASSSPTGAWREQYF	2
CASSLQQGNNQPQHF	2
CASSLGTYIQETQYF	2
CASSPTLLPQQFF	2
CASSPLGGGAPGELFF	2
CASSPRGYYTGELFF	2
CASSPPGRGDTEAFF	2
CASSRPGGGSNEKLFF	2
CASSQVYGGTEAFF	2
CASSQDWPSGSNEQFF	2
CASSQERGRRYEQYF	2
CASSNLGGSTEAFF	2
CASRVQGTSSTDTQYF	2
CASRRYRDEETQYF	2
CASRAPGQGFYAEQFF	2
CASRDSGGKTYNEQFF	2
CASNPYGNTGELFF	2
CASIRGAEGELFF	2
CASSPPSGVYEQYF	2
CASSLVPDRELFF	2
CASSLAQSIYNEQFF	2
CASSLAGGASQPQHF	2
CASSLSGGTYEQYF	2
CASSSLAGGGYNEQFF	2
CASSSAGNSYEQYF	2
CASSPPTSGGDTDTQYF	2
CASSPTLGTFNEQFF	2
CASSQLLYSNQPQHF	2
CASSQGLTDEQFF	2
CASSQRLAGGYEQYF	2
CASSAGARGNTGELFF	2
CASRAVGQASTDTQYF	2
CSASDLDTQYF	2
CSARSREGQFYNEQFF	2
CSVLTASTDTQYF	2
FSVEDPEGPLCPYF	1
CSSSSSDRVNQPQHF	1
CALGGALYTEAFF	1
CASGLRQGAEAFF	1
CASAQAGGPANTGELFF	1
CAWTGNNYGYTF	1
CAWSVYQGEGYTF	1
CAWRGRRNQPQHF	1
CAWRGTGNQPQHF	1
CAPNARKQGHTKLYGYTF	1
CAVLSGAGGEQYF	1
CAVGGTGRGNGYTF	1
CAVDGGQVRSPLHF	1
CAADRVRNTEAFF	1
CAIPSGRFYEQYF	1
CAIRNPKGSSYEQYF	1
CAIGVITYEQYF	1
CAIEPGTGDGYTF	1
CAITRAGYGYTF	1
CAITRDRSTGELFF	1
CAISPRSEDTQYF	1
CAISPVRQATNTGELFF	1
CAISVGGSNTGELFF	1
CAISVVTDNQPQHF	1
CAISGGLAATGELFF	1
CAISGDNNQPQHF	1
CAISGGFDTGELFF	1
CAISDPTSKDRGPNYGYTF	1
CAISDPGLGGYTF	1
CAISDQQGDEGSPLHF	1
CAISDAGKSSYEQYF	1
CAISDTSTGELFF	1
CAISESRGTYNEQFF	1
CAISESEEWNYGYTF	1
CAISESINSPLHF	1
CAISESAERNNEQFF	1
CAISESDVNYGYTF	1
CAISEWDRPKQEDTEAFF	1
CAISEYPPGTVRYGYTF	1
CAISEPGGGPGSNQPQHF	1
CAISEPNERTTEAFF	1
CAISEVAGDSPLHF	1
CAISEAGSYGYTF	1
CAISEGGRNSPLHF	1
CAISENDRAGNQPQHF	1
CAISELSNTGELFF	1
CAISEGLDYEQYF	1
CAISTSGRAYEQYF	1
CAISSVGTGKGNTIYF	1
CAISPLGPDTQYF	1
CAISRDRGGETQYF	1
CAISGGAGTGELFF	1
CAISDRGGQPQHF	1
CAISETNRVHEQYF	1
CAIRGPNTGELFF	1
CAIRGGWLEETQYF	1
CAIRGTGGENGYTF	1
CAIRGLGISTDTQYF	1
CAIRDRRQNTGELFF	1
CAIRTSERDEQYF	1
CAIRRVGEPGELFF	1
CAIRQVNTEAFF	1
CAIRTLAGVLGELFF	1
CAIQTGADYGYTF	1
CATYPSGTGEGLSNQPQHF	1
CATRQGRGELFF	1
CATLPGQGADTQYF	1
CATSGQGGPYSNQPQHF	1
CATRLAANTGELFF	1
CATQDGASTDTQYF	1
CATGRTGTGYEQYF	1
CATGTGSSYEQYF	1
CATGQTQTDTQYF	1
CATSLAGSTDTQYF	1
CATSAGALNEKLFF	1
CATSDFDGYTGELFF	1
CATSDLLRSGGSGELFF	1
CATSDSPGQGDTEAFF	1
CATSDSRTETGELFF	1
CATSDSGQNSPLHF	1
CATSDPRGANTEAFF	1
CATSDPTGDGYQPQHF	1
CATSDGSNQPQHF	1
CATSDPSKSNYGYTF	1
CATSDHSGGDQPQHF	1
CATSDGRGNGNQPQHF	1
CATSERRQGANYGYTF	1
CATSRQMNTEAFF	1
CATSQTRTQYF	1
CATSVLAGGTDTQYF	1
CATSSDRDTDTEAFF	1
CATSRPEKLDRPNEQFF	1
CATSRQNQGDYMNTEAFF	1
CATSRSKETQYF	1
CATSRVGGGPTGELFF	1
CATSRGGALLTNSPLHF	1
CATSRDLLRRGPRGETQYF	1
CATSRDQGVSQPQHF	1
CATSRDNAAGLAVLNIQYF	1
CATSRDKDTGLIYNYGYTF	1
CATSRESGFYEQYF	1
CATRPRGSDYGYTF	1
CATSPVGRTEAFF	1
CATTGGDTQYF	1
CASQWTGGAEAFF	1
CASSPPLAHEQFF	1
CASSVLNGYTF	1
CASSTGWDSHQPQHF	1
CASSPGTSGNTIYF	1
CASFGSTQYF	1
CASFHSWEAGIYYGYTF	1
CASLGTGYHTEAFF	1
CASSLKTPNTEAFF	1
CASSLRESNSPLHF	1
CASSGGNTGLYGYTF	1
CASSPPVTARGYTF	1
CASSPGGGLGNTIYF	1
CASSQQGAENTEAFF	1
CASSVSGDLEQFF	1
CASCCGLLNTGELFF	1
CASCHREKEKLFF	1
CASYRGLGPGTEAFF	1
CASYKLQGTGELFF	1
CASLLHGLGTDEAFF	1
CASLVGVTDTEAFF	1
CASRWGTANTGELFF	1
CASRPGAGNTIYF	1
CASRRGQGDYGYTF	1
CASRNDRVLNSPLHF	1
CASQIRRFYNSPLHF	1
CASQRAGVGETQYF	1
CASAWGSTQYF	1
CASAGEVSSEQYF	1
CASAPRRGGEQYF	1
CASGSARDSPLHF	1
CASGSWGSSYEQYF	1
CASGLVNHEQFF	1
CASDGGSYNSPLHF	1
CASIFQGNTEAFF	1
CASIEAPWAEFYEQYF	1
CASINGQLNTEAFF	1
CASMQGRSVQDYGYTF	1
CASTTGGGGYTF	1
CASTLWTGYRGGYTF	1
CASTLSANYGYTF	1
CASTLGLAGGGYEQYF	1
CASTLEATGVIELFF	1
CASTLGVGGNSPLHF	1
CASTPTVSNEKLFF	1
CASTPTDYNSPLHF	1
CASTPPWPDGGNSPLHF	1
CASTRLGELGAFF	1
CASTADRMNTEAFF	1
CASTTSGTKNTGELFF	1
CASTKGGSGPHGYTF	1
CASTAGVSTDTQYF	1
CASTANTGELFF	1
CASSFSAGGYDYTF	1
CASSFPRAGNTEAFF	1
CASSFRQGYGYTF	1
CASSFGQGIRLGNTIYF	1
CASSFGQNYGYTF	1
CASSFRGEKLFF	1
CASSFYRGLNGGYTF	1
CASSFPPEDQPQHF	1
CASSFRGSSNQPQHF	1
CASSFQGSPLHF	1
CASSFVAAQETQYF	1
CASSFGNPEAFF	1
CASSFGASDQPQHF	1
CASSFGQSNSPLHF	1
CASSFTPQPQHF	1
CASSFNSGNTIYF	1
CASSFNGGHGYTF	1
CASSLRDHGTDLGNTIYF	1
CASSLVQDGYTF	1
CASSLVGRLAGVLETQYF	1
CASSLGGTGELFF	1
CASSLGTENTEAFF	1
CASSLTLGGNTIYF	1
CASSLTGGGNQPQHF	1
CASSLFRGTYGYTF	1
CASSLLFSGENNQPQHF	1
CASSLLARREPQHF	1
CASSLSLVGSPLHF	1
CASSLSGLVVGRAGPLHF	1
CASSLSGNQPQHF	1
CASSLSPLHF	1
CASSLSGTGGALLFF	1
CASSLWVVGNTIYF	1
CASSLWAGPYQPQHF	1
CASSLWGGNQPQHF	1
CASSLYQTGIEAFF	1
CASSLYGTGNTEAFF	1
CASSLLLSGNTIYF	1
CASSLLRTDTSTDTQYF	1
CASSLLQGADYGYTF	1
CASSLRGQGNNQPQHF	1
CASSLRGNYGYTF	1
CASSLRLEGTEAFF	1
CASSLHAGASEAFF	1
CASSLHRNYGYTF	1
CASSLQKNTEAFF	1
CASSLVHGSRIHTEAFF	1
CASSLVRLQGTEAFF	1
CASSLVARGAEAFF	1
CASSLAANYGYTF	1
CASSLGHLAFF	1
CASSLGQGANEKLFF	1
CASSLGGAGKAFF	1
CASSLGTGGAGQPQHF	1
CASSLGQENTEAFF	1
CASSLDGTARDTEAFF	1
CASSLEMGDSNQPQHF	1
CASSLERPNTEAFF	1
CASSLMSRQGEAFF	1
CASSLMARTSNSPLHF	1
CASSLRLGNQPQHF	1
CASSLNSFSGNTIYF	1
CASSLNQRTEAFF	1
CASSLKAGHTEAFF	1
CASSSLQETQYF	1
CASSSQGSPGNTIYF	1
CASSSPRSNQPQHF	1
CASSSRFSGTPDTQYF	1
CASSSGQGALNQPQHF	1
CASSSGLEAFF	1
CASSSGQGAEAFF	1
CASSSTGIGYTF	1
CASSWRAGYNQPQHF	1
CASSYSGGGNTIYF	1
CASSYSGNMNTEAFF	1
CASSYGWGNQPQHF	1
CASSYDRGYAEAFF	1
CASSYTGTGDQPQHF	1
CASSYNPLENEQFF	1
CASSYSPGGTNEKLFF	1
CASSYSQAVDSPLHF	1
CASSYSGQSDGGYTF	1
CASSYSRGTEAFF	1
CASSYSYGTGGDGYTF	1
CASSYSREANTYEQYF	1
CASSYSRTGPYEQYF	1
CASSYSRSTDTQYF	1
CASSYSQGDNEQFF	1
CASSYSVSGRPNTGELFF	1
CASSYSNNIGKAYNSPLHF	1
CASSYSNQGEYGYTF	1
CASSYSNRDNSPLHF	1
CASSYSQGVNTEAFF	1
CASSYSTGALDEQYF	1
CASSYSSFYGYTF	1
CASSYYMGAKGGYTF	1
CASSYLGEKLFF	1
CASSYLASSTEAFF	1
CASSYRDRGYGYTF	1
CASSYRDNYGYTF	1
CASSYREGRADSPLHF	1
CASSYHRDYGYTF	1
CASSYQTPYNSPLHF	1
CASSYAQSGGYTF	1
CASSYAGGGRFF	1
CASSYAGGEMNIQYF	1
CASSYGKSNQPQHF	1
CASSYDTSGNTIYF	1
CASSYEDYGYTF	1
CASSYRVLNSPLHF	1
CASSYRETEAFF	1
CASSLEAYGYTF	1
CASSLTSGGLDNQPQHF	1
CASSLLGQGRTEAFF	1
CASSLNGGTEAFF	1
CASSPQGDYGYTF	1
CASSPRTENTEAFF	1
CASSPGQDKWDTQYF	1
CASSPGTSGVGQTQYF	1
CASSPIRQGRDTEAFF	1
CASSPTSTEAFF	1
CASSPGQGAYGYTF	1
CASSPTSAPDTQYF	1
CASSRAGNTIYF	1
CASSRFGVEAFF	1
CASSRDEGFEAFF	1
CASSRDRANYGYTF	1
CASSRGGLVAFF	1
CASSRIDNYGYTF	1
CASSHRQGYQPQHF	1
CASSHQGESNQPQHF	1
CASSHGGGTGELFF	1
CASSHGPRSSYGYTF	1
CASSQIGADTQYF	1
CASSQNTEAFF	1
CASSQLPSYGYTF	1
CASSQGWTDTQYF	1
CASSVLLEWAYGYTF	1
CASSVTDSSGNTIYF	1
CASSVREDQPQHF	1
CASSVTGNRPEAFF	1
CASSVRDSHSPLHF	1
CASSVRTEGQPQHF	1
CASSVVERPTQYF	1
CASSAWDRGNYGYTF	1
CASSAPEGPGSPLHF	1
CASSAPTGLLSEQFF	1
CASSAGPNTEAFF	1
CASSAMGTGSTEAFF	1
CASSGGQGFLNEQYF	1
CASSGGGATDTQYF	1
CASSGAVRAGYTF	1
CASSGGFNQPQHF	1
CASSGTGVTYNSPLHF	1
CASSGRQGTYNEQFF	1
CASSGANAYEQYF	1
CASSGGGRNEKLFF	1
CASSGGQVPYGYTF	1
CASSDSGQGAGGQPQHF	1
CASSDSMGNQPQHF	1
CASSDGPVGEQFF	1
CASSDSVGSTDTQYF	1
CASSDSGTDTQYF	1
CASSDSTSGSTDTQYF	1
CASSDPGELFF	1
CASSDGQSSYNSPLHF	1
CASSDGDTGELFF	1
CASSDTSGGANEQFF	1
CASSDSATNEKLFF	1
CASSELGLIYEQYF	1
CASSEGGYTRPQHF	1
CASSEGWDNLNEKLFF	1
CASSETSGGSNEQFF	1
CASSELWRGTEAFF	1
CASSESVAGGETQYF	1
CASSESGGRYYNEQFF	1
CASSESGYNQPQHF	1
CASSEPRARGETDTQYF	1
CASSERRPGELFF	1
CASSEHGLRGDRATEAFF	1
CASSEVGANTIYF	1
CASSEVGKAGNTIYF	1
CASSEARGYQETQYF	1
CASSEAIEGNTIYF	1
CASSEGGQYTGELFF	1
CASSEGRGTEAFF	1
CASSEDRQAGWSPLHF	1
CASSEDETGAQETQYF	1
CASSEKGIGSNQPQHF	1
CASSIPGAGTGELFF	1
CASSMLELNTEAFF	1
CASSTLNTGELFF	1
CASSTHGAISNTEAFF	1
CASSTDILNTGELFF	1
CASSTDSLLRPQHF	1
CASSTTPGNQDTGELFF	1
CASSRAGDYGYTF	1
CASSRYRGNEKLFF	1
CASSRDRDSGNTIYF	1
CASSRTDRCGQPQHF	1
CASSKLSEAFF	1
CASSFYPSVKLFF	1
CASSFLRPDHSPLHF	1
CASSFGGTEAFF	1
CASSFDRGREAFF	1
CASSFRGTGDEKLFF	1
CASSFSGTSGADTQYF	1
CASSFSGTGHYGYTF	1
CASSFLSSYNEQFF	1
CASSFLGQKNTEAFF	1
CASSFPQGQYGYTF	1
CASSFPTSQGMRRNTEAFF	1
CASSFHRGSNYGYTF	1
CASSFQGGSYEQYF	1
CASSFVGGTEAFF	1
CASSFAGGSYNEQFF	1
CASSFGSDGGAFF	1
CASSFGVSNTEAFF	1
CASSFGGFFTEAFF	1
CASSFGTGARKLFF	1
CASSFGQSGYTF	1
CASSFDTEAFF	1
CASSFMGDGYTF	1
CASSFTPGTVSEKLFF	1
CASSFRQGTGGYTF	1
CASSLWAGGNQPQHF	1
CASSLWGNYGYTF	1
CASSLYRRLRDTIYF	1
CASSLPMNYGYTF	1
CASSLQGHGGYTF	1
CASSLVGGSSPLHF	1
CASSLVPGQPQHF	1
CASSLVLVNTGELFF	1
CASSLAGRYDTDTQYF	1
CASSLGGTANSPLHF	1
CASSLGNTEAFF	1
CASSLGQANTEAFF	1
CASSLGGGTEAFF	1
CASSLDRYEAFF	1
CASSLDSAPLHF	1
CASSLEAGYTF	1
CASSLEQGVNSPLHF	1
CASSLEVWILTSGGSDTQYF	1
CASSLITSGEETQYF	1
CASSLMQGDQPQHF	1
CASSLNGQGNTIYF	1
CASSLFLNTEAFF	1
CASSLFRQGSTEAFF	1
CASSLLGAPNYGYTF	1
CASSLSQASYEQYF	1
CASSLSQLTGYTF	1
CASSLSQGLWAEGYTF	1
CASSLLGGNSPLHF	1
CASSLPGQPQHF	1
CASSLPGRVNTEAFF	1
CASSLPDREGGNQPQHF	1
CASSLRVRADGGNTIYF	1
CASSLRADTEAFF	1
CASSLQDPYNEKLFF	1
CASSLQEGTEAFF	1
CASSLQTSGSTGELFF	1
CASSLVRPNYGYTF	1
CASSLVAGAGTDTQYF	1
CASSLVGVAGKTDTQYF	1
CASSLVSQTTSGNTIYF	1
CASSLVYRGGGATNEKLFF	1
CASSLVVLNTEAFF	1
CASSLVAGSYNEQFF	1
CASSLVSGGNYGYTF	1
CASSLVGNRKGSTDTQYF	1
CASSLVGGEKLFF	1
CASSLVTGLTGELFF	1
CASSLARGNTEAFF	1
CASSLADRRTLHF	1
CASSLAPSVNTEAFF	1
CASSLAQIYGYTF	1
CASSLAVNQPQHF	1
CASSLASSYNSPLHF	1
CASSLALGGDQPQHF	1
CASSLAPPGLAGETQYF	1
CASSLAVDQPQHF	1
CASSLAVWTGGGLNTEAFF	1
CASSLAGLVLSGELFF	1
CASSLAGAVETQYF	1
CASSLAGQVNSPLHF	1
CASSLAGGPGGELFF	1
CASSLAGETDTQYF	1
CASSLAITGTDGLNEKLFF	1
CASSLAPGGEQYF	1
CASSLGRDSYGYTF	1
CASSLGGDRTEAFF	1
CASSLGDTEAFF	1
CASSLGRGMNTEAFF	1
CASSLGSAYYGYTF	1
CASSLGVDEKLFF	1
CASSLGAVYEQYF	1
CASSLGTGREQPQHF	1
CASSLGVNTEAFF	1
CASSLGGIQGRTEAFF	1
CASSLGRANTEAFF	1
CASSLGRTGGNEQFF	1
CASSLGPGYTEAFF	1
CASSLGGNTEAFF	1
CASSLGTGSGPHSNYGYTF	1
CASSLDYTEAFF	1
CASSLDVNYGYTF	1
CASSLDGQGEHQPQHF	1
CASSLDRIAGHRNTEAFF	1
CASSLDHSYGELFF	1
CASSLDVNYGYTF	1
CASSLESGSNTEAFF	1
CASSLEHNQPQHF	1
CASSLEIQPQHF	1
CASSLESEAFF	1
CASSLEVGGSPYEQYF	1
CASSLTGTVNTGELFF	1
CASSLTGNQPQHF	1
CASSLTIQSYSPLHF	1
CASSLSQGVNTEAFF	1
CASSLRSSDPEAFF	1
CASSLRPNTGELFF	1
CASSLRQAYSPLHF	1
CASSLRDRGDGTEAFF	1
CASSLNSPLHF	1
CASSLNYARGATNEKLFF	1
CASSLNGPTEAFF	1
CASSSLGLETQYF	1
CASSSPFSEAFF	1
CASSSTRGDSYNEQFF	1
CASSSTGLGAFGYTF	1
CASSSPTVPYEQYF	1
CASSSQGEVSYGYTF	1
CASSSQGGEKLFF	1
CASSSAALAGVYTQYF	1
CASSSGTSGGLSYNEQFF	1
CASSSGTGYSGSSNEQFF	1
CASSSGRGINYGYTF	1
CASSSSSGVHEKLFF	1
CASSSSGVSGELFF	1
CASSSLLAGGGETQYF	1
CASSSQGAKGDTQYF	1
CASSSQYTGVGNEKLFF	1
CASSSVIDSPLHF	1
CASSSGGNQPQHF	1
CASSSGQEDGYTF	1
CASSSDSGELFF	1
CASSSDSSEKAFF	1
CASSSDSYQPQHF	1
CASSSDRVSYEQYF	1
CASSSTENTEAFF	1
CASSSPTANTEAFF	1
CASSSRRRGNQPQHF	1
CASSSQGWDYGYTF	1
CASSSAMDYGYTF	1
CASSSGGNTEAFF	1
CASSWYRLTGMNTEAFF	1
CASSWPQGRGNTEAFF	1
CASSWVPRPYGYTF	1
CASSWGRGSPLHF	1
CASSWGTGLEKLFF	1
CASSWGPNYNSPLHF	1
CASSWDPTSGSSYNEQFF	1
CASSWTGATQPQHF	1
CASSYGGETAYGYTF	1
CASSYTRRSNEKLFF	1
CASSYSGAEKLFF	1
CASSYAQSNSNQPQHF	1
CASSLPGANTEAFF	1
CASSLPGTVTDTQYF	1
CASSLRLRGPVNQPQHF	1
CASSLRAGAAAELFF	1
CASSLGAGPYQETQYF	1
CASSLWGPNNSPLHF	1
CASSLMYWGGYTF	1
CASSLTFQETQYF	1
CASSLSGGSGNTIYF	1
CASSLPPGWGTEAFF	1
CASSLGGGRGQPQHF	1
CASSLGRTEAFF	1
CASSLDGGGGYTF	1
CASSLELNTEAFF	1
CASSLNTEAFF	1
CASSPSGTGGWSYNSPLHF	1
CASSPSTYLSPGWTEAFF	1
CASSPYSNQPQHF	1
CASSPPEGIQYF	1
CASSPRIPFGYTF	1
CASSPEYVVYEQYF	1
CASSPNPGVTEAFF	1
CASSPSGRLYGYTF	1
CASSPWTETRYGYTF	1
CASSPYGGPENTEAFF	1
CASSPLRTGPEAFF	1
CASSPLPANYGYTF	1
CASSPLGIGPGNTIYF	1
CASSPPGAGTNEKLFF	1
CASSPPGMNTEAFF	1
CASSPPTGGPEAFF	1
CASSPRMGRTGHYEQYF	1
CASSPRQGQNIQYF	1
CASSPHPNTGELFF	1
CASSPQGGNQPQHF	1
CASSPGTGGERGTEAFF	1
CASSPGQGGVVNTEAFF	1
CASSPDRATGELFF	1
CASSPIPPRQNGYTF	1
CASSPTWSGHEQFF	1
CASSPTGTAARPLHF	1
CASSPTDSGYGYTF	1
CASSPTVRVGETQYF	1
CASSPPGQGFEKLFF	1
CASSPQTGSPSGNTIYF	1
CASSPGLGEQYF	1
CASSPGTGGAEAFF	1
CASSPGQGAGQPQHF	1
CASSPGQDGYTF	1
CASSPDRVWSNQPQHF	1
CASSPEDLPGYTF	1
CASSPTGSDGYTF	1
CASSPYPDRPPEAFF	1
CASSPREASGTEAFF	1
CASSPRQGPGNTIYF	1
CASSPATDSGTEAFF	1
CASSPGQENSPLHF	1
CASSRYISNQPQHF	1
CASSRRDNSNQPQHF	1
CASSRTRSTGELFF	1
CASSRLTPAPSTEAFF	1
CASSRRGQGRNSPLHF	1
CASSRGGGTEAFF	1
CASSRSTPTNEKLFF	1
CASSRGYGYTF	1
CASSRDRGNSPLHF	1
CASSRTSEQPQHF	1
CASSRTNSYGYTF	1
CASSHDRSYGYTF	1
CASSHGQLSSYNSPLHF	1
CASSQSATALGAFF	1
CASSQGPNQPQHF	1
CASSQRGVRNSPLHF	1
CASSQRETQYF	1
CASSQSAEGANYGYTF	1
CASSQPGQGTGNTIYF	1
CASSQHRDTYNSPLHF	1
CASSQQGRGTEAFF	1
CASSQVEWTTNEKLFF	1
CASSQAGTPDRGSVGKLFF	1
CASSQAKNIQYF	1
CASSQGLGIGYGYTF	1
CASSQGQSLNQPQHF	1
CASSQGVAEAGNTIYF	1
CASSQGGLPDTQYF	1
CASSQGGGVGGYTF	1
CASSQDRSNQPQHF	1
CASSQDIPHRIDTGELFF	1
CASSQDGAKETQYF	1
CASSQDGDWTYGYTF	1
CASSQESAGQGYGYTF	1
CASSQEGTGGSPLHF	1
CASSQELRGGELFF	1
CASSQELGTYNEQFF	1
CASSQEGRGVNQPQHF	1
CASSVHVDNSPLHF	1
CASSVTKGSNQPQHF	1
CASSVRGGQAANYGYTF	1
CASSVVGVSTDTQYF	1
CASSVGTVEKLFF	1
CASSVGLAEGYTF	1
CASSVARVGGKETQYF	1
CASSVAQAKTQYF	1
CASSVAGGYTDTQYF	1
CASSVGSHRTGQPQHF	1
CASSVGGRVNTEAFF	1
CASSVGHGYTF	1
CASSVGAVDTEAFF	1
CASSVGQGYSYEQYF	1
CASSVGQSANYGYTF	1
CASSVDWTSGEEDTQYF	1
CASSVEPANTEAFF	1
CASSAQGETNQPQHF	1
CASSAAEGLEQFF	1
CASSGRDRAPTGELFF	1
CASSGPTGPSSPLHF	1
CASSGHMTGRTEAFF	1
CASSDRPGQPQHF	1
CASSEIITGTDYEQYF	1
CASSTSDLGYTEAFF	1
CASSTSTGRNSPLHF	1
CASSTLSQPQHF	1
CASSTPSGETYEQYF	1
CASSTATGGGGSPLHF	1
CASSTKRQRNQPQHF	1
CASSRGRPNTEAFF	1
CASSKWDSNSPLHF	1
CASSKADGGVGPGELFF	1
CASRFPGQGFNSPLHF	1
CASRWDGGGYTF	1
CASRPVTGIYTEAFF	1
CASRPDTYTEAFF	1
CASRRRDSLTEAFF	1
CASRVVAGYTF	1
CASRGPGQGNSPLHF	1
CASRGQGAKTEAFF	1
CASREFRASTEAFF	1
CASRTVNYGYTF	1
CASRTGVAGYGYTF	1
CASRTTGTLNTEAFF	1
CASRLTGRNTEAFF	1
CASRSKGSNQPQHF	1
CASRWGPTDSQFF	1
CASRWDNNYGYTF	1
CASRLQGARVDTQYF	1
CASRLPYTGVTEAFF	1
CASRPLKRTEAFF	1
CASRRANEKLFF	1
CASRRGTDVNTIYF	1
CASRGGSDTQYF	1
CASRTPPGGDTEAFF	1
CASRTIRTANYGYTF	1
CASRTDSPGSSYNSPLHF	1
CASRTSQGYNQPQHF	1
CASRSGPADEQFF	1
CASRNLAGATSSYNEQFF	1
CASRKPGGEEAFF	1
CASNRGGDYQPQHF	1
CASNDLNTEAFF	1
CASNRPQENSPLHF	1
CASNQLRGGREGGYTF	1
CASKGASNQPQHF	1
CASKPGLEAFF	1
CASKDWEVSTDTQYF	1
CASKDITTNEKLFF	1
CARDIQNTGELFF	1
CAVTGEAGELFF	1
CAIGPGNTEAFF	1
CATRLGRTIYGYTF	1
CASTQVGLTGELFF	1
CASTDLLNTEAFF	1
CASSLGGTLSPLHF	1
CASSWDRGGFEAFF	1
CASSPPNTEAFF	1
CASSDNRGTHIQYF	1
CASSESSGQETQYF	1
CASSESGKVLAKNIQYF	1
CASSESDTIPQHF	1
CASSESSTDTQYF	1
CASSETSGNEQYF	1
CASSETRGDTQYF	1
CASSSRFLDTDTQYF	1
CASSFLPRGYGYTF	1
CASSFRDRPYGYTF	1
CASSLLGSTNEKLFF	1
CASSLVLNTEAFF	1
CASSLVPDAGSTTNSPLHF	1
CASSLVAGVNSPLHF	1
CASSLVGNGNSPLHF	1
CASSLVWQGGRENTEAFF	1
CASSLVRPGATEAFF	1
CASSLVAGRGTDTQYF	1
CASSLVGGGQPQHF	1
CASSLAGELTEAFF	1
CASSLALTVLTNTEAFF	1
CASSLAAGRNQPQHF	1
CASSLAGQSRTTNYGYTF	1
CASSLAGPLGENYGYTF	1
CASSLAGLGNTIYF	1
CASSLGSGNTIYF	1
CASSLGSGSSTEAFF	1
CASSLGVRGSGTEAFF	1
CASSLGGRRGSEAFF	1
CASSLGRQGAGNSPLHF	1
CASSLGQDNEKLFF	1
CASSLGGREAFF	1
CASSLGTTNSNEKLFF	1
CASSLDSRGYTF	1
CASSLEHRSGNTIYF	1
CASSLEGYYGYTF	1
CASSLTTGTEAFF	1
CASSLSPGSDGYTF	1
CASSLKGSYGYTF	1
CASSLKGGNTEAFF	1
CASSLQGSATNEKLFF	1
CASSLVPPLNSPLHF	1
CASSLGTANEKLFF	1
CASSLGNTEAFF	1
CASSSYGENTEAFF	1
CASSSGTELHGELFF	1
CASSSDDTDTQYF	1
CASSSVGSEAFF	1
CASSSGSGTEAFF	1
CASSSDPSGVAEAFF	1
CASSSRQGSSGNTIYF	1
CASSSQPSRSGNTIYF	1
CASSSGDNEAFF	1
CASSSILGGYGYGYTF	1
CASSSTAGSLYGYTF	1
CASSWGGQNTEAFF	1
CASSWDRGRNQPQHF	1
CASSYGDGNIQYF	1
CASSYRGGTGTEAFF	1
CASSLRQGDTEAFF	1
CASSLGQGNVPLHF	1
CASSLGGLKPQHF	1
CASSLTGLDTEAFF	1
CASSPSPGARSGNTIYF	1
CASSPGGPDYGYTF	1
CASSPSYRGPNGYTF	1
CASSPYPLWDRVTNTIYF	1
CASSPRGQGRKGTGNTIYF	1
CASSPDRERGNSPLHF	1
CASSPWTGQVAEAFF	1
CASSPGTGSSNQPQHF	1
CASSPTVNREKLFF	1
CASSPDVGLTNEKLFF	1
CASSPKEQGGNQPQHF	1
CASSRPGTGGTIYF	1
CASSRLGAGGPNTEAFF	1
CASSRPANTEAFF	1
CASSRDSQYGYTF	1
CASSRTSGVYNEQFF	1
CASSHSTGTEKFNYGYTF	1
CASSHQPGKNYGYTF	1
CASSQGQMSTEAFF	1
CASSQGAGQPQHF	1
CASSQDGSNPTTSPLHF	1
CASSQTNRETQYF	1
CASSQNTGTVNTEAFF	1
CASSQLREMAEAFF	1
CASSQPWTGQREREAFF	1
CASSQVVGSPYSPLHF	1
CASSQVGSTDTQYF	1
CASSQVGGGRTEAFF	1
CASSQVSAGDYGYTF	1
CASSQVEGGYGYTF	1
CASSQVMFTQDLGEAFF	1
CASSQAPGGDFGYGYTF	1
CASSQAPGQNMNTEAFF	1
CASSQAQGGTEAFF	1
CASSQGPGVRGPTYIYF	1
CASSQGRDQPQHF	1
CASSQGQGVDEQYF	1
CASSQGVGEGQPQHF	1
CASSQGGVQKPYGYTF	1
CASSQGTGGRVGYTF	1
CASSQGQNYGYTF	1
CASSQDWLWGSGYTF	1
CASSQDWPITGNTIYF	1
CASSQDPTEPYGYTF	1
CASSQDRRQPQHF	1
CASSQDARRFNEKLFF	1
CASSQDSGGFGNTEAFF	1
CASSQEWVNEKLFF	1
CASSQEYGTGYTF	1
CASSQELSAFLGQPQHF	1
CASSQEPLYDQPQHF	1
CASSQEVPSAGKLFF	1
CASSQEAGGFYGYTF	1
CASSQEGTGDSPLHF	1
CASSQEGSGHEQYF	1
CASSQETVLIGTQYF	1
CASSQENNSPLHF	1
CASSQMGQPQHF	1
CASSQNTPGGNQPQHF	1
CASSVDRNYGYTF	1
CASSGTMGQGNWPQHF	1
CASSGLGYGYTF	1
CASSGPRRELFF	1
CASSGGTEAFF	1
CASSDAGTLFSEAFF	1
CASSDDRGLQPQHF	1
CASSESTDGNYGYTF	1
CASSIQGSTEAFF	1
CASSTPTGSISQPQHF	1
CASSNLGVSPLHF	1
CASSKPGEEKLFF	1
CASRRRQGSNEKLFF	1
CASRGGPGEKLFF	1
CASRGGHRTMNTEAFF	1
CASRDGTGGSYTEAFF	1
CASRSDRAELFF	1
CASRQGSATEAFF	1
CASNPGATTNEKLFF	1
CASKRQGSGEAFF	1
CASKRAGVVSNTEAFF	1
CARRVRQPQHF	1
CATREWQGATEAFF	1
CGGIWDEKLFF	1
CSPKGQGTYGYTF	1
CSVKKVGGAGYTF	1
CSVGWDYGYTF	1
CSASRYHNQPQHF	1
CSASGQGWGEKLFF	1
CSALRPVASGNTIYF	1
CSAPRSTGYEAFF	1
CSAPQYRDPEAFF	1
CSAPRGQAFYGYTF	1
CSAQGSLQGSNQPQHF	1
CSAQLSGNEQFF	1
CSAVSAPSDSPLHF	1
CSAADRGWSYGYTF	1
CSAGGTPVYGYTF	1
CSAGTGRTEAFF	1
CSADPRTGDTEAFF	1
CSAEQGATNEKLFF	1
CSAMWVPGHHTDTQYF	1
CSAIGQASGNTIYF	1
CSATRRGSGYGYTF	1
CSATASTGIYGYTF	1
CSATGTSTEAFF	1
CSASSGATYGYTF	1
CSASLSGADYTGELFF	1
CSASPWTGDTGELFF	1
CSASAGGAGNQPQHF	1
CSASDLRSPKF	1
CSASKPDQPQHF	1
CSASPGTAYGYTF	1
CSASPTADSPLHF	1
CSASALGGRKDTEAFF	1
CSASAGTGYGYTF	1
CSARWAEGVTEAFF	1
CSARPQGYSNQPQHF	1
CSARPPGQGNQPQHF	1
CSARGIGGLIQPQHF	1
CSARGQGGQPQHF	1
CSARGEGPEAFF	1
CSARDWTGTYSGNTIYF	1
CSARDSGVLAEAFF	1
CSARIRTDGLDTQYF	1
CSARRKTGQSSYNSPLHF	1
CSARLIHRQGAKIQETQYF	1
CSARSTGTEGYGYTF	1
CSARLNSGNTIYF	1
CSARRGAEKLFF	1
CSARRENTEAFF	1
CSARHRMTRDLTTDTQYF	1
CSARQGGPNVPTEAFF	1
CSARVGPVGNTIYF	1
CSARVPGHTEAFF	1
CSARAVDRGGTPLHF	1
CSARAGTGVGYTF	1
CSARGDRGYTF	1
CSARGENDQPQHF	1
CSARGPGSYGYTF	1
CSARGAINQPQHF	1
CSARGDRHGDQPQHF	1
CSARDLTLGSYNSPLHF	1
CSARDRYRGTGNSVYNQPQHF	1
CSARDAQTGGDSPLHF	1
CSARDGRGLQPQHF	1
CSARDEGGSTEAFF	1
CSARDIAGNTEAFF	1
CSARDNRSYGYTF	1
CSARDRRHSNQPQHF	1
CSAREFSGLQLHNYGYTF	1
CSAREAPSGYTF	1
CSAREEKSSYNSPLHF	1
CSAREKWTGVNEKLFF	1
CSARRDSRRGGNTEAFF	1
CSANINYGYTF	1
CSAKRTGLNQPQHF	1
CSALSTPHSVEQYF	1
CSAPGQGDQPQHF	1
CSAPEWDTQYF	1
CSAPTGAVKAEAFF	1
CSAQGRGGNQPQHF	1
CSAGTGSDTGELFF	1
CSASPSGYGYTF	1
CSARDRGGNQPQHF	1
CSASNRATGRGNGNTIYF	1
CSAYEGGLYNEQFF	1
CSAQEGGVNTEAFF	1
CSAGTGGPNEKLFF	1
CSAGGNQPQHF	1
CSARFVGGYTF	1
CSANRDRGSGYGYTF	1
CSAQGTYNSPLHF	1
CSANKARNANYGYTF	1
CSANPGSMNTEAFF	1
CSGTGFMNTEAFF	1
CSDWTELTTNEKLFF	1
CSIQGAAGYTF	1
CSTRDGGAYRYGYTF	1
CSVSTGATTSNQPQHF	1
CSVLSQEPNEKLFF	1
CSVHRRQGTEYNSPLHF	1
CSVVRTGGPDTQYF	1
CSVARKIETEAFF	1
CSVGARAGELFF	1
CSVDSTGELFF	1
CSVDGDTHYEQYF	1
CSVDERGPGTEAFF	1
CSVDRLAGAFF	1
CSVDGSSGNTIYF	1
CSVDSVPTGELFF	1
CSVEVAPDEAFF	1
CSVELYTDTQYF	1
CSVELPGGYEKLFF	1
CSVEPRDSSYYTF	1
CSVEAQGGTGELFF	1
CSVEGRGSSRELFF	1
CSVEGRSNTEAFF	1
CSVEDHTGAYGYTF	1
CSVEEGATYEQYF	1
CSVEEDSSGYTF	1
CSVERDRRGGEAFF	1
CSVGTGVPFYGYTF	1
CSVDPRTGWNQPQHF	1
CSVEFSPSNGYTF	1
CSVEGAARGGNQPQHF	1
CSVVQGLDQPQHF	1
CSVRDRDGYTF	1
CSVLNQLTPYGYTF	1
CSAKGQGASTDTQYF	1
CSALEGYNQPQHF	1
CSALTGEAYEQYF	1
CSALGGQGINTEAFF	1
CSATGWTGELFF	1
CSGQDRGAGREAFF	1
CSIVAAGTDTQYF	1
CRGPGTGAYGYTF	1
CRYPGGPTRSPLHF	1
YLAGGWTEAFF	1
PAGSRRHTDTQYF	1
RASSRNRGQPQHF	1
RASSFMPQAGTRLHYEQYF	1
RASSLTPYSNQPQHF	1
RASSLDREYGYTF	1
RASSLGTGGNGYTF	1
RASSAPDRGWRYEQYF	1
CASSPVDRGYEQYF	4
CASSPSGGAHEQFF	3
CASRHGTSGAAYEQYF	3
CAGRLGAGGFQETQYF	3
CAWSATNRGRGNQPQHF	2
CAISESGAITDGEQYF	2
CAISPRGDTQYF	2
CATSDSQNTGELFF	2
CASSHFGQGPQQPQHF	2
CASTVGVGYGYTF	2
CASTSFLDRADEQYF	2
CASSLAQWAYEQYF	2
CASSLVPSSFADTQYF	2
CASSLAGWAISGTEDTQYF	2
CASSLGGGEETQYF	2
CASSLDDGARQPQHF	2
CASSYSSIAGPYSNQPQHF	2
CASSYGASFAYEQYF	2
CASSLGGGGEQFF	2
CASSVLAGAYNEQFF	2
CASSAGLSVFSEQFF	2
CASSIIGETQYF	2
CASSSYNEQFF	2
CASSRRDNSYEQYF	2
CASSFSTVPDTQYF	2
CASSFHLSGDYSYNEQFF	2
CASSLVGNSYNEQFF	2
CASSLARLDQTLYAFF	2
CASSLQGWSGEQYF	2
CASSLGRNLEQYF	2
CASSLGTGGYEQYF	2
CASSLNRDSYEQYF	2
CASSSRTGGFTDTQYF	2
CASSSFLAKNIQYF	2
CASSSAETQYF	2
CASSLGRRPDTQYF	2
CASSLRGPYTGELFF	2
CASSPPGKETQYF	2
CASSPQQGASEQYF	2
CASSPGAYEQYF	2
CASSREVNQPQHF	2
CASSRTSGDSPYEQYF	2
CASSHHVGDRGVYEQYF	2
CASSQARGGADTQYF	2
CASSQEGTGNTEAFF	2
CASSVGASYYNEQFF	2
CASSVRETQYF	2
CASSEAGRTGLSAEWTQYF	2
CASSIETQYF	2
CASRRARNQPQHF	2
CASRGSGYNEQFF	2
CASRPTSVGTDTQYF	2
CASRSPGPGELFF	2
CASSGQGDTGELFF	2
CASHDEQYF	2
CASTSEDASFHEQFF	2
CASSSGTSFIGELFF	2
CASSFTHTGELFF	2
CASSFTGVDQPQHF	2
CASSLVGDRGYEQYF	2
CASSLVSVSYEQYF	2
CASSLEVGEHEQFF	2
CASSLTGNGQPQHF	2
CASSLWDSSYEQYF	2
CASSSLTGGQYNEQFF	2
CASSSGTGRAYEQYF	2
CASSPKRQLLSYEQYF	2
CASSHLDLSGNTIYF	2
CASSQAGTGIFTDTQYF	2
CASSQMTVSYEQYF	2
CASRREGEQYF	2
CASREGATDTQYF	2
CSALRPGTSGLRLTYEQYF	2
CSASPPGLAGDGASNEQFF	2
CSARPLLPSGRYNEQFF	2
CSARDLAGDSYEQYF	2
CSARDLAVYRTDTQYF	2
CSARDSGPEQYF	2
CSVESGREQYF	2
CSVEDRDRDLYEQYF	2
CWGEVRHTF	1
CACTGFGTARTDTQYF	1
CAASGTSGSKGDTQYF	1
CASGLGQGVTYNEQFF	1
CASSSGLANEQFF	1
CASSRGLETQYF	1
CASSGRGLTDTQYF	1
CASKERYGYTF	1
CACSLWGCNQPQHF	1
CAWRPSGAYEQYF	1
CAWQQGGGNQPQHF	1
CAWGPRNTEAFF	1
CAWTVRGAGNQPQHF	1
CAWSWGGVESYGYTF	1
CAWSPLGPMEKLFF	1
CAWSVYTEAFF	1
CALSWETGVSTDTQYF	1
CAPDRGDTQYF	1
CAVTGGRPNEKLFF	1
CAGEGGHDSEAFF	1
CAIPGTGGSANTGELFF	1
CAIPNLNCGRQRNIQYF	1
CAIRTAGGLTDTQYF	1
CAIAQPPTDTQYF	1
CAIALSSIQQYF	1
CAIGPTENTGELFF	1
CAITGTSGTDTQYF	1
CAISLGQGGSYEQYF	1
CAISVTVFGQPQHF	1
CAISVGKGKGYNSPLHF	1
CAISGGQGAQTYGYTF	1
CAISGQEDTQYF	1
CAISDFVQGNYGYTF	1
CAISDTSVVIGNQPQHF	1
CAISDFSGPNTEAFF	1
CAISDLGAETQYF	1
CAISDSGWGAALQPQHF	1
CAISEFGFGDKVHNEQFF	1
CAISEFGGGGADTQYF	1
CAISESRSNTGELFF	1
CAISESPRQGVWDFTEAFF	1
CAISESRAYRSFRPDTQYF	1
CAISESTGQDTQYF	1
CAISEPQGATTGELFF	1
CAISEPQGGHGYTF	1
CAISERIDGTGELFF	1
CAISEAGQLSTSGTQYF	1
CAISELEGEKLFF	1
CAISEVGQGASPLHF	1
CAISEVQGNTGELFF	1
CAISEGFNQPQHF	1
CAISSGRFDEQFF	1
CAISGAGAGELFF	1
CAIRGLAGVRTEQYF	1
CAIRGQGKTYEQYF	1
CAIRTSHYNEQFF	1
CAINAGIMNTEAFF	1
CAINYVGVYTGELFF	1
CAINRDYSYEQYF	1
CATSGGRQAFF	1
CATWTYGDYGYTF	1
CATSLSGLSGPGELFF	1
CATYRSEWDGYTF	1
CATLTGYGYTF	1
CATRSGSGELFF	1
CATHRGQGDTGELFF	1
CATTWRGGSYNEQFF	1
CATSPQGTDTQYF	1
CATSGTVYGTDTQYF	1
CATSDFRQGDTGELFF	1
CATSDLRGQPQHF	1
CATSDLDSNYGYTF	1
CATSDYSDEQYF	1
CATSDYSRDGYTF	1
CATSDPGQGNTGELFF	1
CATSDRGTGKNIQYF	1
CATSDRDATNEKLFF	1
CATSDAGKEPQHF	1
CATSDPAGGREGYTF	1
CATSDAHYGYTF	1
CATSENGGYTF	1
CATSPGQGSYEQYF	1
CATSASGQETQYF	1
CATSGNTGELFF	1
CATSTRSTGKETQYF	1
CATSRGTGDAYGYTF	1
CATSRTLTGTNYGYTF	1
CATSRDSGVGAWADTQYF	1
CATSRDWAQETQYF	1
CATSRDQLDLNGYTF	1
CATSRDATGTGDNEQFF	1
CATSRDGGNQPQHF	1
CATSRDLRGIKEDQPQHF	1
CATRLLTVYSNQPQHF	1
CATRTEVHEQYF	1
CATRMQDYEQYF	1
CATKSRGDTEAFF	1
CATKSGAGGNTIYF	1
CATKANDRYNEKLFF	1
CATKLAGEAYEQYF	1
CATSEQGTGELFF	1
CASLLQRPSNQPQHF	1
CASSTGGSYNEQFF	1
CASSGLAGNTGELFF	1
CASSTSGGAMDTQYF	1
CASRPGQGIEKLFF	1
CASQFSDTQYF	1
CASQRGPQETQYF	1
CASGGGAGTSTDTQYF	1
CASSVGSGGLRTDTQYF	1
CASSIWTARNTEAFF	1
CASRSGQRANTGELFF	1
CASLTATNTGELFF	1
CASSLGQAITEAFF	1
CASSLSADNEKLFF	1
CASSPNNGWEGYMNTEAFF	1
CASSPDESNTIYF	1
CASSPSVQGQYSNQPQHF	1
CASSPQRTVNTEAFF	1
CASSPGPGGAEAFF	1
CASSQQGLSENTIYF	1
CASSEGGHNQPQHF	1
CASCVSGGSFYSNYGYTF	1
CASWGLKSGNSPLHF	1
CASLIWARRVREAFF	1
CASRRSSVTGELFF	1
CASRAMNTEAFF	1
CASALSTGQSYEQYF	1
CASATGGPGNTIYF	1
CASARTGASHEQFF	1
CASAQSRTAQYF	1
CASAEILETGKGNTIYF	1
CASGRDRVNEKLFF	1
CASGEIFPQYF	1
CASGTPQNTEAFF	1
CASGPRQGLHF	1
CASGQGPNQPQHF	1
CASGAYSYEQYF	1
CASGKRESSYEQYF	1
CASDLGNQPQHF	1
CASEMTSTGRDGYTF	1
CASISHDRQTGELFF	1
CASISGQGDRDTQYF	1
CASIHGGQETQYF	1
CASIRTGTAGNTIYF	1
CASILQRLGTEAFF	1
CASTRPNNYGYTF	1
CASTVYRGSNQPQHF	1
CASTELSGADTEAFF	1
CASTSGNYEQYF	1
CASTLGLQPGQTNSPLHF	1
CASTSNSPLHF	1
CASTLRRTTNEKLFF	1
CASTPGLAVSYEQYF	1
CASTPEDRLKYEQYF	1
CASTRPGEGFGYTF	1
CASTRTLARNGYTF	1
CASTHIGGDNQPQHF	1
CASTDSFYGYTF	1
CASTDSPYEQYF	1
CASTETNTGELFF	1
CASTMSNSPLHF	1
CASTTEGQKAYQPQHF	1
CASTRQGATEAFF	1
CASTKGQGEAFF	1
CASTPWGGKSPLHF	1
CASSFSLGWGTEAFF	1
CASSFSQTGTYNSPLHF	1
CASSFYGQGDFGHSPLHF	1
CASSFLEVGQGENTGELFF	1
CASSFVFDFTGVGNYGYTF	1
CASSFAGSGNTIYF	1
CASSFGLAGNTGELFF	1
CASSFDGATMNTEAFF	1
CASSFDRMNTEAFF	1
CASSFRVANYGYTF	1
CASSFSWLSEKLFF	1
CASSFPQHF	1
CASSFQDRATPLHF	1
CASSFQSGTGGAGFKAFF	1
CASSFAGNTEAFF	1
CASSFAMNTEAFF	1
CASSFATANTEAFF	1
CASSFGPGTEAFF	1
CASSFGTAGSNQPQHF	1
CASSFGRTQETQYF	1
CASSFDLPEGGNTIYF	1
CASSFDGVWGGGYTF	1
CASSFTTGLQGEKLFF	1
CASSFRGGSTEAFF	1
CASSLRLDTQYF	1
CASSLVVEGNQPQHF	1
CASSLAKAGQQYF	1
CASSLGISQPQHF	1
CASSLGGTEAFF	1
CASSLGQGNTEAFF	1
CASSLTATGTEAFF	1
CASSLRGQGNTEAFF	1
CASSLFPGTLTTNEKLFF	1
CASSLFRGNTEAFF	1
CASSLLARVTEAFF	1
CASSLLGGGQPQHF	1
CASSLSWDEKLFF	1
CASSLSPGRTEAFF	1
CASSLSLRPGANEKLFF	1
CASSLSVDMFARLEAFF	1
CASSLSGKSNQPQHF	1
CASSLSGLNYGYTF	1
CASSLYSGGLYEQYF	1
CASSLPAAPLHF	1
CASSLRPWRAITDTQYF	1
CASSLRDRGRDQPQHF	1
CASSLHSHRAEKLFF	1
CASSLVPGATGELFF	1
CASSLASSYNSPLHF	1
CASSLGTLYEQYF	1
CASSLGRYGYTF	1
CASSLGLSSPLHF	1
CASSLGQSSYNSPLHF	1
CASSLGGGEKLFF	1
CASSLGGVSNYGYTF	1
CASSLGGTNQPQHF	1
CASSLGTRTSNQPQHF	1
CASSLGSEQFF	1
CASSLGQPMNTEAFF	1
CASSLDARAPLHF	1
CASSLEGIQPQHF	1
CASSLMGGGGTSTDTQYF	1
CASSLTTKYQPQHF	1
CASSLTGQVFDTQYF	1
CASSLSGGTEAFF	1
CASSLRMDYGYTF	1
CASSLRTSVTGELFF	1
CASSLKVNYGYTF	1
CASSSRSGGAQETQYF	1
CASSSEGWRSYGYTF	1
CASSSRKQGMSYGYTF	1
CASSSSGANYGYTF	1
CASSSLQTAVMNTGELFF	1
CASSSPGTGVRNEQYF	1
CASSSRGPGELFF	1
CASSSRTVF	1
CASSSARLSGNTIYF	1
CASSSGTGPNNSPLHF	1
CASSSGTGTEAFF	1
CASSSGNQNQPQHF	1
CASSSDRAPSQPQHF	1
CASSSRWDTEAFF	1
CASSSSFTGELFF	1
CASSSGPFNEKLFF	1
CASSSGQSGNSPLHF	1
CASSSDVLNTEAFF	1
CASSSDREHGYTF	1
CASSSTGENNQPQHF	1
CASSSRRTQPQHF	1
CASSWQLRNTEAFF	1
CASSYVSSKNYGYTF	1
CASSYTSGSRTGELFF	1
CASSYSQGVDGTGELFF	1
CASSYSGDPYGYTF	1
CASSYSVPQAINSPLHF	1
CASSYSPGVNEKLFF	1
CASSYSTRQPSSGNTIYF	1
CASSYSSTGGENPGELFF	1
CASSYSNLGALEYEQYF	1
CASSYSWPRRVDTEAFF	1
CASSYSYRGNYGYTF	1
CASSYSGSSGNTIYF	1
CASSYWADYGYTF	1
CASSYWGENTEAFF	1
CASSYYAGGSGEKLFF	1
CASSYLQGGTEAFF	1
CASSYPRPRSGPISYEQYF	1
CASSYRGSGNTIYF	1
CASSYRGTPLHF	1
CASSYASLKVAFF	1
CASSYAGAVGSTNEKLFF	1
CASSYGLGTEAFF	1
CASSYGWGYGYTF	1
CASSYGSGDPGELFF	1
CASSYGANQPQHF	1
CASSYRVHNYGYTF	1
CASSYNGNSNQPQHF	1
CASSLPGLGELFF	1
CASSLHRGTEAFF	1
CASSLRSSYNSPLHF	1
CASSLGTAGEKLFF	1
CASSLTGSNTEAFF	1
CASSLRQGGTEAFF	1
CASSLARTGMSEGQPQHF	1
CASSLTVNTEAFF	1
CASSLKLRSEEKLFF	1
CASSPRDRVQGYTF	1
CASSPDRGPEPQHF	1
CASSPLKDGYGYTF	1
CASSPRRGYVGTEAFF	1
CASSPGTGRMQPQHF	1
CASSPDRAGQFF	1
CASSPGLSSSYNEQFF	1
CASSPTRSANQPQHF	1
CASSPTRRIGSPLHF	1
CASSPSGATNEKLFF	1
CASSPRGGAGNQPQHF	1
CASSRPRVLAMGEKLFF	1
CASSRWGVEKLFF	1
CASSRTSGEKLFF	1
CASSRRTGTGGPEAFF	1
CASSHRQGTSGNTIYF	1
CASSHRELAEAFF	1
CASSQGPRRDSPLHF	1
CASSQKERTDTQYF	1
CASSQYPDRFSNYGYTF	1
CASSVPGPGGELFF	1
CASSVRGGKGYGYTF	1
CASSVQGLPAFF	1
CASSVGQGFNEKLFF	1
CASSVKGSIGVLGQPQHF	1
CASSVEGAVDEKLFF	1
CASSVIGTSGVSNQPQHF	1
CASSAYRGTTNEKLFF	1
CASSAYYEQYF	1
CASSAQGGNSPLHF	1
CASSASLGNQPQHF	1
CASSASSGSTDTQYF	1
CASSAYGQGYTF	1
CASSAVISGNTIYF	1
CASSAGDTGELFF	1
CASSARGAGELFF	1
CASSGPGETYGYTF	1
CASSGRDRRQETQYF	1
CASSGWGIITDTQYF	1
CASSGRDGQETQYF	1
CASSGGPNYGYTF	1
CASSGDRGFVNEQFF	1
CASSGPFPDRYGYTF	1
CASSDLRQVFLFEKLFF	1
CASSDQRGSLRQYF	1
CASSDGTLGNYGYTF	1
CASSDGRGDTGELFF	1
CASSERFPGYTF	1
CASSEQSVGGGYTF	1
CASSEVITGELFF	1
CASSEALAETQYF	1
CASSEGTVQETQYF	1
CASSEGQGGNNEQFF	1
CASSETGKFGELFF	1
CASSEFGVGATEAFF	1
CASSEFKGITTGELFF	1
CASSEYAAATNEKLFF	1
CASSEYGTVANEKLFF	1
CASSEREGNGYTF	1
CASSEAGSEETQYF	1
CASSEALEGGKNIQYF	1
CASSEARASNQPQHF	1
CASSEGATSPLHF	1
CASSEGYEKLFF	1
CASSEDEGRPIHYGEAFF	1
CASSEEEAASYEQFF	1
CASSEETGYNSPLHF	1
CASSETRDSSTDTQYF	1
CASSERQGAKVGYTF	1
CASSEKGREGQGSSPLHF	1
CASSILGQGHYGYTF	1
CASSIRRGTEAFF	1
CASSTIPFGDSPLHF	1
CASSTSGVGGAEAFF	1
CASSTYAGNSSPLHF	1
CASSTGTGGNQPQHF	1
CASSTGVSGNTIYF	1
CASSRTSVLNEQFF	1
CASSNQRGRLINQPQHF	1
CASSNTEAFF	1
CASSFSWDQPQHF	1
CASSFSGGIQPQHF	1
CASSFSGDGYTF	1
CASSFYPRHLEAFF	1
CASSFRVNTEAFF	1
CASSFALLGTEIIDTQYF	1
CASSFGFVGQVTNQPQHF	1
CASSFGISLAETDTQYF	1
CASSFGQGGGSGNTIYF	1
CASSFIVGTGKGFF	1
CASSFTPYSGHRRYYGYTF	1
CASSFRGFEKLFF	1
CASSFLAGRTYTQYF	1
CASSFLSGGADTIYF	1
CASSFLGQGAGGYTF	1
CASSFAASNPRGLGETQYF	1
CASSFGSNPMNTEAFF	1
CASSFGQGGPNTGELFF	1
CASSFEPKDYSDTQYF	1
CASSFSQGATNEKLFF	1
CASSFNSNQPQHF	1
CASSLLDTRNIQYF	1
CASSLRHNQPQHF	1
CASSLRGRETQYF	1
CASSLQGSRYGYTF	1
CASSLVQPQHF	1
CASSLVMDREGKLFF	1
CASSLAGGQGTGELFF	1
CASSLAEVTDTQYF	1
CASSLAWGADQPQHF	1
CASSLGGRSNQPQHF	1
CASSLGLTEAFF	1
CASSLGAPLRSGGPGPDTQYF	1
CASSLGGGGQPQHF	1
CASSLGNPGTEAFF	1
CASSLGQGSPLHF	1
CASSLDLWQINEKLFF	1
CASSLEDRARSPLHF	1
CASSLITGSTYEQYF	1
CASSLIRGRVNTEAFF	1
CASSLMGGSDEKLFF	1
CASSLTPGSTYEQYF	1
CASSLTRVGLSSYNSPLHF	1
CASSLTGLISGNTIYF	1
CASSLRRDPGDEQYF	1
CASSLLIGRRDSPLHF	1
CASSLLQEAFF	1
CASSLSRTSSYEDTQYF	1
CASSLSQGTFYEQYF	1
CASSLWELDTQYF	1
CASSLYSGELFF	1
CASSLYRNTGELFF	1
CASSLLGAPSGYTF	1
CASSLRQVEKLFF	1
CASSLRHRASKNIQYF	1
CASSLRGDSGNTDTQYF	1
CASSLRALDASYGYTF	1
CASSLVFGTGGTEAFF	1
CASSLVRAGGPKNIQYF	1
CASSLVMVDTQYF	1
CASSLVRQGGDTQYF	1
CASSLVGWDRAADTQYF	1
CASSLVDLGLGYTF	1
CASSLVFGEKLFF	1
CASSLVILTGIKFRNTEAFF	1
CASSLVWGQIANTIYF	1
CASSLVPQREGYNSSTDTQYF	1
CASSLVPDSIGYGYTF	1
CASSLVVTRGRETQYF	1
CASSLVVGQGYNEQFF	1
CASSLALHGRLDYGYTF	1
CASSLAHTGELFF	1
CASSLAGPGELFF	1
CASSLAGLLTDTQYF	1
CASSLASITYNSPLHF	1
CASSLASSGRFYEQYF	1
CASSLAYGDGNTIYF	1
CASSLAPDGYTF	1
CASSLAGYNEQFF	1
CASSLADSNTEAFF	1
CASSLALAGYNEQFF	1
CASSLAPGGGRNTEAFF	1
CASSLAGRVDEQFF	1
CASSLGLGAEAFF	1
CASSLGRFSNQPQHF	1
CASSLGRTDTQYF	1
CASSLGVLETGELFF	1
CASSLGGIYYGYTF	1
CASSLGFEGAESEAFF	1
CASSLGPGGYTF	1
CASSLGGAGAKSGELFF	1
CASSLGSSYNSPLHF	1
CASSLGPTSLGETQYF	1
CASSLGPTSGLTNTGELFF	1
CASSLGQGNTEAFF	1
CASSLGASGYEQYF	1
CASSLGGLGRSSGNTIYF	1
CASSLGGSSYNEQFF	1
CASSLGDSLRWPQHF	1
CASSLGEKLFF	1
CASSLGPSRGNTIYF	1
CASSLGQYSNQPQHF	1
CASSLGQGNTEAFF	1
CASSLGGVEKLFF	1
CASSLGGVGQPQHF	1
CASSLGGGYEKLFF	1
CASSLGMGPQHF	1
CASSLDRQFYGYTF	1
CASSLDRGQGGSPLHF	1
CASSLDGNQPQHF	1
CASSLDTTGELFF	1
CASSLDTGAPGNTIYF	1
CASSLDTGGNSPLHF	1
CASSLDNPPEQFF	1
CASSLDYAKNIQYF	1
CASSLDLGRGNSPLHF	1
CASSLDRASGTEAFF	1
CASSLEFGETYEQYF	1
CASSLEVGAGRNSPLHF	1
CASSLEAGMGSPLHF	1
CASSLIANLYGYTF	1
CASSLMGSPLHF	1
CASSLTRQGWTEAFF	1
CASSLTGTGKETQYF	1
CASSLTRGNTEAFF	1
CASSLTGVLEETQYF	1
CASSLSGRGHEAFF	1
CASSLSVTGGYTF	1
CASSLRLAGAHSYNEQFF	1
CASSLRQTGYGYTF	1
CASSLNLGGTDTQYF	1
CASSSWTGGRSGNTIYF	1
CASSSSGQVLISNSPLHF	1
CASSSYLKEKLFF	1
CASSSPTKVWLGDTEAFF	1
CASSSRQDYNSPLHF	1
CASSSHVGELFF	1
CASSSQGPGGPQHF	1
CASSSGQGDTEAFF	1
CASSSDRGDQETQYF	1
CASSSEGGGETQYF	1
CASSSIFWGAEAFF	1
CASSSTSDTSEAFF	1
CASSSTGGHYNEQFF	1
CASSSRPGTGEAFF	1
CASSSGQGNTIYF	1
CASSSIQGYTEAFF	1
CASSSTRGRWQPQHF	1
CASSSTGVGSPLHF	1
CASSSTENTIYF	1
CASSSRATGLANTEAFF	1
CASSSLSSNQPQHF	1
CASSSSGPQHF	1
CASSSYRAPGYGYTF	1
CASSSYSRTNYGYTF	1
CASSSHGSKETFF	1
CASSSGLGPQHF	1
CASSSGYHTQYF	1
CASSSRGREKLFF	1
CASSSKNIQYF	1
CASSWADRNTEAFF	1
CASSWNNSPLHF	1
CASSYYAGGAGNYGYTF	1
CASSYGQSGYTF	1
CASSYKGTASNQPQHF	1
CASSYLLGINYGYTF	1
CASSYPGVPTDTQYF	1
CASSYRRQREVNTEAFF	1
CASSYVIRTGYEQYF	1
CASSYDRAYGYTF	1
CASSYRLGTPFEAFF	1
CASSLPVGRATDTQYF	1
CASSLPGQLMNTEAFF	1
CASSLATFGADTQYF	1
CASSLATDRGRVGELFF	1
CASSLGTTGNTIYF	1
CASSLGLAGGNEQFF	1
CASSLSNQPQHF	1
CASSLQGGHGNTIYF	1
CASSLGGISNQPQHF	1
CASSLGTGTNQPQHF	1
CASSLGGGYQPQHF	1
CASSLGPGGEKLFF	1
CASSLDRAYTEAFF	1
CASSLIGRGPPDYGYTF	1
CASSLSHGGNTEAFF	1
CASSLGARQLFF	1
CASSLGRYNSPLHF	1
CASSLDGNQPQHF	1
CASSLIQGGSPLHF	1
CASSPSEGANGRNQPQHF	1
CASSPPSTGRVETQYF	1
CASSPDRGSTEAFF	1
CASSPIPPGLAANTGELFF	1
CASSPIGQGNIQPQHF	1
CASSPTGATNTEAFF	1
CASSPKGYGSSSGNTIYF	1
CASSPFLGGALYGYTF	1
CASSPSTSGQETQYF	1
CASSPLVLGGNSPLHF	1
CASSPPRGAADTEAFF	1
CASSPRGELGYTF	1
CASSPRTGNSGNTIYF	1
CASSPRTGLGKLFF	1
CASSPGPRGNQPQHF	1
CASSPGWVEKLFF	1
CASSPTANYGYTF	1
CASSPRGGSYGYTF	1
CASSPRRLNEKLFF	1
CASSPFNTEAFF	1
CASSPLMGGGSPLHF	1
CASSPPGGVSYGYTF	1
CASSPQGSGTEAFF	1
CASSPQGVGGYTF	1
CASSPGAGPNIQYF	1
CASSPGTISTDTQYF	1
CASSPGQGNEKLFF	1
CASSPDPKTDSPLHF	1
CASSPDRDYGYTF	1
CASSPMRSGTEAFF	1
CASSPIGTGRRNTGELFF	1
CASSPTDTGELFF	1
CASSPRWTGAGYTF	1
CASSPRGAEAFF	1
CASSPFLRGGTYGYTF	1
CASSPPWGRKYGYTF	1
CASSPPTGGPSYEQYF	1
CASSPPGQGNQPQHF	1
CASSPGGRGLGNTGELFF	1
CASSPGWIGSVPFF	1
CASSPDTGSAF	1
CASSPEMGTGELFF	1
CASSPENSYEQYF	1
CASSPIKGPSPLHF	1
CASSPTRGNSPLHF	1
CASSRFPPSNNSPLHF	1
CASSRYTDTQYF	1
CASSRGTSLATGELFF	1
CASSRRAGSYEQYF	1
CASSRREGSYNEQFF	1
CASSRTNTDTQYF	1
CASSRRGLRSNQPQHF	1
CASSRDRSNSPLHF	1
CASSRDRGAEAFF	1
CASSRELYGYTF	1
CASSRERANYGYTF	1
CASSRTGGDGYTF	1
CASSRPGQTDEKLFF	1
CASSRQLDTQYF	1
CASSRQGDGYTF	1
CASSRQGAWNAEAFF	1
CASSRQGMNTEAFF	1
CASSRGGYGYTF	1
CASSRGDTLVNTEAFF	1
CASSRISSYNSPLHF	1
CASSRTGQGDQPQHF	1
CASSHSLGTFWGYTF	1
CASSHLRDTNSPLHF	1
CASSHQDRGAYEQYF	1
CASSHLSNQPQHF	1
CASSHAGSETDTQYF	1
CASSHIQGAGGAEAFF	1
CASSHREVGTGELFF	1
CASSQLNQPQHF	1
CASSQPGTANGYTF	1
CASSQPDRGPYQPQHF	1
CASSQGAISTDTQYF	1
CASSQDSSNQPQHF	1
CASSQKGAGSSPLHF	1
CASSQVWTGGETEAFF	1
CASSQALGWNTEAFF	1
CASSQADRASRGYTF	1
CASSQGKGYEQYF	1
CASSQGPINYGYTF	1
CASSQGTGSNQPQHF	1
CASSQGQSGEKLFF	1
CASSQGTVNTEAFF	1
CASSQDQGLDGGYTF	1
CASSQDGTANEKLFF	1
CASSQESWASEAFF	1
CASSQEGYSPLHF	1
CASSQSTDTQYF	1
CASSVSGSGTEAFF	1
CASSVREGRYNSPLHF	1
CASSVNTDTQYF	1
CASSVVLQGASEAFF	1
CASSVVGQAGETQYF	1
CASSVVSATDTQYF	1
CASSVAGHLDYAFF	1
CASSVGLAGGYEQYF	1
CASSVGQGGSSGNTIYF	1
CASSVERPGQIYGYTF	1
CASSVTSLAGGNIQYF	1
CASSAPETQGTNYGYTF	1
CASSARDRVIEKLFF	1
CASSAAPGGPDYGYTF	1
CASSAGQGARLNYGYTF	1
CASSARQGTNSPLHF	1
CASSAGQGFQETQYF	1
CASSAGQGAANSPLHF	1
CASSAGTGNTEAFF	1
CASSGGGAKNIQYF	1
CASSGSVSSTDTRYF	1
CASSGAGGLSYEQYF	1
CASSGTSGSGELFF	1
CASSGSGANQPQHF	1
CASSGLGGGGYTEAFF	1
CASSGPIRTDPFSGNTIYF	1
CASSGQAQETQYF	1
CASSGTGDTGELFF	1
CASSDYRVRNQPQHF	1
CASSDGQGWGTFF	1
CASSERQGETDTQYF	1
CASSICNQPQHF	1
CASSTYSTDTQYF	1
CASSTRTDKIVSSYNSPLHF	1
CASSTGLALLSYNEQFF	1
CASSTTPGRRMTTEAFF	1
CASSTDYNSPLHF	1
CASSTRDRGVYGYTF	1
CASSSQGSTDTQYF	1
CASSRYRGREETQYF	1
CASSNGRAPPTDTQYF	1
CASSKPGQRYNEQFF	1
CASSKQGWLFYGYTF	1
CASSKAHRLFGIQPQHF	1
CASSKEDRRNEQYF	1
CASSKEGLWGYEQYF	1
CASRLNSGRKNEKLFF	1
CASRSLGQITLGTEAFF	1
CASRWTGSNQPQHF	1
CASRYQRNTEAFF	1
CASRLLKQGPNTEAFF	1
CASRPRGVYNTGELFF	1
CASRPDQGFNTEAFF	1
CASRPQGNTEAFF	1
CASRADRGFAEAFF	1
CASRATGLTFYEQYF	1
CASRALGADGYTF	1
CASRGGRAKETQYF	1
CASRGWEGQPQHF	1
CASRGSGPGTEAFF	1
CASRGQTYNSPLHF	1
CASRGQEAHF	1
CASRERASSYNEQFF	1
CASRETGGGGNQPQHF	1
CASRSRLPGLGYEQFF	1
CASRRTGEEAFF	1
CASRSGTGKTYEKLFF	1
CASRYGPSNQPQHF	1
CASRLKGYGNQPQHF	1
CASRLGQGARDEAFF	1
CASRATNTEAFF	1
CASRGRGGIPNPEHF	1
CASRGLAGGPSDTQYF	1
CASRGPATTEAFF	1
CASRTGPPGGELFF	1
CASRSGGSDTQYF	1
CASNDRGLGGFDEQYF	1
CASKTGVGWAGGYTF	1
CASKSRGTGVLVNQPQHF	1
CASKGNTEAFF	1
CARYRVRETQYF	1
CARLALDPRANYGYTF	1
CARSPPGGPGNTIYF	1
CARPSGTRPEKLFF	1
CARGWKASTGELFF	1
CARENAYEQYF	1
CARRDYSTDTQYF	1
CANPHWDNSNTGELFF	1
CAVSYTNYGYTF	1
CAHQGTVEENTEAFF	1
CASRGSGNTIYF	1
CATTAGRGELFF	1
CASQGNYGYTF	1
CASFYGEQYF	1
CASLAVRDSGNTIYF	1
CASRRSPLNTEAFF	1
CASADGGAANEKLFF	1
CASGAYQRLTEAFF	1
CASGKQPGRTTGELFF	1
CASEQGNYGYTF	1
CASSFQENTEAFF	1
CASSLQGFGETQYF	1
CASSSTGIYEAFF	1
CASSPVSRGEAFF	1
CASSQGQVNGNEQFF	1
CASSDSGQGNEETQYF	1
CASSEAGSTDTQYF	1
CASSEGVLYGYTF	1
CASSEKVESVGGKLFF	1
CASSFRPTSGATEAFF	1
CASSFGPGDEKLFF	1
CASSFGGVEEKLFF	1
CASSFTVWDSGTEAFF	1
CASSFRVNTEAFF	1
CASSFGQGASMNTEAFF	1
CASSFEGYNTEAFF	1
CASSLFPGAEGTEAFF	1
CASSLLPGDDTEAFF	1
CASSLSRGQGTEAFF	1
CASSLPGNTEAFF	1
CASSLVPGFTEAFF	1
CASSLVVRDNTEAFF	1
CASSLVGTGGDTEAFF	1
CASSLVQGVGYTF	1
CASSLVAGTPGTEAFF	1
CASSLARSGGMLGSTEAFF	1
CASSLARPNNEKLFF	1
CASSLAGGLGQPQHF	1
CASSLAVQGARTEAFF	1
CASSLGSVGTEAFF	1
CASSLGPGTGVEAFF	1
CASSLGTEAFF	1
CASSLGGVGSPLHF	1
CASSLGDFMNTEAFF	1
CASSLGEGRQPQHF	1
CASSLGITIRGHNSPLHF	1
CASSLGGTTNEKLFF	1
CASSLDQGEAFF	1
CASSLDGAAGNTIYF	1
CASSLEVGTYSPLHF	1
CASSLEGAPGYTF	1
CASSLEKGGYSPLHF	1
CASSLEPVGNYGYTF	1
CASSLEGQGKDSPLHF	1
CASSLIQGNTEAFF	1
CASSLTGQGPTEAFF	1
CASSLTTGGPYGYTF	1
CASSLTGGKTANYGYTF	1
CASSLRGEKSPLHF	1
CASSLNGEGYGYTF	1
CASSLKQELEAFF	1
CASSLSRGPGTEAFF	1
CASSLRTRGTEAFF	1
CASSLVNTEAFF	1
CASSLAGSSEAFF	1
CASSLDPTGGGSEKLFF	1
CASSLTTLGNTIYF	1
CASSSQESSYNSPLHF	1
CASSSGQGALNSPLHF	1
CASSSDGDPSGNTIYF	1
CASSSTGANEKLFF	1
CASSSGRTATIYF	1
CASSWQGLNEKLFF	1
CASSWGQWGNSPLHF	1
CASSWDMNTEAFF	1
CASSWDSSGNTIYF	1
CASSWTHDGQTPLHF	1
CASSWTGRSYEQYF	1
CASSYLPGGQNNSPLHF	1
CASSYRTVDNSPLHF	1
CASSYRDRDHQPQHF	1
CASSLGTGPDYGYTF	1
CASSLSGTVNSPLHS	1
CASSLGGGRSGNTIYF	1
CASSLGDRSYNQPQHF	1
CASSLGQGSPSGNTIYF	1
CASSPLGGGGPFETQYF	1
CASSPSLGGRVRGAFF	1
CASSPGTVPEAFF	1
CASSPSDSQPQHF	1
CASSPGDRVENTEAFF	1
CASSPGQDLYEQYF	1
CASSPGGGTEAFF	1
CASSPDRGLPQHF	1
CASSPSWDTQYF	1
CASSPRQSGFFLYYGYTF	1
CASSPTVAREKLFF	1
CASSPQGGYGYTF	1
CASSPAQGSNQPQHF	1
CASSPGGTGTGEKLFF	1
CASSPGLSTEAFF	1
CASSPGEGGNQPQHF	1
CASSRPMDSLHYGYTF	1
CASSRPGETGNTIYF	1
CASSRDRGLYGYTF	1
CASSRTVNQPQHF	1
CASSHSYTEAFF	1
CASSHLYGEHGYTF	1
CASSHPTGELFF	1
CASSQSTGDEKLFF	1
CASSQASPESNYGYTF	1
CASSQFTRSNTEAFF	1
CASSQLTGQAFSYGYTF	1
CASSQLRSGGYTF	1
CASSQPMNFYGYTF	1
CASSQPGQGAGELFF	1
CASSQVRGNYGYTF	1
CASSQVPNMGEEEKLFF	1
CASSQVGVAGETELFF	1
CASSQVNSLNQPQHF	1
CASSQVPGSQPQHF	1
CASSQVGSNQPQHF	1
CASSQVTVTRNTGELFF	1
CASSQVGQGYGYTF	1
CASSQVTLDTYEQYF	1
CASSQARFNYGYTF	1
CASSQAGQGAGQPQHF	1
CASSQAAVGELFF	1
CASSQGGGSSHKEYF	1
CASSQGERDNIQYF	1
CASSQGQMNTEAFF	1
CASSQGGGVQPQHF	1
CASSQDSGVGTEAFF	1
CASSQDWQVVLGTEAFF	1
CASSQDQNTEAFF	1
CASSQDQNSLYGYTF	1
CASSQDVRAPNEKLFF	1
CASSQDDSNQPQHF	1
CASSQDLAGEADTQYF	1
CASSQDRWDGYTF	1
CASSQDKAPRGNGYTF	1
CASSQEFNYGYTF	1
CASSQEAWDRNQPQHF	1
CASSQERPSYGYTF	1
CASSQEGSGRADTQYF	1
CASSQEKTQEAFF	1
CASSQIGSLSYNSPLHF	1
CASSQTPPRVRYGYTF	1
CASSQSRLRTDTQYF	1
CASSQSVGLAVDYEQYF	1
CASSQRGRQETQYF	1
CASSVTVGQGLYYGYTF	1
CASSAAGGAIRGYTF	1
CASSAAANYGYTF	1
CASSGNRGPNTEAFF	1
CASSERGTGNTGELFF	1
CASSEQGRSNQPQHF	1
CASSRTTGPNQPQHF	1
CASSRNSGEIDEQYF	1
CASSRIPRRLNSPLHF	1
CASSNTGTENTEAFF	1
CASRLTGSTEAFF	1
CASRSRGPF	1
CASRSGGTEAFF	1
CASRVQGDTEAFF	1
CASRGILAGEYEQYF	1
CASREGVARTEAFF	1
CASRPGHGGNTIYF	1
CASRPRGNSPLHF	1
CASRRSPTDGYTF	1
CASRQGGTEAFF	1
CASRQDYTEAFF	1
CASRQVGGPANEKLFF	1
CASRQTTGNTIYF	1
CASRRRDNTNYGYTF	1
CASNLGTVMNTEAFF	1
CASKRTGLNSPLHF	1
CSVLGPTGELFF	1
CSVRVGLGNYGYTF	1
CSAFWRGENTEAFF	1
CSAYRDIFPTNEKLFF	1
CSALRGAGNQPQHF	1
CSAPFDYFEEKLFF	1
CSARQGMANEKLFF	1
CSARILPGSPLHF	1
CSARLGFGTEAFF	1
CSARRLDRGNEKLFF	1
CSARDNYGYTF	1
CSAHPPLDPYGYTF	1
CSAHPRDGNSPLHF	1
CSAHPDSSGNTIYF	1
CSAQPRLRYLETQYF	1
CSAVLRLQQYF	1
CSAGFLRDRLNIQYF	1
CSAGLNQPQHF	1
CSAEEGQPQHF	1
CSAMPGGGPYNQPQHF	1
CSATHLDGNQPQHF	1
CSATGTLPGNTEAFF	1
CSATPTGNPVGGKLFF	1
CSATGIQPQHF	1
CSASSAGWTEAFF	1
CSASSGSTDTQYF	1
CSASYGYTF	1
CSASQFFDSPLHF	1
CSASVVAEAFF	1
CSASGREGESGEKLFF	1
CSASLAGTTKTNEQFF	1
CSASSAGTRGSPLHF	1
CSARSWQEDSPLHF	1
CSARSPPPNSNQPQHF	1
CSARSGENEKLFF	1
CSARPPGKGPEAFF	1
CSARILGWESNQPQHF	1
CSARRTGNNQPQHF	1
CSARNPQTDTEAFF	1
CSARLEDRSSYNEQFF	1
CSARSKRDRYTEAFF	1
CSARLDLNEKLFF	1
CSARPGQGESPLHF	1
CSARPKDRVWNTEAFF	1
CSARVLDRESGTQYF	1
CSARVSGGAGGYTF	1
CSARAFAETQYF	1
CSARASSSGVYNEQFF	1
CSARAATLNTEAFF	1
CSARAGRVQPQHF	1
CSARARDRLGGYTF	1
CSARAWPIYGYTF	1
CSARGKPRELFF	1
CSARGPNRAGYTF	1
CSARGGTADNEQFF	1
CSARDLAGGSGNSPLHF	1
CSARDPAGVNTGELFF	1
CSARDPGGTAEAFF	1
CSARDPQGLNQPQHF	1
CSARDQTGPGDTIYF	1
CSARDQTGNQPQHF	1
CSARDGETGELFF	1
CSARDTGFHPILGNTIYF	1
CSARDTFGTTGTDTQYF	1
CSAREGDRVTEAFF	1
CSAREGVASPLHF	1
CSARILDRSYEQYF	1
CSARTGDGPLHF	1
CSARNRLAGFTDTQYF	1
CSANPVGLGGQGAYEQYF	1
CSAKARGKVGQPQHF	1
CSAKQGSTEAFF	1
CSAKEGRGGGSPGYTF	1
CSASTGLTGELFF	1
CSASPAVYGYTF	1
CSAPWDRGPAAFF	1
CSARTGGFQPQHF	1
CSAETYVVGVRYGQFF	1
CSAINSNNQPQHF	1
CSATKGQENTGELFF	1
CSARQRTNTEAFF	1
CSASGTYSNQPQHF	1
CSAYYSGHNSPLHF	1
CSALTPNYGYTF	1
CSAGRGYTF	1
CSAEGVSNQPQHF	1
CSASPGHWNTEAFF	1
CSARAQGVDSEAFF	1
CSGWSGQGNTEAFF	1
CSLWTGTEANTQYF	1
CSVFDRNDGGYTF	1
CSVSRFMNTEAFF	1
CSVQDGSNQPQHF	1
CSVVPSNTGELFF	1
CSVVGNSGNTIYF	1
CSVAQDREGNQPQHF	1
CSVAGGGRQETQYF	1
CSVGLAEANTGELFF	1
CSVGALNTGELFF	1
CSVGTGDTGELFF	1
CSVDLAGGTDTQYF	1
CSVDVGVHEKLFF	1
CSVDTPPNEKLFF	1
CSVEETGGGIQYF	1
CSVEIFRGGPYGYTF	1
CSVEVGPPGTEAFF	1
CSVEDLGAGTFYGYTF	1
CSVEDLVTGGPSDYGYTF	1
CSVEDPGQGQYF	1
CSVERRGPDPVNSPLHF	1
CSVTGGSNQPQHF	1
CSVRQGANQPQHF	1
CSVPSGGAHTQYF	1
CSVYAGTGAPGGYGYTF	1
CSVERGTEAFF	1
CSVKSLAGENIQYF	1
CSALDRGRLGAFF	1
CSARWGTGQPQHF	1
CSAVWGNQPQHF	1
CSAGGGDLTEAFF	1
CSADTDTQYF	1
CSGGQRNTEAFF	1
CSGPSGNPNEQFF	1
CSGYSGDTEAFF	1
RASITLYEQYF	1
RASSLGPGDDYGYTF	1
RASSLNGRMTSTDTQYF	1
RASSLKRAGYSSGNTIYF	1
RASSADVDRRRYYGYTF	1
RANGRTGGSYGYTF	1
CASSLFQFGTSGSQETQYF	3
CASSFSEGLQETQYF	3
CASSLLQGPQETQYF	3
CAWTGLYGYTF	2
CAWSKLGTDTQYF	2
CAARDRDDYTQYF	2
CAIRGQGSYEQYF	2
CAMILDNHQETQYF	2
CATSDWDAGSSYNEQFF	2
CATSDSGRGEQFF	2
CASSWTVEAFF	2
CASVPRGSGSLNTGELFF	2
CASGVAVAGYTF	2
CASGKGTGADEQFF	2
CASIGQPYGNTIYF	2
CASSLGESSYNEQFF	2
CASSLSETYNEQFF	2
CASSLSGASGAKNTGELFF	2
CASSLYFLEGMNTEAFF	2
CASSLGPFSYNEQFF	2
CASSLEETQYF	2
CASSLNGRGEQFF	2
CASSYYMGRGEKLFF	2
CASSYVEGYEQYF	2
CASSRTSVTGTDTQYF	2
CASSGGLAGGIYEQYF	2
CASSGRERSGEQYF	2
CASSDRGEADEQFF	2
CASSEGRQINQPQHF	2
CASSFSLAGTDTQYF	2
CASSLGQGQPQHF	2
CASSLYLTARGETQYF	2
CASSLVVQSPYSNQPQHF	2
CASSLVAGAVETQYF	2
CASSSDTGELFF	2
CASSSDRGQSDEQFF	2
CASSLAGGLNEQFF	2
CASSPPSTDTQYF	2
CASSPGTGDTGELFF	2
CASSPRDGSYEQYF	2
CASSPNGQGNQPQHF	2
CASSQETGGSYNEQFF	2
CASSQVIAHPSYNEQFF	2
CASSQEPNEQFF	2
CASSQERGYIQYF	2
CASSQEGGGTDTQYF	2
CASSENTVSYEQYF	2
CASSTGYNEQFF	2
CASRKRENTDTQYF	2
CASRISGGSTGELFF	2
CASKLRDNNNEQFF	2
CARGLRVNTGELFF	2
CASSGTSITGELFF	2
CASGSPRGLLDSNEQFF	2
CASDSRVAGGFGYEQYF	2
CASSFLRVSYNEQFF	2
CASSLRAYEQYF	2
CASSLVAESYEQYF	2
CASSLGRDYGYTF	2
CASSLEVGSTDTQYF	2
CASSLSTGYNEQFF	2
CASSLTSGGVTSYNEQFF	2
CASSSGQGPFSEAFF	2
CASSSRLGEAYEQYF	2
CASSYTRLAGGRSYNEQFF	2
CASSLQGTWDEQFF	2
CASSQAPVSSYEQYF	2
CASSQGEARTYEQYF	2
CASSQEARAGEQYF	2
CASSQRGTGSYEQYF	2
CASSMTSGLTDTQYF	2
CASKPREGIYNEQFF	2
CSATWDSIDTQYF	2
CSASQIAKNIQYF	2
CSAKSVPSGEVDTQYF	2
CSVEVWEGGNEQFF	2
CSEGGVGSDEQFF	2
CASSLARRGTQYF	1
CASSLALDPYNEQFF	1
CASSDRGRYEQFF	1
CASSDGIGKLFF	1
CAWGDRQSSYEQYF	1
CAWSAGQGGQPQHF	1
CAWSRQSSYEQYF	1
CAYQQPLDWTRDRGGRPEAFF	1
CAHHQMGADTQYF	1
CAVGRDRLSNTEAFF	1
CAATTDTQYF	1
CAGVVPGWEDTEAFF	1
CAGHRDLAETQYF	1
CAGGYSHDREAFF	1
CAEGGEILYQPQHF	1
CAILSSGGENTGELFF	1
CAIRGGVLSPLHF	1
CAIVGVVTDTQYF	1
CAIARGLQAGTQYF	1
CAIGAGPTSYEQYF	1
CAIGPFEAGAIDTQYF	1
CAIMGVGYETGELFF	1
CAITPGQRQEQYF	1
CAITTSGNTGELFF	1
CAITEGSRYEQYF	1
CAITEREGGYEQYF	1
CAISSDRVGVNQPQHF	1
CAISLGTGVHEQYF	1
CAISVAYEQYF	1
CAISASIQADYGYTF	1
CAISAGTGGYEQFF	1
CAISAGNPNTGELFF	1
CAISAGFSRTGELFF	1
CAISGSGGTDTQYF	1
CAISGGRSADTQYF	1
CAISDLGANTGELFF	1
CAISDHLSGGGTRPQHF	1
CAISESAGTLRIDTQYF	1
CAISESGTDTQYF	1
CAISESSSGVPDTQYF	1
CAISESSRTGPNTEAFF	1
CAISEYGRFSTDTQYF	1
CAISEPTYTSGTDTQYF	1
CAISEPNQGNTEAFF	1
CAISEVTESYEQYF	1
CAISEADLQTYEQYF	1
CAISEGNTGELFF	1
CAISERSLAGVSSYEQYF	1
CAISTNRVGSVGGYTF	1
CAISLYRKGGSYGYTF	1
CAISGNGGAQYF	1
CAISEPGGSSPDTQYF	1
CAIRARNTIYF	1
CAIRGGLSGGEQYF	1
CAIRGTSGRNTGELFF	1
CAIRGLFNTQYF	1
CAIRELENEQFF	1
CAIRITGGDGYTF	1
CAIRTVSYEQYF	1
CAIRTGTTGELFF	1
CAIRGVYEQYF	1
CAIRMSPWSSVFWDEQFF	1
CAINPRGRELFF	1
CAINARTSTDTQYF	1
CAINSYRGDTQYF	1
CATDREGETGELFF	1
CATMQLALGSPLHF	1
CATTTGTVLSSTDTQYF	1
CATSGVATEAFF	1
CATSGGGDEQYF	1
CATSSQQGIKAYEQYF	1
CATLGRGQDGYTF	1
CATLGQGGTGELFF	1
CATRMRTGDSNQPQHF	1
CATALDSSYNEQFF	1
CATDPPDSDYTF	1
CATMMGPSGSFETQYF	1
CATSSAGAPPDEQYF	1
CATSVDTQYF	1
CATSASLQGRAKNIQYF	1
CATSAYSNQPQHF	1
CATSGQEGQYYGYTF	1
CATSGGTSSFGELFF	1
CATSGQGWEAFF	1
CATSDFARDTGELFF	1
CATSDSPFGAESGNEQFF	1
CATSDYGTANTGELFF	1
CATSDPQGPNQPQHF	1
CATSDAGQGIFGELFF	1
CATSDGYSNQPQHF	1
CATSDGGAAEAFF	1
CATSDIAESNTGELFF	1
CATSEAQPQHF	1
CATSEANTEAFF	1
CATSEPTGQRGYTF	1
CATSETGQPQHF	1
CATSENRDGYQPQHF	1
CATSRQGFQPQHF	1
CATSTREGGQPQHF	1
CATSSEGRAPYEQYF	1
CATSRGGWGRNTEAFF	1
CATSRSGSGAYTGELFF	1
CATSRSAASNQPQHF	1
CATSRAPVRAGNTIYF	1
CATSRGRQFGRAFF	1
CATSRDLSGMETQYF	1
CATSRDVGGLEQFF	1
CATSRDTSGGLNEQFF	1
CATSRTGLGNEQYF	1
CATRLGGLADTGELFF	1
CATNQQRSSGNTIYF	1
CATSALENTGELFF	1
CATLGTPNTGELFF	1
CATRSSYNSPLHF	1
CASLAPSIFTDTQYF	1
CASLERSANYGYTF	1
CASTDGLHSNQPQHF	1
CASSLSGSSYNEQFF	1
CASRTLQGQYQPQHF	1
CASFIPGELFF	1
CASLEKPGRIYGYTF	1
CASSRGRGSNQPQHF	1
CASSRGQNSPLHF	1
CASSWESGSPLHF	1
CASSLSGQGAMNTEAFF	1
CASSPQKETQYF	1
CASSPPLAMNTEAFF	1
CASSPRGGRNEKLFF	1
CASSPSGNQPQHF	1
CASSPGEQREKLFF	1
CASSPNPGPKNTEAFF	1
CASSQSEGEANEKLFF	1
CASSDQGRATDTIYF	1
CASWVGNTIYF	1
CASLPDTPQHF	1
CASRTILGNTEAFF	1
CASRRAPPADTEAFF	1
CASRSRGHSPLHF	1
CASRGQMEAFF	1
CASQTTGNYGYTF	1
CASVMGDREAFF	1
CASVDRNRVQYGYTF	1
CASAWDFNEKLFF	1
CASAQDGNTEAFF	1
CASAIWTGGYEQYF	1
CASAGGETQYF	1
CASARGNTEAFF	1
CASGLAGSYNEQFF	1
CASGRGTSVADTQYF	1
CASGNDRGKSQPQHF	1
CASGRTGGNTEAFF	1
CASGQGPSTDTQYF	1
CASGAGNTYEQYF	1
CASGEGQGYTEAFF	1
CASGRQGGNEKLFF	1
CASEDAITDTQYF	1
CASEISGPTREDSPQHF	1
CASIGTASNSPLHF	1
CASIYTPGNTEAFF	1
CASIRTGRTEAFF	1
CASIHKAQGFTEAFF	1
CASIDPVDIEAFF	1
CASITPPEAFF	1
CASMSGLSGNTIYF	1
CASMGSSDRGGGNQPQHF	1
CASTSGYGYTF	1
CASTPGRNYGYTF	1
CASTLGYEQYF	1
CASTLSLTGTGAIF	1
CASTLGDRDYQPQHF	1
CASTPLAGINNEQFF	1
CASTPTVEGNSPLHF	1
CASTQGPNEKLFF	1
CASTVPSPAGGYTEAFF	1
CASTAGWSFQIRAEIHNQPQHF	1
CASTGDSHGYTF	1
CASTTQGNQPQHF	1
CASTAGLYGYTF	1
CASTIGQGNQPQHF	1
CASSFSLGLNTEAFF	1
CASSFAHQTNSPLHF	1
CASSFARANEKLFF	1
CASSFGGNQPQHF	1
CASSFGTGTEKLFF	1
CASSFGTNTDTQYF	1
CASSFDRITPQHF	1
CASSFIFRRRNTEAFF	1
CASSFTSGRGDTQYF	1
CASSFRSEAFF	1
CASSFRRNTEAFF	1
CASSFFTGVGTGELFF	1
CASSFSYNSPLHF	1
CASSFPGHNRGGVTDTQYF	1
CASSFQGEKLFF	1
CASSFVPLGARNQPQHF	1
CASSFGGGDTEAFF	1
CASSFGVWDQPQHF	1
CASSFGGTYGYTF	1
CASSFTAAGYTF	1
CASSFTGGSYQPQHF	1
CASSLYQGVSSGTEAFF	1
CASSLVQGAQPQHF	1
CASSLAGSGNQPQHF	1
CASSLGLGPNSYEQYF	1
CASSLGLSGNTIYF	1
CASSLGPYTGGGTDTQYF	1
CASSLGQNTGELFF	1
CASSLGTHGDTQYF	1
CASSLSANYGYTF	1
CASSLFIGSSYNEQFF	1
CASSLFRPNTGELFF	1
CASSLLDRVNTEAFF	1
CASSLSPEVQITDTQYF	1
CASSLSPRQGVVGYTF	1
CASSLSQWGATKNIQYF	1
CASSLSFDGNYNSPLHF	1
CASSLSGQGITEAFF	1
CASSLSRVSPLHF	1
CASSLWNTGAFF	1
CASSLLETPNTEAFF	1
CASSLPQGMRGTEAFF	1
CASSLRDRNYGYTF	1
CASSLRGRPGLATNEKLFF	1
CASSLHSLEAFF	1
CASSLQGAGSYEQYF	1
CASSLVWTAHNSPLHF	1
CASSLVAVNEKLFF	1
CASSLVAGTVEAFF	1
CASSLARYRAANQPQHF	1
CASSLAGDSVRPQHF	1
CASSLAGNTIYF	1
CASSLASTDTQYF	1
CASSLGQGNTEAFF	1
CASSLGSPAVDSNQPQHF	1
CASSLGTGVGQPQHF	1
CASSLGTPGMNTEAFF	1
CASSLISTRNQPQHF	1
CASSLIPGGGAGELFF	1
CASSLITGELFF	1
CASSLTYSPTGELFF	1
CASSLTPHDEQFF	1
CASSLTPGGPSHF	1
CASSLTGGTEAFF	1
CASSLTGSNQPQHF	1
CASSLTENTEAFF	1
CASSLSRDRGEKLFF	1
CASSLSQGYGYTF	1
CASSLSPQGIGEAFF	1
CASSLSPTGDTGELFF	1
CASSLRPGTAENIQYF	1
CASSLNINSPLHF	1
CASSSFRTGNSGNTIYF	1
CASSSLNGQFYGYTF	1
CASSSPVSSTDTQYF	1
CASSSSTGFEAFF	1
CASSSSTGSYNEQFF	1
CASSSLGTDTQYF	1
CASSSLGQGTKYQPQHF	1
CASSSLGGDSSTDTQYF	1
CASSSRDINTGELFF	1
CASSSRQGEETQYF	1
CASSSEDLTDTQYF	1
CASSSTWTGYYEQYF	1
CASSSWPDSNQPQHF	1
CASSSYRDGRNQPQHF	1
CASSSRGTGYTF	1
CASSSGQFKNSPLHF	1
CASSSTTGNEKLFF	1
CASSSQGNTEAFF	1
CASSSGVGGEKLFF	1
CASSSGNEVDYGYTF	1
CASSSDQPQHF	1
CASSWAGGNGYTF	1
CASSWGDYTIYF	1
CASSYIYGSGTGLAETQYF	1
CASSYFKGTNQPQHF	1
CASSYLASSYNEQFF	1
CASSYLKTGELFF	1
CASSYSSSIDLTGELFF	1
CASSYSGSDTQYF	1
CASSYSGQGNTPLHF	1
CASSYSDSSYNEQFF	1
CASSYSTTRGNTIYF	1
CASSYSSLAGDNGYTF	1
CASSYSKGRHSPLHF	1
CASSYPGRGTTGELFF	1
CASSYPTTGNTEAFF	1
CASSYVTGINSPLHF	1
CASSYAAGKAYEQYF	1
CASSYGREGARGTEAFF	1
CASSYGGSPQHF	1
CASSYGETQYF	1
CASSYEVGYNSPLHF	1
CASSYTGRSGNTIYF	1
CASSYTKGQQETQYF	1
CASSYTDRGQPQHF	1
CASSYTRTQETQYF	1
CASSYSRLNTEAFF	1
CASSYRGPYNSPLHF	1
CASSYRGRGTNTGELFF	1
CASSYRRFQPQHF	1
CASSYRQGALIQRGYTF	1
CASSYNPSGTSLWNEQFF	1
CASSLQDQPQHF	1
CASSLGLGNSPLHF	1
CASSLDPGSGNTIYF	1
CASSLAAGLYTQYF	1
CASSLFGDYGYTF	1
CASSLQDRIEAFF	1
CASSLGGSNEKLFF	1
CASSPFNQPQHF	1
CASSPLGAPEAFF	1
CASSPPGRLNEKLFF	1
CASSPQGTGGVIYGYTF	1
CASSPSGSTYEQYF	1
CASSPNRGGQGQPQHF	1
CASSPSMFQGYTF	1
CASSPSTRRGTNEKLFF	1
CASSPSSYNEQFF	1
CASSPWAGGVLSEQFF	1
CASSPRPTGPYEQYF	1
CASSPRNRNTEAFF	1
CASSPRDSPLHF	1
CASSPRDRVAFF	1
CASSPRTGSASPLHF	1
CASSPGGRATDYGYTF	1
CASSPGQGGVSTEAFF	1
CASSPTVANYGYTF	1
CASSPRTRQGTNTEAFF	1
CASSPGQGTGNQPQHF	1
CASSPMDSSGNTIYF	1
CASSPRIGNYGYTF	1
CASSPPGERSPLHF	1
CASSPPGRWDTGELFF	1
CASSPVGTDEKLFF	1
CASSPGGRDTGELFF	1
CASSPTTSGPDTQYF	1
CASSPRGEAGELFF	1
CASSPNPQIAFYGYTF	1
CASSRGTAPLNTEAFF	1
CASSRDRRDSNQPQHF	1
CASSRMSVGLIYGYTF	1
CASSRKFNTIYF	1
CASSRQSHNEKLFF	1
CASSRQADTQYF	1
CASSRVMNTEAFF	1
CASSHPQTVRWSEAFF	1
CASSHRGIDEKLFF	1
CASSQDRVGQKLFF	1
CASSQEGQGASFATEAFF	1
CASSQRNTEAFF	1
CASSQKGNQRAQYF	1
CASSQWGQGANYGYTF	1
CASSQVTTEAFF	1
CASSQTGGYQPQHF	1
CASSVGQGGSPLHF	1
CASSVGQGGPYEQYF	1
CASSVPGSYEQYF	1
CASSANTEAFF	1
CASSALAGGPGELFF	1
CASSADGPKAFF	1
CASSAPKFANSPLHF	1
CASSAGVGETQYF	1
CASSGRGSEKLFF	1
CASSGTGNTEAFF	1
CASSGNPYRQAEPQHF	1
CASSGQGHEQYF	1
CASSGPRQPQHF	1
CASSGDRATYEQYF	1
CASSGETSDTYEQYF	1
CASSGQGAGAEAFF	1
CASSGQTNTEAFF	1
CASSGGMNTEAFF	1
CASSGGTESNQPQHF	1
CASSGTGNGNQPQHF	1
CASSDSGTAYNSPLHF	1
CASSDAVGGGRNTEAFF	1
CASSDKGGSPLHF	1
CASSDSTRNTGELFF	1
CASSDSNTGELFF	1
CASSDDGISGELFF	1
CASSDSRSTDTQYF	1
CASSEQAISYEQYF	1
CASSEDGYSNQPQHF	1
CASSEESGGDYNEQFF	1
CASSETTVYNQPQHF	1
CASSELPGGVDTQYF	1
CASSEQGVWNEQFF	1
CASSEVEGRNTEAFF	1
CASSEADQGEQFF	1
CASSEAAGTSGRDEKLFF	1
CASSEATGLNTEAFF	1
CASSEAGRGSTEAFF	1
CASSEGWVDGYTF	1
CASSEELGAQPQHF	1
CASSEEQGAEAFF	1
CASSEIGRLEPLHF	1
CASSEIKQTEQYF	1
CASSERAVGQVGYTF	1
CASSITRKRGETQYF	1
CASSIGTMDEKLFF	1
CASSIRGRDTEAFF	1
CASSMGQGNSPLHF	1
CASSTSGAGASGNTIYF	1
CASSTGQGFTTGELFF	1
CASSTWVIVMNTEAFF	1
CASSTGQGFRQPQHF	1
CASSTTPQGRNSPLHF	1
CASSTPGGAFF	1
CASSRRDTFNQPQHF	1
CASSNYRGRATEAFF	1
CASSNAASWYEGYTF	1
CASSNRGTNTEAFF	1
CASSKIDRGGYTF	1
CASSFGGGGYEQYF	1
CASSFGTDLNQPQHF	1
CASSFGRDAFF	1
CASSFGDYGYTF	1
CASSFSQGQYGYTF	1
CASSFSRAGDTIYF	1
CASSFPGTKYNEQFF	1
CASSFRDNEKLFF	1
CASSFRQGRRLGYGYTF	1
CASSFHSGGNTEAFF	1
CASSFAEGYTF	1
CASSFGGSSQPQHF	1
CASSFGRETDIQYF	1
CASSFGNTIYF	1
CASSFIQNEQFF	1
CASSFTREAGMNTEAFF	1
CASSLFIGQGTYNSPLHF	1
CASSLSGSGNTEAFF	1
CASSLSLGYTGELFF	1
CASSLYPGYGYTF	1
CASSLRQGG	1
CASSLQGFSYNEQFF	1
CASSLQGIGDIQYF	1
CASSLAGLGSPLHF	1
CASSLAASKLNSPLHF	1
CASSLANGQYNYGYTF	1
CASSLAGDTEAFF	1
CASSLAGEFEQYF	1
CASSLAGQGGTEAFF	1
CASSLGGDSYEAFF	1
CASSLGPYTDTQYF	1
CASSLGHDTGELFF	1
CASSLGTTQETQYF	1
CASSLGTASVYGYTF	1
CASSLGHGGELFF	1
CASSLEETGQGRSEAFF	1
CASSLIAVGNIQYF	1
CASSLISGGTTGELFF	1
CASSLNGGGNTEAFF	1
CASSLLSGENQPQHF	1
CASSLSPRWVGGAEQFF	1
CASSLSQGAYNGYTF	1
CASSLSIGGAGTGELFF	1
CASSLSDLDPKNIQYF	1
CASSLSSDQETQYF	1
CASSLYSGDYNEQFF	1
CASSLYPGPPTGELFF	1
CASSLPSPYPIGAGGFYEQYF	1
CASSLPGPLQYF	1
CASSLRWPRGNQPQHF	1
CASSLRQQNTEAFF	1
CASSLQGTTEAFF	1
CASSLVWEYSNQPQHF	1
CASSLVFASQSSYEQYF	1
CASSLVGVEGLHF	1
CASSLVWHEGYTF	1
CASSLVLNTGELFF	1
CASSLVGPSPLHF	1
CASSLVGDTQYF	1
CASSLVGNTEAFF	1
CASSLVSNRGHKDQPQHF	1
CASSLVRRGGHSPLHF	1
CASSLAQANQPQHF	1
CASSLAGPSGETQYF	1
CASSLALEGAPGYGYTF	1
CASSLARTGYGYTF	1
CASSLAVAVYNEQFF	1
CASSLAGQETQYF	1
CASSLARTSGHTGELFF	1
CASSLAVYQPQHF	1
CASSLGAGVGTDTQYF	1
CASSLGTESVYGYTF	1
CASSLGRQGSGNTIYF	1
CASSLGPADYGYTF	1
CASSLGQGANYGYTF	1
CASSLGVRSGNTIYF	1
CASSLGAGKDGYTF	1
CASSLGDANTGELFF	1
CASSLGDTGTEAFF	1
CASSLGPGADTQYF	1
CASSLGRIEFSEAFF	1
CASSLGVGEAYGYTF	1
CASSLGTGAAEAFF	1
CASSLDRSHEQYF	1
CASSLDQSYEQYF	1
CASSLDMAGVYEKLFF	1
CASSLDVRRGTEAFF	1
CASSLEAEPNQPQHF	1
CASSLEDQPQHF	1
CASSLEDSNVYEQYF	1
CASSLTRNTEAFF	1
CASSLTDRDYPFGELFF	1
CASSLTDTYGYTF	1
CASSLTGETTNEKLFF	1
CASSLRRGPLNYGYTF	1
CASSLNSWDLGNTIYF	1
CASSLKRTGDNSPLHF	1
CASSLKNTSGRADEQFF	1
CASSLKGPGPLTGELFF	1
CASSSSGQAYEKLFF	1
CASSSLEGQEKLFF	1
CASSSPGISSYANEKLFF	1
CASSSQGGGNSNQPQHF	1
CASSSQGGQGRYSNQPQHF	1
CASSSTPLLAKNIQYF	1
CASSSFRQALGNTIYF	1
CASSSLGRRTGNTIYF	1
CASSSPPNYGYTF	1
CASSSPQREGVDTQYF	1
CASSSVKDGDEKLFF	1
CASSSAVTGELFF	1
CASSSGARNSPLHF	1
CASSSGTSYGELFF	1
CASSSGTGYGQPQHF	1
CASSSDHTGELFF	1
CASSSENYNEKLFF	1
CASSSTEAFF	1
CASSSRWTTHDGHEQYF	1
CASSSNAINQPQHF	1
CASSSKTATRRGSPLHF	1
CASSSSGLFGYTF	1
CASSSPSSSGNTIYF	1
CASSSAGTDYGYTF	1
CASSSAGTTNEKLFF	1
CASSSGGGTYEQYF	1
CASSSGLVSSIQYF	1
CASSSGRAANTEAFF	1
CASSSGQGYSPLHF	1
CASSSEFGDRVNQPQHF	1
CASSSKNWIQETQYF	1
CASSSYRTGSRVLHF	1
CASSSQPLAGGTGELFF	1
CASSSQGWREKLFF	1
CASSWTPGAIAGINEQFF	1
CASSYLPGHNYGYTF	1
CASSYTGSNQPQHF	1
CASSYWGSYNSPLHF	1
CASSYLTSSHEQYF	1
CASSYGQGATETQYF	1
CASSLGTGWSTGELFF	1
CASSLEPNYGYTF	1
CASSLNQAEAFF	1
CASSLRDTRRYGYTF	1
CASSLGLAGDTQYF	1
CASSLTGGLFF	1
CASSLRGGLGNGEKLFF	1
CASSLSGRWVSESYEQYF	1
CASSLPGVTEAFF	1
CASSLIGPMNTEAFF	1
CASSLNEKLFF	1
CASSLGPPGQGRFSNQPQHF	1
CASSPPDRATEAFF	1
CASSPGTSGNTIYF	1
CASSPGLMDSPLHF	1
CASSPGQAGSGELFF	1
CASSPISGQRAFF	1
CASSPTRTAKHTIYF	1
CASSPTTGASYNEQFF	1
CASSPTGVRQPQHF	1
CASSPSRSSGNTIYF	1
CASSPLTNYGYTF	1
CASSPQQTGELFF	1
CASSPAGAIYGYTF	1
CASSPGTATQYNEQFF	1
CASSPGLAGGQIGELFF	1
CASSPGPGLAGYEQYF	1
CASSPDSTGGNTIYF	1
CASSPDRDEQFF	1
CASSPEGPGYEQYF	1
CASSPTAGRDRYEKLFF	1
CASSPRVLSADTQYF	1
CASSPSSSPGELFF	1
CASSPGHTIYF	1
CASSPGSQGWTEAFF	1
CASSPGLVAEQFF	1
CASSPGLTNTGELFF	1
CASSPGHENTEAFF	1
CASSPGQGVQETQYF	1
CASSPGQGRGNTEAFF	1
CASSPGVGGTTDTQYF	1
CASSPDTITDTQYF	1
CASSPDSYNSPLHF	1
CASSPTTANYGYTF	1
CASSPPGPYTF	1
CASSPRQGLNTEAFF	1
CASSPQNEETYGYTF	1
CASSPGGAFVEAFF	1
CASSPGGASNEQYF	1
CASSPGTVSNQPQHF	1
CASSPEGGRTDTQYF	1
CASSPTRGNTEAFF	1
CASSRMTGSLNSPLHF	1
CASSRPEWVGRPGGYTF	1
CASSRGILYNSPLHF	1
CASSRENQPQHF	1
CASSRTEAFF	1
CASSRSGGTSTDTQYF	1
CASSRGVAAASSYEQYF	1
CASSRDSQNQPQHF	1
CASSRDRTFYGYTF	1
CASSRTGENTGELFF	1
CASSRSGQGTQETQYF	1
CASSRQGETEAFF	1
CASSRVTNYGYTF	1
CASSRGTGDRNTEAFF	1
CASSRMGLAGEELFF	1
CASSHRDYEKDTQYF	1
CASSHRGRQGYGYTF	1
CASSHLGGNSNQPQHF	1
CASSHGQVYSYGYTF	1
CASSHGQIEAFF	1
CASSHMRGRGNEQFF	1
CASSQSRGEKLFF	1
CASSQHRGEEQYF	1
CASSQGTSGRIYNEQFF	1
CASSQEGHPALAKNIQYF	1
CASSQESRATNEKLFF	1
CASSQTTGGWDEQYF	1
CASSQTGMNTETFF	1
CASSQFRESEAFF	1
CASSQFGTANYNSPLHF	1
CASSQLGTGDYTEAFF	1
CASSQLNQGASPLHF	1
CASSQPGQAQYF	1
CASSQRYSPLHF	1
CASSQRHLLGQPQHF	1
CASSQVGGRGSFRNEQFF	1
CASSQVRNTEAFF	1
CASSQAWSGYSPLHF	1
CASSQARHMQYF	1
CASSQAGPGGTDTQYF	1
CASSQGVLALETQYF	1
CASSQGTRGLEAFF	1
CASSQGPGLAGGPGSGELFF	1
CASSQGGTRGVTQYF	1
CASSQGSQYEQYF	1
CASSQGSGTGDQPQHF	1
CASSQGARAFGNTIYF	1
CASSQGDRPTVRLFF	1
CASSQDWSGFSYNSPLHF	1
CASSQDRRRRGNSPLHF	1
CASSQEGSGELFF	1
CASSQEVRGRRDGYTF	1
CASSQEAGWGNQPQHF	1
CASSQTPGQGSVEQYF	1
CASSQTGEGTEAFF	1
CASSQRQGRTGYTF	1
CASSQNQGWTEAFF	1
CASSQKFEQFF	1
CASSVAGGNEKLFF	1
CASSVSGGDQPQHF	1
CASSVDRGTDTQYF	1
CASSVTENTEAFF	1
CASSVVYDTQYF	1
CASSVVPNYGYTF	1
CASSVVEDEQFF	1
CASSVAWSSGISDTQYF	1
CASSVAGQGRTPLHF	1
CASSVGVSGTDTQYF	1
CASSVGGSDTQYF	1
CASSVESLAGISGELFF	1
CASSVIASGAYNEQFF	1
CASSVMRGQETQYF	1
CASSVSWGISEQYF	1
CASSASGGQETQYF	1
CASSALYWDGYTF	1
CASSARGAYSPLHF	1
CASSARDYGYTF	1
CASSAGVEGGLGNTEAFF	1
CASSAGQEETQYF	1
CASSAGLPMDTQYF	1
CASSAGGLRGYTF	1
CASSADRATNQPQHF	1
CASSADRGNTIYF	1
CASSATGTLAEAFF	1
CASSANLRTGRNYGYTF	1
CASSGGAEVYEQYF	1
CASSGMGVSPLHF	1
CASSGRGTGEKLFF	1
CASSGQGRPLNQPQHF	1
CASSEGGNQPQHF	1
CASSEFGGPNYEQYF	1
CASSEGLGQSNTEAFF	1
CASSEIEVKSTEAFF	1
CASSERTVMTDTQYF	1
CASSMTGRREKLFF	1
CASSIAGVGSYEQYF	1
CASSIGTSGFRTDTQYF	1
CASSIGQAPTNEKLFF	1
CASSTSGQGATEAFF	1
CASSTWGRNSPLHF	1
CASSTAGTRGNTIYF	1
CASSTGTAGNTIYF	1
CASSTTLRGGGSPLHF	1
CASSTITGGTEAFF	1
CASSRTTGGGSPLHF	1
CASSNLGSSLHF	1
CASSNRDGSPFNEKLFF	1
CASSNGTAGPNSPLHF	1
CASSKGGIYGYTF	1
CASSKGIYCSYEQYF	1
CASSKDPGGPGTGELFF	1
CASRFSDTEAFF	1
CASRLLPDSAGYGYTF	1
CASRPAGGPNTGELFF	1
CASRPHGQGNTEAFF	1
CASRRAGPNTEAFF	1
CASRRSTGVGNQPQHF	1
CASRRQGGTDTQYF	1
CASRAGQSGNTIYF	1
CASRGAYEQYF	1
CASRGGQPSRGYTF	1
CASRDLGQPQHF	1
CASRDPASNEKLFF	1
CASRSTEDYGYTF	1
CASRRVGGELFF	1
CASRNGPYEAFF	1
CASRKIQLGDHEELFF	1
CASRPQGFSTEAFF	1
CASRPTTDQPGNTIYF	1
CASRQDHNQPQHF	1
CASRGTGRTGELFF	1
CASRGQAKEKLFF	1
CASREALTGGTEAFF	1
CASRTQGDSLELFF	1
CASRRDTPGGYEQYF	1
CASRNEYLEAFF	1
CASRNRADEQYF	1
CASNLNIAGPSTQYF	1
CASNPRGGLAGERNEQFF	1
CASNPVPMKHEQYF	1
CASNPRGSHQAFF	1
CASNTYGQPQHF	1
CASNKGGAWGTEAFF	1
CASKLRPRGNNQPQHF	1
CASKTYRSPGAKNIQYF	1
CASKTGNTEAFF	1
CASKSPNTGELFF	1
CASKLLETNEKLFF	1
CASKPTSGGAPGELFF	1
CASKQFATNEKLFF	1
CASKNPRGFPYNSPLHF	1
CARARFF	1
CARTGAVGDTEAFF	1
CANPGTSGMSCISYNEQFF	1
CANDDQGIMGNIQYF	1
CASSLAGRGGELFF	1
CATSEGISGNTIYF	1
CASGTAPPSYYGYTF	1
CASGLALGPNEKLFF	1
CASTKSTGFNEKLFF	1
CASTFSGRDTEAFF	1
CASTLNDGTGSEKLFF	1
CASSSQGQRNQPQHF	1
CASSYDVSDSPLHF	1
CASSLGTGELFF	1
CASSPDRVHHLYGYTF	1
CASSRQGVNEKLFF	1
CASSGGDGSLSPQHF	1
CASSGTGGNQPQHF	1
CASSGKFGYEQYF	1
CASSDPGGAEKLFF	1
CASSDPPSGSYEQYF	1
CASSDKALSPLHF	1
CASSESLSGQYF	1
CASSESPALAKNIQYF	1
CASSEVTGEQPQHF	1
CASSEGWTKPTDTQYF	1
CASSEDRVETQYF	1
CASSETGGYGYTF	1
CASSENRGYGSPLHF	1
CASSTPSVVNTEAFF	1
CASSTTGNTEAFF	1
CASSNDVRDSPLHF	1
CASSKGQGYEQYF	1
CASSFLGQGRSPLHF	1
CASSFGMGTEAFF	1
CASSFGTSNYGYTF	1
CASSFHRTGGGTEAFF	1
CASSFQVGFSNQPQHF	1
CASSFQGLSGNTIYF	1
CASSFQGDTEAFF	1
CASSFGTVSWEPQHF	1
CASSFEDRANEKLFF	1
CASSFSGSYGYTF	1
CASSFRLGTEAFF	1
CASSLLGQGEKLFF	1
CASSLSPGQGYEQYF	1
CASSLSGQAVSVAFF	1
CASSLSAPNTEAFF	1
CASSLLSGGQNSPLHF	1
CASSLLGTGDNSGNTIYF	1
CASSLPGERGYTF	1
CASSLVGGTDSPLHF	1
CASSLVDGGTEAFF	1
CASSLVGGDQPQHF	1
CASSLVRGTTEAFF	1
CASSLVAGGGEAFF	1
CASSLVGRSEAFF	1
CASSLVGDLNTEAFF	1
CASSLARPGINTEAFF	1
CASSLAVGPRWTEAFF	1
CASSLAGFPAGYTF	1
CASSLGIGAEAFF	1
CASSLGFSPLHF	1
CASSLGGNTEAFF	1
CASSLGDRGLMNTEAFF	1
CASSLGTSGTGELFF	1
CASSLGTANEKLFF	1
CASSLGGGGGNQPQHF	1
CASSLGGTGQNTEAFF	1
CASSLDVNTEAFF	1
CASSLDGGASGGEKLFF	1
CASSLESGSGNTIYF	1
CASSLESGNYGYTF	1
CASSLEGNQPQHF	1
CASSLENRNTEAFF	1
CASSLEWDSPLHF	1
CASSLEAGEGNSPLHF	1
CASSLEGTNYGYTF	1
CASSLEGTGANTEAFF	1
CASSLIPTSGNTEAFF	1
CASSLISGTGQPQHF	1
CASSLTGPGDSEKLFF	1
CASSLTGANEKLFF	1
CASSLTTTNEKLFF	1
CASSLRGQSNEKLFF	1
CASSLVTGEKLFF	1
CASSLAGRATEAFF	1
CASSLGGSLPYGYTF	1
CASSLETGRNQPQHF	1
CASSLEPLAQWTEAFF	1
CASSLEGNSPLHF	1
CASSLIFDRARIYTF	1
CASSSSRTNEKLFF	1
CASSSRRGRPMVVNTEAFF	1
CASSSYNYGYTF	1
CASSSPGGRGYTF	1
CASSSRDRGTYEQYF	1
CASSSRDRSFTEAFF	1
CASSSRTTNEKLFF	1
CASSSGGYVTGELFF	1
CASSSGQGVVSNYGYTF	1
CASSSNSGAGYGYTF	1
CASSSLAGGSGELFF	1
CASSSRPTALVANYGYTF	1
CASSWGASHEEKLFF	1
CASSWMPGRTNYGYTF	1
CASSWTWNTEAFF	1
CASSYRDMFGNTEAFF	1
CASSLLGTLGSPLHF	1
CASSLTGRDTQYF	1
CASSLAARMFDSPLHF	1
CASSLTGTDEKLFF	1
CASSLRGGISYNEQFF	1
CASSLAQGSSSYEQYF	1
CASSLGAGLKDGYTF	1
CASSLGGTDNQPQHF	1
CASSLTGNYGYTF	1
CASSLNLDRGGYTF	1
CASSPDRSPNTEAFF	1
CASSPIGDATPLHF	1
CASSPLVAGDSADTQYF	1
CASSPETLYSNQPQHF	1
CASSPSRYRSPTPQHF	1
CASSPREGSYNSPLHF	1
CASSPKDQGEAQPQHF	1
CASSPTFDRDRGQYF	1
CASSPFDSATNEKLFF	1
CASSPPDTYGYTF	1
CASSPPGRTNTEAFF	1
CASSPRQMNTEAFF	1
CASSPGGTEAFF	1
CASSRRGGEHQPQHF	1
CASSRHQGFLMTEAFF	1
CASSRFPGQGKVGSYGYTF	1
CASSRSPQRGYTF	1
CASSRVRRTGKNSPLHF	1
CASSRVHENNNQPQHF	1
CASSRVGQGGDIQYF	1
CASSRIAEDTQYF	1
CASSHPPNQPQHF	1
CASSHQPRDRGSYGYTF	1
CASSHDSGQPQHF	1
CASSHTTMGRVLNTGELFF	1
CASSHPGQGGWNTEAFF	1
CASSHPDSYQPQHF	1
CASSQSGGRYNEQFF	1
CASSQPGTSGDEQFF	1
CASSQADRDTQPQHF	1
CASSQGDGNTEAFF	1
CASSQTRDRGRKNTEAFF	1
CASSQTQGSEQYF	1
CASSQRDSINQPQHF	1
CASSQQGASTDTQYF	1
CASSQQQGTLYGYGYTF	1
CASSQVPFVGLLNTEAFF	1
CASSQVGFGSPLHF	1
CASSQVWTNNEKLFF	1
CASSQVSGEHGYTF	1
CASSQVDYTGELFF	1
CASSQAGFPMNTEAFF	1
CASSQGDTQYF	1
CASSQGPRLAGGYEQFF	1
CASSQGRGNTIYF	1
CASSQGANQPQHF	1
CASSQGTGYQPQHF	1
CASSQGQGPKPQHF	1
CASSQGGGAHNSPLHF	1
CASSQGGLAGGPVGELFF	1
CASSQDSGGGTEAFF	1
CASSQDWLPLPLAKNIQYF	1
CASSQDLGRARGYTF	1
CASSQDHRFDYGYTF	1
CASSQDATGSSNQPQHF	1
CASSQDRAGRVHEQYF	1
CASSQDRAEAFF	1
CASSQDKTTNEKLFF	1
CASSQDPGGGTEAFF	1
CASSQDASGSGTGELFF	1
CASSQDGRRNTEAFF	1
CASSQDTNYGYTF	1
CASSQERRSSPQHF	1
CASSQEVALNTEAFF	1
CASSQEAYGYTF	1
CASSQEETGVTTNEKLFF	1
CASSQEIPGDLAYNEQFF	1
CASSQEAWHTQAYF	1
CASSQEGRADEAFF	1
CASSQEGRMNTEAFF	1
CASSQEGGRGNGYTF	1
CASSQEDNQPQHF	1
CASSQISSGTGYAEAFF	1
CASSQNVDRARLNTEAFF	1
CASSVEPGQGYGNTIYF	1
CASSVTGNYGYTF	1
CASSGGTTEAFF	1
CASSGGPLNTEAFF	1
CASSGDANSGNTIYF	1
CASSGTGGQGAFF	1
CASSDGTGDQPQHF	1
CASSDNRGAYGYTF	1
CASSIDAGELFF	1
CASSTGQPSGNTIYF	1
CASSTGPNTEAFF	1
CASSTRVLSFQTEAFF	1
CASSSLRGLNTEAFF	1
CASSSQGLGEKLFF	1
CASSKRGGQGALRSNQPQHF	1
CASRLDLRSPLHF	1
CASRQSTYNSPLHF	1
CASRAMNTEAFF	1
CASRAASSPLHF	1
CASRGTGYSNQPQHF	1
CASRGSMNTEAFF	1
CASRRNRVTENTEAFF	1
CASRRVAGQRDTQYF	1
CASRRIGGGDYGYTF	1
CASRNPQETQYF	1
CASRSRGNGNTGELFF	1
CASRPTGGDGYTF	1
CASRGTKKNIQYF	1
CASRNGQGTEAFF	1
CASNGDSYGYTF	1
CARDGAYGYTF	1
CARKKVVPGKGYTF	1
CAETESTNYGYTF	1
CSLTAVKNIQYF	1
CSSGDHKNIQYF	1
CSVPIRGSEAFF	1
CSAWRDTQYF	1
CSALSQNTEAFF	1
CSAPYGSNYGYTF	1
CSAPPTGEYGYTF	1
CSAVDPTGNQPQHF	1
CSAADRAMAPLHF	1
CSAGIGDTEAFF	1
CSAGTGGTNQPQHF	1
CSAGESGELYGYTF	1
CSAIQPSTDTQYF	1
CSATRDRGPYGYTF	1
CSATPGTELYSNQPQHF	1
CSATDSNSRGLSPLHF	1
CSATNNYGYTF	1
CSASWGFGGTEAFF	1
CSASLTGVPNYGYTF	1
CSASPPTNEKLFF	1
CSASPEGSYNSPLHF	1
CSASAGGVMAFF	1
CSASIGANQPQHF	1
CSASNRAPSPNYGYTF	1
CSASKVQGGGYTF	1
CSASFAGPNYGYTF	1
CSASDGTAANSPLHF	1
CSASRGITDTQYF	1
CSARSGGYGYTF	1
CSARRQGDIRNYGYTF	1
CSARNRDRGSNQPQHF	1
CSARSRFNTEAFF	1
CSARLGSQGLNQPQHF	1
CSARVRAGGDTQYF	1
CSARVGYGYTF	1
CSARVGSGNTIYF	1
CSARVDAWGSPLHF	1
CSARVQGLGQPQHF	1
CSARAPGQGYNQPQHF	1
CSARALGGAGNTIYF	1
CSARGQGARGTEAFF	1
CSARGGTAGQEAFF	1
CSARGDRENSPLHF	1
CSARDLGGGGPQFF	1
CSARDSRNSYGYTF	1
CSARDYGDGPRETQYF	1
CSARDLRQGTNYGYTF	1
CSARDLNTEAFF	1
CSARDPFWGIGNTEAFF	1
CSARDPTDLSGNTIYF	1
CSARDPRGRRENHEQYF	1
CSARDPRRSTDTQYF	1
CSARDESSWEPQHF	1
CSARDIGSWVSTNTEAFF	1
CSARDRDRGYYNQPQHF	1
CSAREWGRDNEKLFF	1
CSAREFVRQAFF	1
CSARRGQGANTIYF	1
CSARRPTGATNEKLFF	1
CSANAPGQTKNTEAFF	1
CSAKSGQGGNQPQHF	1
CSAKGGATNEKLFF	1
CSAYEGVWTGGNQPQHF	1
CSAPLRGPSTDTQYF	1
CSARQGENSPLHF	1
CSAQDSGNSPLHF	1
CSAQNEKLFF	1
CSAGGYSNQPQHF	1
CSANPMGLAYGYTF	1
CSAKPLTDRIRDYGYTF	1
CSAAGQGMGETQYF	1
CSARPYTATEAFF	1
CSARDTF	1
CSTPGQGRYNSPLHF	1
CSVSGTGNTGELFF	1
CSVSGSLNTEAFF	1
CSVPPGLAFHTQYF	1
CSVPGPVLGELFF	1
CSVPVNTGELFF	1
CSVRRSWNTEAFF	1
CSVVHRGPGETQYF	1
CSVVESDEQYF	1
CSVVAGQETQYF	1
CSVVEGASLGNQPQHF	1
CSVARGSADTQYF	1
CSVAGQDDGYTF	1
CSVGRRPGQLNTGELFF	1
CSVGEGQKETQYF	1
CSVGKDINYGYTF	1
CSVGGSGDFYEQYF	1
CSVGGTGELFF	1
CSVGTAYGYTF	1
CSVGGKGYTF	1
CSVGERGGTDTQYF	1
CSVGEYSNQPQHF	1
CSVDLREVTGELFF	1
CSVDARNTEAFF	1
CSVDTGTNTEAFF	1
CSVDRGSSYNEQFF	1
CSVEGPPNTEAFF	1
CSVESLTGTSNEQFF	1
CSVELRMRETQYF	1
CSVELAGGPRETQYF	1
CSVEAEGDRGYMNTEAFF	1
CSVEGEDSRTQYF	1
CSVEDLGEAKNIQYF	1
CSVEDLSGSPDTQYF	1
CSVEDPRQGTDGYTF	1
CSVEDHQGRAFF	1
CSVETSGGYEQYF	1
CSVENSVAYGYTF	1
CSVENSGRPPYSYEQYF	1
CSVRTRRGNYEQYF	1
CSVPLAGGMDTQYF	1
CSVRQGADYGYTF	1
CSVVGQYNEQFF	1
CSVGWTGEQYF	1
CSVDSDRSYNEQFF	1
CSVDRGRSRGYTF	1
CSVWTATSYEQYF	1
CSVQTTGVRTEAFF	1
CSVRQGSEPQHF	1
CSAVSVITEAFF	1
CSAAEGQGLVYGYTF	1
CSAGTSGDTQYF	1
CSANPRGRDGYTF	1
CSAGQLYEQYF	1
CSANTGFSGNTIYF	1
CSAVDRVVQETQYF	1
CSGSSGAHYEQYF	1
CSGGQPNEQFF	1
CSGAGPPQETQYF	1
CSILSGEGADTQYF	1
CSTRSPGRLVTGAFF	1
CRLGLAGSSTDTQYF	1
CRPSKGPGGVADTQYF	1
RASSLIEGNYGYTF	1
RASSLRGQEPFDQPQHF	1
RASSLRRTRYQPQHF	1
RASSRGGCQTQYF	1
CASSLLQGARREETQYF	4
CASSLTSGGATEQFF	3
CASSLTSGALTYEQYF	3
CAWSVAGLSTGELFF	2
CAWSTEAHTEAFF	2
CAISGPSGGKTYNEQFF	2
CAISEQGIGNTIYF	2
CASRLRTPFHEQYF	2
CASIPCGGTSNSSTDTQYF	2
CASSFLGTSYYNEQFF	2
CASSFTPPGDLYGYTF	2
CASSFNRGRLKISNQPQHF	2
CASSFYTGTSGYNEQFF	2
CASSFGYEQYF	2
CASSLPVGRARADTQYF	2
CASSLSGGPYHGYTF	2
CASSSKDRRPYEQYF	2
CASSYSALVGVYNEQFF	2
CASSPGGLVNHEQYF	2
CASSPRGLAGGRTDTQYF	2
CASSGNLGLAGSYEQYF	2
CASSELAPTSGGAADTQYF	2
CASSEEVLAGGPRETQYF	2
CASSIQGTYEQYF	2
CASSFRELGGEKLFF	2
CASSFGQETQYF	2
CASSFEDPSYNEQFF	2
CASSLVSYEQYF	2
CASSLSQDSPLHF	2
CASSLLAGGRTGELFF	2
CASSQTSGGETQYF	2
CASSAGLVYNEQFF	2
CASSGPRVSSYNEQFF	2
CASRPGRGIGELFF	2
CASGAPSPDTQYF	2
CASSFLGGTITGELFF	2
CASSFGGNEQYF	2
CASSFNVDEQYF	2
CASSFETGIYEQYF	2
CASSLLGTGGDEQYF	2
CASSLVLVSEPDEQFF	2
CASSLGDTNYNEQFF	2
CASSLGQGTGEQYF	2
CASSLGGDRYYEQYF	2
CASSLDQGNEQFF	2
CASSLEAGGYNEQFF	2
CASSLEGSSYNEQFF	2
CASSWGDSSDNEQFF	2
CASSLGGGLEQFF	2
CASSLLILRDRGREQFF	2
CASSPLVAGSGELFF	2
CASSPIARRNEQFF	2
CASSQVKLVAGYEQYF	2
CASSQVVGTSDNEQFF	2
CASRQGLAGGHSSYNEQFF	2
CSARVEGQRVGEPQHF	2
CSARIGLAGGSTDTQYF	2
CSAISLGSGGVETQYF	2
CSVASLAGYVDEQFF	2
CSVAWEGPDTQYF	2
CSVEWRGFTGNTIYF	2
CSVRTGTANYGYTF	2
CPISEPRQALGIQYF	1
CAACEQYF	1
CASGGAVTDTQYF	1
CASGRTAQNYGYTF	1
CAWGEGTVDGYTF	1
CAWTGTGNNQPQHF	1
CAWSVFFTGVDSYEQYF	1
CAWSVPQVSGNTIYF	1
CAWSDTYIYGYTF	1
CAWSLDRGSNQPQHF	1
CAWSVGYGYTF	1
CAWRGVGLRQPQHF	1
CAWNRVANYGYTF	1
CAWKPYSEAFF	1
CAVRDREETQYF	1
CAALKDRGGTGELFF	1
CAAGTASGNTIYF	1
CAAGGIGADTQYF	1
CAISGGSGTDTQYF	1
CAISGLTTGELFF	1
CAIHGERTSLYNEQFF	1
CAIGTAGTGGAYGYTF	1
CAIGAQTQYF	1
CAITSGLLGDTQYF	1
CAISPGTDTQYF	1
CAISQDPTDTQYF	1
CAISVDGTMSPLHF	1
CAISAGSGFTDTQYF	1
CAISAQPYSGRVEDTQYF	1
CAISAVAMNTEAFF	1
CAISGQRSTGELFF	1
CAISGAFTDTQYF	1
CAISGTPDEQFF	1
CAISGTGGPYNEQFF	1
CAISGTGEAFEQFF	1
CAISGTKNTGELFF	1
CAISGRDRETQYF	1
CAISDRGKNTEAFF	1
CAISDGGGNIQYF	1
CAISDRTSAYNEQFF	1
CAISDGTNAPDTQYF	1
CAISEFPPGSVRLADTQYF	1
CAISESPDTQYF	1
CAISESWTGSYEQYF	1
CAISESFVVDGEQYF	1
CAISESSGGRTNQPQHF	1
CAISESMGIRAFF	1
CAISEGQTSGPQHF	1
CAISEGMEINQPQHF	1
CAISEGTPTEQFF	1
CAISEGQGDTGELFF	1
CAISEDGVAQTQYF	1
CAISERGSQETQYF	1
CAISEGVSNQPQHF	1
CAISNSGGTNEKLFF	1
CAISKGVGTAETQYF	1
CAISPRERNNIQYF	1
CAISQSSGSTDTQYF	1
CAISQITGSPTDTQYF	1
CAIRVLSGNTIYF	1
CAIRGQENTEAFF	1
CAIRDREEETQYF	1
CAIRQGGITDTQYF	1
CAINSPGVVNEQFF	1
CAINSDRGDSSGNTIYF	1
CAMNGDEAGLTNEQFF	1
CATSLLGDRVGSGELFF	1
CATSRTSGYDTQYF	1
CATRRDSDQQPQHF	1
CATRQGTYEQYF	1
CATQGAGKNIQYF	1
CATQDSSYNSPLHF	1
CATGRRRSGNTIYF	1
CATSSRSGATGELFF	1
CATSPQGRGSQPQHF	1
CATSRLGGMSDTQYF	1
CATSALGWPGGELFF	1
CATSALAGGTDTQYF	1
CATSGVP	1
CATSGRGRNTEAFF	1
CATSDFLQGKSGELFF	1
CATSDFSAGANGPQHF	1
CATSDFVAGELFF	1
CATSDFGESGLYGYTF	1
CATSDFRGSSLDTEAFF	1
CATSDLLGDNSNTEAFF	1
CATSDLGPGQGASNQPQHF	1
CATSDLRSTGELFF	1
CATSDWGSHQPQHF	1
CATSDPDRNTIYF	1
CATSDAKDGNYGYTF	1
CATSDAGEATGELFF	1
CATSDRDRDTGELFF	1
CATSDRRGGSGDTQYF	1
CATSDPVGNTQYF	1
CATSDRRYPRVLNTGELFF	1
CATSDRETQYF	1
CATSESGKDNEQFF	1
CATSEELEGYTF	1
CATSERGPTDTQYF	1
CATSLSVPSGNTIYF	1
CATSRLRGNTGELFF	1
CATSIGTGQTQYF	1
CATSTTVGITEAFF	1
CATSSLNTEAFF	1
CATSRYRDTQETQYF	1
CATSRDDRAYGYTF	1
CATSKDRATGELFF	1
CATRREGSWANYGYTF	1
CATNPPWTNTEAFF	1
CATKASGKTYNEQFF	1
CATKDSANTGELFF	1
CATRRQGNLYNEQFF	1
CASSTGLDTEAFF	1
CASRSASEAFF	1
CASRKGPAPKLFF	1
CASFAGHLNTEAFF	1
CASLFGRLFF	1
CASLDPGLPPTDTQYF	1
CASLQDREGVTEAFF	1
CASSYSPGVLSSGNTIYF	1
CASSTTGNTEAFF	1
CASSARTLLEEGYGYTF	1
CASSFRDSLSLVPDTQYF	1
CASSPGQGAYNEKLFF	1
CASSPQMDWTGDYGYTF	1
CASSPSGGFNYGYTF	1
CASSPRGEPGQPQHF	1
CASSPQGASGNTIYF	1
CASCTSPGEETQYF	1
CASWTGVRTEAFF	1
CASYQGRVGGYTF	1
CASLTPGTGGTEAFF	1
CASLLWGGDYGYTF	1
CASPFGLAGTGELFF	1
CASRGGLSGTLGGYTF	1
CASRDGGSGRAREQYF	1
CASRDRTYEQYF	1
CASRAGVLGEKLFF	1
CASRTGGYSPLHF	1
CASRRDRGRGGQPQHF	1
CASRRTENTEAFF	1
CASHLAGVGDTQYF	1
CASVGVYGYTF	1
CASVAGLNTEAFF	1
CASAGSWFNPQYF	1
CASAGGSNQPQHF	1
CASAGPAPEKLFF	1
CASANTRAFF	1
CASGPGTSGSIEQFF	1
CASGRRDYGYTF	1
CASGTRDRTEKLFF	1
CASGAGGNTGELFF	1
CASGGWPNTEAFF	1
CASGETGFSNSPLHF	1
CASGEYEHYF	1
CASGETSIMTDTQYF	1
CASMSRTENTEAFF	1
CASMPSGMNTGELFF	1
CASMIGLGSANTGELFF	1
CASIGAQGRRNTEAFF	1
CASTPIGSQETQYF	1
CASTRQGSSGANEKLFF	1
CASTFYAYRESETQYF	1
CASTLGGRQEKLFF	1
CASTLGVQGYQPQHF	1
CASTLDRGHGYTF	1
CASTSPGDYGYTF	1
CASTPGQREKLFF	1
CASTPGGHEQYF	1
CASTVGFGYTF	1
CASTVSIGNSPLHF	1
CASTGPGPYNSPLHF	1
CASTGQGALREKLFF	1
CASTGIGLNTEAFF	1
CASTEGMSGYTF	1
CASTEGTNTGELFF	1
CASTTGQYEQYF	1
CASTSGGARDTEAFF	1
CASTRGQFVLSEKLFF	1
CASTPADTNYGYTF	1
CASSFRRNQPQHF	1
CASSFVWTGDTEAFF	1
CASSFVNSPLHF	1
CASSFAGAGVGELFF	1
CASSFGGIGNTIYF	1
CASSFGDGYTF	1
CASSFDSPLHF	1
CASSFTPTGGGQPQHF	1
CASSFKDSGNTIYF	1
CASSFRQENSPLHF	1
CASSFVGTGNYGYTF	1
CASSFAANTEAFF	1
CASSFGGRETQYF	1
CASSFGPLGTIYF	1
CASSFGPTAEAFF	1
CASSFGTAFTYEQYF	1
CASSFGQGAGGTEAFF	1
CASSFGQGNQAFF	1
CASSFDSTLGKLFF	1
CASSLLVAQFF	1
CASSLSDVGGSPLHF	1
CASSLSRGSTDTQYF	1
CASSLPQSNYGYTF	1
CASSLRPGGEKLFF	1
CASSLRQNNSPLHF	1
CASSLQGPDTEAFF	1
CASSLVGGSEKLFF	1
CASSLGWDRVHGYTF	1
CASSLGLEVPSEQYF	1
CASSLGLSTEAFF	1
CASSLGGQGAPLHF	1
CASSLGSERPQHF	1
CASSLGESYTF	1
CASSLGTTDGYTF	1
CASSLGQVTNQPQHF	1
CASSLDRQYGYTF	1
CASSLMRRETEAFF	1
CASSLSPDTQYF	1
CASSLRTGELFF	1
CASSLNGYEQYF	1
CASSLKGPTYNEQFF	1
CASSLLAGTDTQYF	1
CASSLSDGRNTIYF	1
CASSLSTPHSSYNSPLHF	1
CASSLSGAGNTIYF	1
CASSLSGGSEAFF	1
CASSLYLLSTEAFF	1
CASSLYPSGSHGRTGELFF	1
CASSLYPTGEATNEKLFF	1
CASSLYGGTGELFF	1
CASSLLRRGALEKLFF	1
CASSLLPESYEQYF	1
CASSLPGNTEAFF	1
CASSLQGPNTEAFF	1
CASSLVFRNTEAFF	1
CASSLAGTQYF	1
CASSLAITENTEAFF	1
CASSLAAGSIGGYTF	1
CASSLAGEATPFNEKLFF	1
CASSLARYQPQHF	1
CASSLAGYSNQPQHF	1
CASSLGDQPQHF	1
CASSLGRYSDEQFF	1
CASSLGGVYGYTF	1
CASSLGETEAFF	1
CASSLGRKAYSPLHF	1
CASSLGLAGRYEQYF	1
CASSLGQGYRSPLHF	1
CASSLEQRNTEAFF	1
CASSLEGWGGNQPQHF	1
CASSLIQGKNSPLHF	1
CASSLMGNQETQYF	1
CASSLIAGAGELFF	1
CASSLTRANTGELFF	1
CASSLTGRNTEAFF	1
CASSLTGGSGNTIYF	1
CASSLSLEGADGYTF	1
CASSLSRGPNQPQHF	1
CASSLSRDFQHF	1
CASSLSAGGTEAFF	1
CASSLRAYYYGYTF	1
CASSLRTGASNQPQHF	1
CASSLNRVNYGYTF	1
CASSLKGGQPQHF	1
CASSSHAPNYGYTF	1
CASSSSGGLYRGYTF	1
CASSSLDSTFFF	1
CASSSPGSNQPQHF	1
CASSSRRPGEQYF	1
CASSSRGGLQPQHF	1
CASSSGTGVKQYF	1
CASSSGRGNQPQHF	1
CASSSGGLNTGELFF	1
CASSSYRVREKLFF	1
CASSSGAGQPQHF	1
CASSSGLADYEQYF	1
CASSSDRAQPQHF	1
CASSSDRAISYNSPLHF	1
CASSSMANNSPLHF	1
CASSSTGRNSPLHF	1
CASSSRQGSGNTIYF	1
CASSSYRSNQPQHF	1
CASSSRDGGRENTEAFF	1
CASSSTDTNEKLFF	1
CASSWLGGRKSPLHF	1
CASSWAGTRDQYF	1
CASSWGTSGKWNTGELFF	1
CASSYGQSTDTQYF	1
CASSYDGSSYNSPLHF	1
CASSYSGIGYTIYF	1
CASSYSRWGTEAFF	1
CASSYSNSYLEAFF	1
CASSYWSLGQGATEAFF	1
CASSYPQGGQPQHF	1
CASSYRTTGEISPLHF	1
CASSYRRGRGGNTIYF	1
CASSYGPGSVGKLFF	1
CASSYGGGTEAFF	1
CASSYGEKLFF	1
CASSYGTDSGNTIYF	1
CASSYGTEAFF	1
CASSYGRGWVAEAFF	1
CASSYTFQWGAIGNTIYF	1
CASSYTPDDGEKLFF	1
CASSYTVRAGGRETEAFF	1
CASSLSGAGETQYF	1
CASSLLGGNTIYF	1
CASSLPGDGQPQHF	1
CASSLRWNTEAFF	1
CASSLPGQASEQYF	1
CASSLVGAGGSTGELFF	1
CASSLGTGDGYTF	1
CASSLRRYTQYF	1
CASSLSDTEAFF	1
CASSLQDLNTEAFF	1
CASSLAGGTGELFF	1
CASSLGDSYYEQYF	1
CASSLGTSGGNEQFF	1
CASSLTGGLDRAQHF	1
CASSPWTGKSAEAFF	1
CASSPSGESNQPQHF	1
CASSPPPSTSRNTIYF	1
CASSPPDGVHTF	1
CASSPRVGGAMNTEAFF	1
CASSPGAGVNEKLFF	1
CASSPGTLGDTIYF	1
CASSPGTGWADTQYF	1
CASSPGTGYYEKLFF	1
CASSPGTGSYGYTF	1
CASSPGQNPWRSNQPQHF	1
CASSPTGAVITDTQYF	1
CASSPRGTADSNQPQHF	1
CASSPLVGGGYTF	1
CASSPGQVNSPLHF	1
CASSPTQGSEKLFF	1
CASSPTQGADTEAFF	1
CASSPTGLGTDTQYF	1
CASSPPPRGGQETQYF	1
CASSPPGWGAGELFF	1
CASSPQGVSEAFF	1
CASSPAGTVLNQPQHF	1
CASSPGSRVYNEQFF	1
CASSPTGIHGYTF	1
CASSRGPLNTEAFF	1
CASSRDANTEAFF	1
CASSRDRHNSPLHF	1
CASSRSPGPAERAFF	1
CASSRSGDSGNSPLHF	1
CASSRWSEGQGDTQYF	1
CASSHANEAGGPNTGELFF	1
CASSQPPNTGELFF	1
CASSQMRRAEGTEAFF	1
CASSQTVSGNTIYF	1
CASSQKKSSPLHF	1
CASSVGGGAGIQPQHF	1
CASSVVEQFF	1
CASSVISNQPQHF	1
CASSARRAGNQPQHF	1
CASSGGEPSSTDTQYF	1
CASSGRGTGNTIYF	1
CASSGDKSYEQYF	1
CASSGTGAGNTIYF	1
CASSGNPSETQYF	1
CASSDWGGKSSEKLFF	1
CASSDGTSGRNEQYF	1
CASSDTAGQPQHF	1
CASSDSETTQPQHF	1
CASSDPRDLLYQPQHF	1
CASSDQQPNTEAFF	1
CASSDQGERSLHF	1
CASSDVNTGELFF	1
CASSDAGGGAEAFF	1
CASSDGTGGAETQYF	1
CASSDGLGDTEAFF	1
CASSDSRYSNQPQHF	1
CASSDRGRGMNTEAFF	1
CASSEFRAGEMNTEAFF	1
CASSEGANTGELFF	1
CASSEEGDYTEAFF	1
CASSETGNSPLHF	1
CASSETGVKGEAFF	1
CASSERALGVLPQHF	1
CASSENRESTEAFF	1
CASSELDVHYGYTF	1
CASSESGQDNQPQHF	1
CASSESGSGYGYTF	1
CASSEYSVSSTDTQYF	1
CASSEYKAAPLHF	1
CASSERDRGRVGYTF	1
CASSEGQQGSDIQYF	1
CASSEGVGTDTQYF	1
CASSEGGITGYTF	1
CASSEGGRGNTIYF	1
CASSEGTAGSSPLHF	1
CASSEGGVDYGYTF	1
CASSEIQGSGNTIYF	1
CASSEISETQYF	1
CASSETLTSEDTQYF	1
CASSETRDFQETQYF	1
CASSETGQQNIQYF	1
CASSENPQNESTEAFF	1
CASSEKGGGADDNYGYTF	1
CASSMDRGSTGELFF	1
CASSMMGLGRTSEAFF	1
CASSTPRTEAFF	1
CASSTIGAQGEQYF	1
CASSTEALMVKKLFF	1
CASSTTGPQHF	1
CASSRQEKLFF	1
CASSKPGLKEAFF	1
CASSFLDPTF	1
CASSFWGGAGRQLNYGYTF	1
CASSFLRGRGREKLFF	1
CASSFPASGPKPNTGELFF	1
CASSFVTETSGNTIYF	1
CASSFGSSASNYGYTF	1
CASSFGGEDYGYTF	1
CASSFGPGNSGNTIYF	1
CASSFGGSGNTIYF	1
CASSFGDRNEKLFF	1
CASSFTPQNYGYTF	1
CASSFRSNTDTQYF	1
CASSFSRLALAGDTQYF	1
CASSFPRLSYNSPLHF	1
CASSFRTGTDTQYF	1
CASSFQVQAILNTGELFF	1
CASSFVAGRNEKLFF	1
CASSFAGHRGRDWQAFF	1
CASSFALGQNTEAFF	1
CASSFGQLNTEAFF	1
CASSFETGSSYEQYF	1
CASSFMGRNQPQHF	1
CASSLFEDWDEKLFF	1
CASSLSFGPRGAFF	1
CASSLWSGEQYF	1
CASSLWRKGYQNYGYTF	1
CASSLYVSNEQFF	1
CASSLYQGEGYTF	1
CASSLYGGTNTEAFF	1
CASSLPNRANTIYF	1
CASSLQHGGNIQYF	1
CASSLQGAWVYEKLFF	1
CASSLVTASGGQVTQYF	1
CASSLVGRAAEAFF	1
CASSLAGGVGYGYTF	1
CASSLAGGGGNQPQHF	1
CASSLAFGNTEAFF	1
CASSLAASIPSRAVF	1
CASSLAGNQPQHF	1
CASSLGGTHGNQPQHF	1
CASSLGIDTQYF	1
CASSLGVNQPQHF	1
CASSLGAFASNQPQHF	1
CASSLGMPSSSGYTF	1
CASSLGQGSQAFF	1
CASSLDPGEFRETQYF	1
CASSLEQGRTGELFF	1
CASSLENIQYF	1
CASSLMTDTQYF	1
CASSLTELAGYTF	1
CASSLFRWDYGYTF	1
CASSLFGYTF	1
CASSLFSSNTEAFF	1
CASSLLREQYF	1
CASSLLQYDTQYF	1
CASSLLSESAEHF	1
CASSLWVYTEAFF	1
CASSLWVPGTNEKLFF	1
CASSLPQAYGYTF	1
CASSLPGTEAFF	1
CASSLRARDYEQYF	1
CASSLRSRINTGELFF	1
CASSLRANEKLFF	1
CASSLRGGNSPLHF	1
CASSLRTELLLFF	1
CASSLRMRGGTTGELFF	1
CASSLQTGQPQHF	1
CASSLVGYRGNEQYF	1
CASSLVSGENTDTQYF	1
CASSLVPGLAGGVQETQYF	1
CASSLVEDTGELFF	1
CASSLVEGRDNTEAFF	1
CASSLVQINYGYTF	1
CASSLVASTDTQYF	1
CASSLVDHQPQHF	1
CASSLARDSPYGYTF	1
CASSLAVGTGGASGYTF	1
CASSLAGYEQYF	1
CASSLAGRAQYF	1
CASSLAGLAGTGELFF	1
CASSLAGTGEPQHF	1
CASSLALDRIQKNEQFF	1
CASSLAGTGGMNTEAFF	1
CASSLARLADTQYF	1
CASSLALGRTEAFF	1
CASSLAYRDPGELFF	1
CASSLALTAVNTEAFF	1
CASSLAGDYGYTF	1
CASSLATGDEAFF	1
CASSLAFGDGYTF	1
CASSLAGGKPQHF	1
CASSLGFSGYTF	1
CASSLGFQAGVYGYTF	1
CASSLGYRGSSQPQHF	1
CASSLGLAGYNEQFF	1
CASSLGVTEQYF	1
CASSLGGQGNEKLFF	1
CASSLGGAGYGYTF	1
CASSLGTSGSDYGYTF	1
CASSLGSLSNSPLHF	1
CASSLGSSGFYEQYF	1
CASSLGWLAGATGELFF	1
CASSLGQHYGYTF	1
CASSLGGLVGADTEAFF	1
CASSLGGISQPQHF	1
CASSLGGVLYGYTF	1
CASSLGDRATEAFF	1
CASSLGMGRTDTQYF	1
CASSLGKRKLFF	1
CASSLGQGSYNEQFF	1
CASSLGGSRGIFAEAFF	1
CASSLGTNTEAFF	1
CASSLDFSPLHF	1
CASSLDFQGRYNEQFF	1
CASSLDSLAGYEQFF	1
CASSLDLLIATNEKLFF	1
CASSLDGGGSNQPQHF	1
CASSLDRAYSNQPQHF	1
CASSLESEIMNTEAFF	1
CASSLEVVRNTEAFF	1
CASSLEAGWDTEAFF	1
CASSLEGHLNYGYTF	1
CASSLERTVYGYTF	1
CASSLERGQGDGYTF	1
CASSLELGGDNTEAFF	1
CASSLEPRDTQYF	1
CASSLIVPEQYF	1
CASSLISQNLDGYTF	1
CASSLTAGDNQPQHF	1
CASSLTGGNQPQHF	1
CASSLTDSGNTIYF	1
CASSLTGNQPQHF	1
CASSLSSGQGAYNSPLHF	1
CASSLSSGSDTQYF	1
CASSLRSGGIGNTIYF	1
CASSLKSPNTEAFF	1
CASSLKGTYGYTF	1
CASSLKIQGAYGYTF	1
CASSSGWFPGEKHF	1
CASSSRAGGESAKNIQYF	1
CASSSFGGTNYGYTF	1
CASSSSGALYQPQHF	1
CASSSRPDYNQPQHF	1
CASSSALGPSSEYF	1
CASSSGTPASGYTF	1
CASSSTNSGDTEAFF	1
CASSSSYGYTF	1
CASSSRQGSDTEAFF	1
CASSSGLLIAKNIQYF	1
CASSSGQNYGYTF	1
CASSSGQRHTDTQYF	1
CASSSDQGKYTEAFF	1
CASSSDRGAQPQHF	1
CASSSDRGYDGELFF	1
CASSSDRGLIGNTIYF	1
CASSSTGTGSYEQYF	1
CASSSTTGLLQPQHF	1
CASSSTGEGEKLFF	1
CASSSGGVDSPLHF	1
CASSSGLAVTDTQYF	1
CASSSMGAPGSPLHF	1
CASSSTGPLHNSPLHF	1
CASSSSRDRYTGELFF	1
CASSSSRELIQETQYF	1
CASSSKKLGNTEAFF	1
CASSWGTAWMEAFF	1
CASSWEGTGLSGNTIYF	1
CASSWTRQVPDGYTF	1
CASSWTGRTQPQHF	1
CASSYGGGDNSPLHF	1
CASSYTRDEAEKLFF	1
CASSYSRYRGHGYTF	1
CASSYSDNQPQHF	1
CASSYPPRDGKEEQYF	1
CASSYGTGGNEQFF	1
CASSLYMNTEAFF	1
CASSLPGRTSPLHF	1
CASSLRSDSPLHF	1
CASSLEAQNNQPQHF	1
CASSLNNSPLHF	1
CASSLAPREKLFF	1
CASSLAEDQPQHF	1
CASSLTVGGYSPLHF	1
CASSLTGGFEKLFF	1
CASSLFSPGLASTGELFF	1
CASSLAGGPNTGELFF	1
CASSLGTYEQFF	1
CASSLGQVNTEAFF	1
CASSPYRLLANTGELFF	1
CASSPRGGGISAFF	1
CASSPDVGVTGELFF	1
CASSPDSPSQPQHF	1
CASSPTGGGRGYTF	1
CASSPRQGRHTEAFF	1
CASSPNSGRARELFF	1
CASSPNAGIGETQYF	1
CASSPKTGGTEAFF	1
CASSPLGPKNQPQHF	1
CASSPSPGHMNTEAFF	1
CASSPSRGLGAFF	1
CASSPSGDGGQPQHF	1
CASSPSSRWSYGYTF	1
CASSPYGAGSYGYTF	1
CASSPPKAGIYGYTF	1
CASSPPDGANYGYTF	1
CASSPPDSWQPQHF	1
CASSPPSGIMNTEAFF	1
CASSPRGGSSTGELFF	1
CASSPRAGDEKLFF	1
CASSPRQNSPLHF	1
CASSPHLKGLLHF	1
CASSPQGVSTDTQYF	1
CASSPALAGSTDTQYF	1
CASSPGTGVNTEAFF	1
CASSPGRLLNYGYTF	1
CASSPTGELFF	1
CASSPTGQDEAFF	1
CASSPTQGARQPQHF	1
CASSPTAYLGTDTQYF	1
CASSPRSGNQPQHF	1
CASSPNSGGGYTF	1
CASSPWGNTEAFF	1
CASSPRVTGDTEAFF	1
CASSPGQALYEQYF	1
CASSPGQGVHPLHF	1
CASSPYRGGSYEQYF	1
CASSPQGAGETQYF	1
CASSPGGTSGNTIYF	1
CASSPGTGNGYTF	1
CASSPDRPRGELNYGYTF	1
CASSPTHTGPTGELFF	1
CASSPRTGLGNQPQHF	1
CASSRRDRGPSPLSGNTIYF	1
CASSRRDRVSVRNTEAFF	1
CASSRQGDRNTEAFF	1
CASSRVRGSELFF	1
CASSREGRIRRITYGYTF	1
CASSRPGGTQYF	1
CASSRGGLRSGNTIYF	1
CASSRDSGGDTQYF	1
CASSRDSINTGELFF	1
CASSRDREETQYF	1
CASSRTVDQPQHF	1
CASSRTGATYEQYF	1
CASSRTGGLYGYTF	1
CASSRPGGFYEQYF	1
CASSRVGIAKNIQYF	1
CASSRGLAGVTDTQYF	1
CASSHYSANEKLFF	1
CASSHVPVNTEAFF	1
CASSHFGSNQPQHF	1
CASSHSDRNQPQHF	1
CASSHRTPPDTDTQYF	1
CASSHRTNTGELFF	1
CASSHKDGQPQHF	1
CASSQSTGTSYEQYF	1
CASSQPRGNYGYTF	1
CASSQGATDGSYEQYF	1
CASSQDRVYNSPLHF	1
CASSQNAEAFF	1
CASSQSPFSPLHF	1
CASSQSGGNFGAGPNQPQHF	1
CASSQPTGVYTF	1
CASSQVTGANQPQHF	1
CASSQADSYEQYF	1
CASSQAGTGRFF	1
CASSQAGSEVDEQFF	1
CASSQADGPHEKLFF	1
CASSQGPLGSGLFF	1
CASSQGGTVKLFF	1
CASSQGRWRNTIYF	1
CASSQDSPGETQYF	1
CASSQDLNQPQHF	1
CASSQDDRGLNSPLHF	1
CASSQDRGGRETQYF	1
CASSQDGGDGSPLHF	1
CASSQDMGNYGYTF	1
CASSQEARGNGYTF	1
CASSQELSSGTYNEQFF	1
CASSQEWTSSYEQYF	1
CASSQEGSSEKLFF	1
CASSQEGPARGGYTF	1
CASSQEGGLTNTEAFF	1
CASSQEDRTYTDTQYF	1
CASSQIAAKQYF	1
CASSQNRNTGELFF	1
CASSVFNRVGTDTGELFF	1
CASSVWAGGNEQFF	1
CASSVLGQQNYGYTF	1
CASSVLQYGYTF	1
CASSVWNTGELFF	1
CASSVEGRVWDTIYF	1
CASSVGTSRITDTQYF	1
CASSVSSGPRNTIYF	1
CASSVVSGTEAFF	1
CASSVAGETQYF	1
CASSVGRPFYGYTF	1
CASSVDLPGAPYNEQFF	1
CASSVESPAGISNEQFF	1
CASSAFHTDTQYF	1
CASSARERVMGAFF	1
CASSAGSGNTIYF	1
CASSAGQGLYGYTF	1
CASSGREAFF	1
CASSGKTSTDTQYF	1
CASSGSANSGNTIYF	1
CASSGGLAGSYEQYF	1
CASSGGLAGYEQYF	1
CASSGTGNNQPQHF	1
CASSGGTDQETQYF	1
CASSGMGRGNIQYF	1
CASSDPPGGGVNSYEQYF	1
CASSDRDRERGAGNTIYF	1
CASSDAPDRGKRDTEAFF	1
CASSDGGLYGYTF	1
CASSDDGISNQPQHF	1
CASSEGQTNTEAFF	1
CASSETTSRNTIYF	1
CASSETVLDETQYF	1
CASSEQGVASGNTIYF	1
CASSISGGNTEAFF	1
CASSIEQVGAHTEAFF	1
CASSMLPVTNYGYTF	1
CASSTIATLATGELFF	1
CASSTNEKLFF	1
CASSTPPRVSEAFF	1
CASSTRQGHTEAFF	1
CASSTGTLRGTDTQYF	1
CASSTYSNQPQHF	1
CASSTGLKSDTGELFF	1
CASSTLLGREAFF	1
CASSTQGSSYNEQFF	1
CASSTGGVAGYTF	1
CASSTGDRNEKLFF	1
CASSSLGGGFLEKLFF	1
CASSRGMRQPANYGYTF	1
CASSRGQVEEPQHF	1
CASSRGQGAYEQYF	1
CASSRDRGYEKLFF	1
CASSRERQGNTEAFF	1
CASSRAGAYEAFF	1
CASSRGLENTGELFF	1
CASSRDRGSANEKLFF	1
CASSNEGGQVNQPQHF	1
CASSKRPNTDTQYF	1
CASSKEGARNSPLHF	1
CASSKSQYQETQYF	1
CASSKRGGSRGYTF	1
CASSKRCTDTQYF	1
CASSKDIGDGNTEAFF	1
CASSKTEDTEAFF	1
CASSKNPEGLFSYEQYF	1
CASRLGQDLNTGELFF	1
CASRSIRTALGYGYTF	1
CASRSPAQGNTEAFF	1
CASRWTPLNNSPLHF	1
CASRPGGEPQHF	1
CASRQGAGQPQHF	1
CASRVGTGIYNEQFF	1
CASRGFRVRTGELFF	1
CASRGHNEQFF	1
CASRGEGAQAFF	1
CASRDPLSYEQYF	1
CASRDGIMNTEAFF	1
CASRDTTGYSNQPQHF	1
CASREGLSSYNSPLHF	1
CASREDRGGNTIYF	1
CASRMTGIGADYGYTF	1
CASRSDPKPGNTIYF	1
CASRRDREAFF	1
CASRRTGNEQYF	1
CASRKTGVNNSPLHF	1
CASRSGGLGGNQPQHF	1
CASRYGPANGNTIYF	1
CASRLGAGDTIYF	1
CASRLTGVETQYF	1
CASRLSEPTEAFF	1
CASRPDTDTQYF	1
CASRPHKSLNTEAFF	1
CASRPGQSYNEQFF	1
CASRPGQAKAFF	1
CASRPGQGADGDYGYTF	1
CASRPGQRTNYGYTF	1
CASRPGITNEKLFF	1
CASRQALTLYGYTF	1
CASRVSIGSGYTF	1
CASRARDSLPPSTF	1
CASRGNTGEITEAFF	1
CASRESGTPNEKLFF	1
CASRTAGQGNTIYF	1
CASRTGNTEAFF	1
CASRRGQGGGNTIYF	1
CASRRDRGNSPLHF	1
CASNPSGGWGYTF	1
CASNGGTDTQYF	1
CASNEQGASNQPQHF	1
CASNTRQGTNSPLHF	1
CASNNQGTRASSPLHF	1
CASNTGGFEWREAFF	1
CASKGYGYTF	1
CASKGRYGNQPQHF	1
CASKTGWRTEAFF	1
CASKKTGTPLYEQYF	1
CASKPRDRERHEQYF	1
CASKQGVNTEAFF	1
CASKGTGGGKLFF	1
CASKIGATEAFF	1
CARGWRGEGTDTQYF	1
CARRLAALTDTQYF	1
CSYYEQYF	1
CPSRRFRLRTGELFF	1
CATTLDREGNTEAFF	1
CATRSGVSNTEAFF	1
CATRGTDFYGYTF	1
CASRQNRPINTGELFF	1
CASHTGRGAGYTF	1
CASHHRGRNTEAFF	1
CASGLAGGPGETQYF	1
CASTGPGYGYTF	1
CASSFDKAHSPLHF	1
CASSSDLPNYGYTF	1
CASSYPGTTSGNTIYF	1
CASSLDTDYGYTF	1
CASSLTGADTQYF	1
CASSPGLNNQPQHF	1
CASSRGSATNEKLFF	1
CASSQTGPQHF	1
CASSVWGSTDNEQFF	1
CASSVGQEWQFF	1
CASSVGINTEAFF	1
CASSGGSYEQYF	1
CASSGGGVNEQYF	1
CASSDPIRQGARETQYF	1
CASSDGGSQETQYF	1
CASSEFGWTSGTLSRDEQYF	1
CASSELGQDNSPLHF	1
CASSESQAPYEQYF	1
CASSESGFEAFF	1
CASSESVNGGYEQYF	1
CASSEGISYEQYF	1
CASSTSSGFGTEAFF	1
CASSSGSFSEQYF	1
CASSKQDNTEAFF	1
CASSFSSGSMNTEAFF	1
CASSFSVGNEKLFF	1
CASSFRVRTEAFF	1
CASSFRGTDDSPLHF	1
CASSFGTQNSPLHF	1
CASSFEKLGTEAFF	1
CASSFWWGYSPLHF	1
CASSFWDEVTEAFF	1
CASSFPQGEDGYTF	1
CASSFRWANTEAFF	1
CASSFGQSGVNTEAFF	1
CASSFGVQGNTEAFF	1
CASSFGTGKNTEAFF	1
CASSFGQGASRTEAFF	1
CASSFIGGDGYTF	1
CASSFKEGGYTEAFF	1
CASSLPTSTEAFF	1
CASSLRSSYGYTF	1
CASSLREATEAFF	1
CASSLQGDNEKLFF	1
CASSLVMGSEAFF	1
CASSLVRGWWHYGYTF	1
CASSLVPGRRKATNEKLFF	1
CASSLVGQGNSPLHF	1
CASSLVGRTEAFF	1
CASSLAHASEAFF	1
CASSLAGSDSGNTIYF	1
CASSLAGGVEDGYTF	1
CASSLAGTAEAFF	1
CASSLAEMNTEAFF	1
CASSLASYEYNTRKNTEAFF	1
CASSLAGQQTTGELFF	1
CASSLADRRGNTIYF	1
CASSLAGTTDTQYF	1
CASSLGGDSGGNTEAFF	1
CASSLGLGWDRFNTEAFF	1
CASSLGDFEAFF	1
CASSLGRRDTEAFF	1
CASSLGWAEYGYTF	1
CASSLGQGAYEQYF	1
CASSLGRGTDTEAFF	1
CASSLGEGAQPQHF	1
CASSLDAGNNQPQHF	1
CASSLDGRANYGYTF	1
CASSLDGGLSEAFF	1
CASSLDGTDYGYTF	1
CASSLDMQFADNYGYTF	1
CASSLDAHRGQGTEAFF	1
CASSLDAGGVGNTIYF	1
CASSLDGSTEAFF	1
CASSLDGRTGQPQHF	1
CASSLDGQAGEKLFF	1
CASSLDDNSPLHF	1
CASSLDTGPNSPLHF	1
CASSLDSYNSPLHF	1
CASSLDRKNSPLHF	1
CASSLERGREKLFF	1
CASSLEHSNYGYTF	1
CASSLEGGLQYGYTF	1
CASSLEGTGGEKLFF	1
CASSLEGWVGYTF	1
CASSLERSYNSPLHF	1
CASSLEQGGPRGNSPLHF	1
CASSLEETGPQHF	1
CASSLEEGTGSISAYGYTF	1
CASSLTGTGANQPQHF	1
CASSLTGGGFYTF	1
CASSLSGRDTGELFF	1
CASSLNAGSHGYTF	1
CASSLNSGSYNSPLHF	1
CASSLKTPDTQYF	1
CASSLFEQSLGNSPLHF	1
CASSLQGGYTEAFF	1
CASSLQGWDTEAFF	1
CASSLGQNQPQHF	1
CASSSEMNTEAFF	1
CASSSPDRDTEAFF	1
CASSSGTGGNQPQHF	1
CASSSGTGNQPQHF	1
CASSSPTGLMNTEAFF	1
CASSSGVANEKLFF	1
CASSSGQAGVNEKLFF	1
CASSSTGDQPQHF	1
CASSWGQPSYNSPLHF	1
CASSWTSRDTEAFF	1
CASSWNLDGPYGYTF	1
CASSYSGQGNQPQHF	1
CASSYRGNTEAFF	1
CASSLGTENTEAFF	1
CASSLPLQGRVSPLHF	1
CASSLRQDKNTEAFF	1
CASSLPRTGAKRNTEAFF	1
CASSLGLASNNEQFF	1
CASSLEGGSNQPQHF	1
CASSPRTDNYGYTF	1
CASSPRPHYGYTF	1
CASSPTGSSYNEQFF	1
CASSPPRGQGNEKLFF	1
CASSPPAGAGTEAFF	1
CASSPGTPDNSPLHF	1
CASSPGTLTGNTIYF	1
CASSPDRADQPQHF	1
CASSPWTGAVNTEAFF	1
CASSPASDHGYTF	1
CASSPGGSLYGYTF	1
CASSPGSSYNSPLHF	1
CASSPDRGNYGYTF	1
CASSPTTVNTEAFF	1
CASSPRMVAQPQHF	1
CASSRGVDRGQPQHF	1
CASSRGSAEAFF	1
CASSRDGKNEKLFF	1
CASSRTGALNTIYF	1
CASSHVGTRGRDQPQHF	1
CASSHDDPQHF	1
CASSQGPGTDTQYF	1
CASSQMGQGNTIYF	1
CASSQTSAQETQYF	1
CASSQSPTGELFF	1
CASSQPVLSGNTIYF	1
CASSQRQRIDTEAFF	1
CASSQVGPRGISGGGYTF	1
CASSQVGWPQHF	1
CASSQVTGYNDGYTF	1
CASSQVSPSGYNEQFF	1
CASSQVSLRQLATNEKLFF	1
CASSQAGLRFTGELFF	1
CASSQAMTGRDGYTF	1
CASSQATGTDLYGYTF	1
CASSQGQVAEAFF	1
CASSQGTSNQPQHF	1
CASSQGGGANYGYTF	1
CASSQGLEDTGELFF	1
CASSQGGRGSNQPQHF	1
CASSQGTVSNEKLFF	1
CASSQGRNTGELFF	1
CASSQDFANQPQHF	1
CASSQDLAGGRGYTF	1
CASSQDPFGGGQPQHF	1
CASSQDPGRQGAREQYF	1
CASSQDPENIQYF	1
CASSQDRIGSRANQPQHF	1
CASSQDVSLGETNEKLFF	1
CASSQDGVAGVYLDTEAFF	1
CASSQDETTEAFF	1
CASSQDRPPGAYGYTF	1
CASSQDRMFKTEAFF	1
CASSQDPYSNQPQHF	1
CASSQDGQSLHF	1
CASSQEGPGYGSNQPQHF	1
CASSQEDRVTNTEAFF	1
CASSQEGRGSGGYTF	1
CASSQEGRTYGYTF	1
CASSQETLTPYNEQFF	1
CASSQMRLAPRTSQHF	1
CASSQTSGGYGTDTQYF	1
CASSVPGTGMNTEAFF	1
CASSVDGNSPLHF	1
CASSALFAATNEKLFF	1
CASSAHRGSNQPQHF	1
CASSAQGPNEKLFF	1
CASSGRAGGDSPLHF	1
CASSGLQGAYGYTF	1
CASSGGTGAYPNTEAFF	1
CASSGAQNTEAFF	1
CASSEQGRETQYF	1
CASSEAGGNYGYTF	1
CASSETSNPGNTIYF	1
CASSETGLLLNSPLHF	1
CASSIVMNTEAFF	1
CASSIAGDNYGYTF	1
CASSRDGQPQHF	1
CASSNGQGLNTEAFF	1
CASRPEQGLEAFF	1
CASRDGGPQETQYF	1
CASRKGLVSVPEAFF	1
CASRPGTGDSPLHF	1
CASRPNSGQGALEAFF	1
CASRRLGRGKNIQYF	1
CASRHPTDTLNTEAFF	1
CASRAGTGASPLHF	1
CASRDGHNTEAFF	1
CASRKRGLGTGELFF	1
CASRKGQGGNQPQHF	1
CASNWGRTDTQYF	1
CASKVRDGYGYTF	1
CARGRGNQPQHF	1
CSSGTGAEGTQYF	1
CSVRQGVNQPQHF	1
CSALVRGFMGQGLGQPQHF	1
CSASRGNPYGYTF	1
CSAWTVGYGYTF	1
CSAPRDRVQPQHF	1
CSARPWDTEAFF	1
CSAHGQDGGSINQPQHF	1
CSAVVGQETQYF	1
CSAGGVLDQPQHF	1
CSAGGGTSSYEQYF	1
CSAGGQGHYGYTF	1
CSAGTSGGINEQFF	1
CSAEPDGSYGYTF	1
CSATGPATGELFF	1
CSATNRGYQPQHF	1
CSASFSGGRGGYTF	1
CSASSRTGRTEAFF	1
CSASPGWEDTQYF	1
CSASRDTEAFF	1
CSASRETQYF	1
CSASAGQGEKLFF	1
CSASDPLVNSPLHF	1
CSASRRSNQPQHF	1
CSARSGTTNTGELFF	1
CSARGPGASNQPQHF	1
CSARKRQGEYGYTF	1
CSARSTGAYGYTF	1
CSARLSDRAYGYTF	1
CSARPAQGPTEAFF	1
CSARRVDGKEKLFF	1
CSARRSTEAFF	1
CSARRFVGDGYTF	1
CSARVQGTGTGSGNTIYF	1
CSARVSTEAFF	1
CSARVIAGGVKLFF	1
CSARAGGINTEAFF	1
CSARAQGLGAQHF	1
CSARAGGQLDTQYF	1
CSARGHREIAFF	1
CSARGGSGREKLFF	1
CSARGGYHTEAFF	1
CSARGGLAGAISYEQYF	1
CSARGEGHQPQHF	1
CSARGNPADQPQHF	1
CSARGPTPYSNQPQHF	1
CSARDPGQSASPLHF	1
CSARDVRLAGGPGQYF	1
CSARDKWTSGSDTQYF	1
CSARDGEYGYGYTF	1
CSARDRLYSNEKLFF	1
CSAREDLSSYNEQFF	1
CSAREGQGLISREQYF	1
CSAREKGNTGELFF	1
CSARRQVGNQPQHF	1
CSANGATVTSYNSPLHF	1
CSANPQRLWVTRDTEAFF	1
CSANTGNQPQHF	1
CSAKERIAGELFF	1
CSAKMVGNQPQHF	1
CSAKSPGRYSNQPQHF	1
CSAPVRIGNQPQHF	1
CSAPGQRGQPQHF	1
CSAPLGRGHNSPLHF	1
CSAPGVENYGYTF	1
CSARTGNTEAFF	1
CSAAGSGNTIYF	1
CSADDRGKGYTF	1
CSARTGIYNIQYF	1
CSANNRGRSPQHF	1
CSANTETGTSNQPQHF	1
CSAYRDGYTF	1
CSAPLRGNSPLHF	1
CSAYDPRGQPQHF	1
CSANRDTNQPQHF	1
CSGWGQVNTEAFF	1
CSLRGGNGELFF	1
CSVSLGEDIQYF	1
CSVLVPGELFF	1
CSVPQGGDTQYF	1
CSVVRQGKTEAFF	1
CSVVLSSGNTIYF	1
CSVALGQGAPPGELFF	1
CSVAPGTGELFF	1
CSVARTGDEPQHF	1
CSVAGTQRQTQYF	1
CSVAGHLNTGELFF	1
CSVDNTNTGELFF	1
CSVDSLGTGELFF	1
CSVEGRWTDTQYF	1
CSVETATDTQYF	1
CSVESPWTNTGELFF	1
CSVEVGLQETQYF	1
CSVEVPGLLNYGYTF	1
CSVEGGRADEQFF	1
CSVEGSGANEKLFF	1
CSVEGMTPPGSTDTQYF	1
CSVEDLSLGAQETQYF	1
CSVEDLQGIYNEQFF	1
CSVEDDGFQNTGELFF	1
CSVEDKVNTGETQYF	1
CSVEDQRTGSYTF	1
CSVEEREGTDYEQYF	1
CSVEIRGYDYGYTF	1
CSVMDGYEQYF	1
CSVPGLPRTDTQYF	1
CSVRGGSDAGELFF	1
CSVGGSDRVNTGELFF	1
CSVGDRVNEKLFF	1
CSVQDFHYGYTF	1
CSVDRESTGELFF	1
CSVERTGGTYGYTF	1
CSALDTGELFF	1
CSADETGRGYTF	1
CSAWGYTF	1
CSAATQGAPRTEAFF	1
CSAGTASSYEQYF	1
CSAETGGNYGYTF	1
CSGGYTDTQYF	1
CSGLTGDGTEAFF	1
CSGGLAGDTQYF	1
CSDEQGINYGYTF	1
CRHRRDPTNPGELFF	1
RASSLGTVQETQYF	1
RASSLGSFYNEQFF	1
RASSCVGSGGPYNEQFF	1
CAWSWAGADYNEQFF	2
CATSEKGLAAKETQYF	2
CATSGRVIAGGYGGELFF	2
CASSPGGYEQYF	2
CASSFEGWGLPQETQYF	2
CASSLEKGTSERQFF	2
CASSYQLIAGAPETQYF	2
CASSPRAELLTDTQYF	2
CASSHNTVYQETQYF	2
CASSQGLARSSTDTQYF	2
CASSGGHYNEQFF	2
CASSEWAGVTDTQYF	2
CASSRGMNTEAFF	2
CASSLERGLAGLIQETQYF	2
CASSLWVAGGLYEQYF	2
CASSLAPSGSETQYF	2
CASSLGGGSYNEQFF	2
CASSLIGNQETQYF	2
CASSLSTSGSDEQYF	2
CASSSSPTGGETQYF	2
CASSSSTAVDTQYF	2
CASSYRRGRGDEQFF	2
CASSLQETQYF	2
CASSPSDRVRNIQYF	2
CASSPIAGGQETQYF	2
CASSQGGIPYEQYF	2
CASSTSGRSIEQYF	2
CASRLQAQPQHF	2
CASRRTGGGGETQYF	2
CASTHQGANTGELFF	2
CASSLSESRGEQFF	2
CASSLAGGLNEQFF	2
CASSLGQGEADTQYF	2
CASSLGVGDDTDTQYF	2
CASSLDLEYEQFF	2
CASSLIGMEQFF	2
CASSSAYEQYF	2
CASSPGRKNTGELFF	2
CASSHTRGGNTGELFF	2
CASSQERRTEQYF	2
CASSTGTSGGPGTDTQYF	2
CASSTDRGFPYEQYF	2
CSANPTGVTYEQYF	2
CASGLLAGARDGTEAFF	1
CASGLVGNTGELFF	1
CASRTGGEGTEAFF	1
CASRPGGVGNQPQHF	1
CASTQALRGKPPLHF	1
CASSLGQGNTGELFF	1
CASSLVVETGELFF	1
CASSPTEREGPAGELFF	1
CASSRETGLFSGELFF	1
CASARSNQPQHF	1
CASRGLNEKLFF	1
CASGLTDTQYF	1
CAWSLRDRGLVDTQYF	1
CAWSPKGGYTF	1
CAWSPEGDTQYF	1
CAWSVRGTGGTEAFF	1
CAWSGLAGSQFF	1
CAPNPGQGTKAGELFF	1
CAVKGGLYNSPLHF	1
CAAGLYNEQFF	1
CAGSTSNYGYTF	1
CAISRVLGTEAFF	1
CAISTRMNTGELFF	1
CAIRGGGGYEQYF	1
CAIARAGAVNTGELFF	1
CAIGFAGPNTGELFF	1
CAIGVGTGTGELFF	1
CAIGDATYNEQFF	1
CAIGGTGVGEQYF	1
CAITGGGPGYEQYF	1
CAITGADSYEQYF	1
CAISSRGGGAQETQYF	1
CAISPRTEGVMNTEAFF	1
CAISRRLAVTGELFF	1
CAISASTGSNQPQHF	1
CAISALRRDTEAFF	1
CAISGPTRTDTQYF	1
CAISGTESSYNEQFF	1
CAISGRASTDTQYF	1
CAISDGFSQETQYF	1
CAISDGGAYEQYF	1
CAISDMGLHTDTQYF	1
CAISDPGTNYEQYF	1
CAISDPNTGELFF	1
CAISDHERGVGADTQYF	1
CAISDAQGAGGYTF	1
CAISDRDEQYF	1
CAISESRTGERNGYTF	1
CAISESGSPYEQYF	1
CAISEPPYRQGDEQFF	1
CAISEVAEYYEQYF	1
CAISEEYGEGTYYEQYF	1
CAISESGDRDTQYF	1
CAISMKTGTDTQYF	1
CAISTDYEQYF	1
CAISSGSGNEQYF	1
CAISSRTFQETQYF	1
CAISPGQSTDTQYF	1
CAISRGGPTDTQYF	1
CAISINTGELFF	1
CAIRGGTDTQYF	1
CAIRDYTAGRLSGNTIYF	1
CAIRDRGPTDTQYF	1
CAIRRTGLDTGELFF	1
CAIRNEARGQEYF	1
CAINQGTNEKLFF	1
CAIKDATGELFF	1
CAIKDGGNKETQYF	1
CAMRREARTGELFF	1
CAIDGSDTHNEQFF	1
CAINQGLNQPQHF	1
CATRPGLNTEAFF	1
CATSVLAGGEVQYF	1
CATCGEAGTEAFF	1
CATAGSGSLTGELFF	1
CATATGPQNTEAFF	1
CATGKTGDTEAFF	1
CATDEQDRMDQETQYF	1
CATIQGDAFF	1
CATTRGQTTDTQYF	1
CATTPQLLPHTQYF	1
CATTAGGRGNEQFF	1
CATSSTAIGDTQYF	1
CATSRDSEYGYTF	1
CATSVGTNTEAFF	1
CATSGSGSNQPQHF	1
CATSDFPSGLYNEQFF	1
CATSDFVGNGYTF	1
CATSDFGAQNQPQHF	1
CATSDLGIQGSNQPQHF	1
CATSDLGVTYTEAFF	1
CATSDSHTDTQYF	1
CATSDYGTETQYF	1
CATSDYRTGELFF	1
CATSDPRKAEEQFF	1
CATSDPDNTDTQYF	1
CATSDQASGRGETQYF	1
CATSDGQALQPQHF	1
CATSDDRSVANQPQHF	1
CATSDTGVGNTIYF	1
CATSDRKQGPYEQYF	1
CATSDNHAEKLFF	1
CATSDNGPQHF	1
CATSDSGTGNTEAFF	1
CATSDSGNTEAFF	1
CATSDYGTDYGYTF	1
CATSDHQGSEAFF	1
CATSETLRRGTGELFF	1
CATSERQGKNIQYF	1
CATSRQGGTDTQYF	1
CATSLPEADTQYF	1
CATSRLRTAYNEKLFF	1
CATSGGLAVSSYEQYF	1
CATSDSSDYGYTF	1
CATSRAIGARVYEQYF	1
CATSRDTSYEQYF	1
CATSRVPGTNEKLFF	1
CATSRGNFGGSTDTQYF	1
CATSRGLTDTQYF	1
CATSREFGDRTRPYEQYF	1
CATREGREKLFF	1
CATKWVEGNTEAFF	1
CATQGNQPQHF	1
CATNQSPYEQYF	1
CATPGQGKNTGELFF	1
CATGWRADTQYF	1
CASSQGPLNTEAFF	1
CASSGYTRGEQYF	1
CASSAVSYNEQFF	1
CASLSIRYGYTF	1
CASQTGLAATQYF	1
CASGVPGGSTGELFF	1
CASSIWSGDTEAFF	1
CASSIGGETQYF	1
CASSLASPAYEQYF	1
CASSPRPNNEQFF	1
CASRRLNYGYTF	1
CASRNRTGQETQYF	1
CASNPPLQHF	1
CASLFSANYGYTF	1
CASSDGQGGEQYF	1
CASSRGLNQPQHF	1
CASSPPGRGDQPQHF	1
CASSPQGLFRGAFF	1
CASSPRQGYGYTF	1
CASSPRVSYGAQETQYF	1
CASSQSENTGELFF	1
CASCFLDRAGNTIYF	1
CASLMTGGNYGYTF	1
CASRPKGAYEQYF	1
CASREGKTQYF	1
CASRGQGQVETQYF	1
CASRETGMNTEAFF	1
CASHENPNTEAFF	1
CASQPGQASSNQPQHF	1
CASVAPSTGGGTLHF	1
CASAMTSGRDTQYF	1
CASGATGGFRGYTF	1
CASGLNTEAFF	1
CASGGPATNTGELFF	1
CASGNTMTQYF	1
CASGSQKTQYF	1
CASGPRRHTEAFF	1
CASGQPQHF	1
CASGGGSYGYTF	1
CASGIGGNTIYF	1
CASGTSTGELFF	1
CASGTDLRAGELFF	1
CASGRIRLGGGSYEQYF	1
CASGSEPQGVGNEQFF	1
CASGPLGTTYTGELFF	1
CASGQGGNQPQHF	1
CASDSGYSYEQYF	1
CASETGSSTDTQYF	1
CASMPPTANTGELFF	1
CASMGSLRGYGYTF	1
CASMMQNTDTQYF	1
CASIFHTEAFF	1
CASTKKHRRNYGYTF	1
CASTLRVQDAYGYTF	1
CASTLGPGQLNLAFF	1
CASTSGQRFGNTIYF	1
CASTSPFKTGAAFDTEAFF	1
CASTWAALNEKLFF	1
CASTLTGSVKNIQYF	1
CASTLPLANEQFF	1
CASTLSNMNTEAFF	1
CASTPRWATGELFF	1
CASTPGGTDEAFF	1
CASTPHMDPDGYTF	1
CASTPLKQGLRNTIYF	1
CASTRRISNQPQHF	1
CASTADRHTEAFF	1
CASTGGHQDAFF	1
CASTGPTTDTQYF	1
CASTEQGAGGYTF	1
CASTIDINYGYTF	1
CASTTPSGTGGLYEQYF	1
CASTTGGIGGYTF	1
CASTSLQGSPLHF	1
CASTDRYSYNEQFF	1
CASTQGSYEQYF	1
CASTGPTYNEQFF	1
CASTMPGDLTEAFF	1
CASTSTEGYTF	1
CASSFFNQETQYF	1
CASSFSGTSGGWELFF	1
CASSFSGREKLFF	1
CASSFYTGELFF	1
CASSFLISSGNTIYF	1
CASSFPGRTADTQYF	1
CASSFGGAGTEAFF	1
CASSFGGGQGQPQHF	1
CASSFGASYEQYF	1
CASSFGGGTEAFF	1
CASSFTSSPDTQYF	1
CASSFTPDWDQLFF	1
CASSFKMGGHPGNTIYF	1
CASSFSSSYEQYF	1
CASSFSATTNEKLFF	1
CASSFSGDNSPLHF	1
CASSFWGGTDTQYF	1
CASSFPRPGGAYGYTF	1
CASSFRVSNQPQHF	1
CASSFQSNQPQHF	1
CASSFAGSGNTIYF	1
CASSFGPGLFSPLHF	1
CASSFGGAISDTQYF	1
CASSFGGSTEAFF	1
CASSLSQGAQPQHF	1
CASSLWSSGNTIYF	1
CASSLVGGTGGYTF	1
CASSLGRRSNYGYTF	1
CASSLGQNTEAFF	1
CASSLEVANYGYTF	1
CASSLNTYTDTQYF	1
CASSLSGLSNQPQHF	1
CASSLWNTGELFF	1
CASSLYPQGTGGYNQPQHF	1
CASSLPPVTPGLFF	1
CASSLQGVTQYF	1
CASSLQGGTEAFF	1
CASSLQMPGLAGETQYF	1
CASSLVRQINSPLHF	1
CASSLVNSPLHF	1
CASSLVFNQPQHF	1
CASSLARGTVQFF	1
CASSLAVAFNQPQHF	1
CASSLGGYYGYTF	1
CASSLGGMDTEAFF	1
CASSLGGRAGNEQFF	1
CASSLGPGATVYGYTF	1
CASSLGQGHGYTF	1
CASSLGQLEAQHF	1
CASSLGVVIQPQHF	1
CASSLGAGYGYTF	1
CASSLGGISYEQYF	1
CASSLGTGSNQPQHF	1
CASSLGYRGFYGYTF	1
CASSLGGANEKLFF	1
CASSLDGVSGETQYF	1
CASSLDSLMNTEAFF	1
CASSLDRGRGDTQYF	1
CASSLEARATNEKLFF	1
CASSLEAGRNTIYF	1
CASSLEREVQPQHF	1
CASSLIRDGYTF	1
CASSLTGSPTEAFF	1
CASSLSFGYTF	1
CASSLRAVSNQPQHF	1
CASSLRMVLAYEQYF	1
CASSSTLARAADEQFF	1
CASSSSPYEQYF	1
CASSSSSGSNTGELFF	1
CASSSLVSVDEQFF	1
CASSSQNASPLHF	1
CASSSAVGLGSQPQHF	1
CASSSATGMNYGYTF	1
CASSSGGSDEKLFF	1
CASSSGQGAMNTEAFF	1
CASSSYRESYGYTF	1
CASSSGANYGYTF	1
CASSSGQGGNTIYF	1
CASSSGQGGYTF	1
CASSSDRGGAFF	1
CASSSTVMNTEAFF	1
CASSSRWDLNSPLHF	1
CASSSRGHPEAFF	1
CASSSSGTGVGETQYF	1
CASSSARGNSPLHF	1
CASSSGQRNQPQHF	1
CASSSGNTEAFF	1
CASSWGTSQETQYF	1
CASSWGQSGSPLHF	1
CASSWTGQMNTEAFF	1
CASSYYNEQFF	1
CASSYLQGRIGSPLHF	1
CASSYHPPDSEGEDTQYF	1
CASSYFSGMDGYTF	1
CASSYFGQPFYGYTF	1
CASSYFGTRVNTQYF	1
CASSYSTTGTYNSPLHF	1
CASSYSQGNTGELFF	1
CASSYSVGQGDGYTF	1
CASSYSARGTNEKLFF	1
CASSYSIRQPQHF	1
CASSYSMAGLDTQYF	1
CASSYSTGDTQYF	1
CASSYSTDYGYTF	1
CASSYSSNQPQHF	1
CASSYSATTGLSTEAFF	1
CASSYWVNYGYTF	1
CASSYYGDTQYF	1
CASSYPSSDTEAFF	1
CASSYAGTGRKGYTF	1
CASSYGGSPLHF	1
CASSYGGQGGYGYTF	1
CASSYGEGSPLHF	1
CASSYGIRHSTDTQYF	1
CASSYGTGHEKLFF	1
CASSYGTGVVDSPLHF	1
CASSYDRGGTDTQYF	1
CASSYEQGLAGELFF	1
CASSYTIIGTGFYEQYF	1
CASSLFEGFSNQPQHF	1
CASSLRVFWGWAFF	1
CASSLGTLKNIQYF	1
CASSLGTGYTGELFF	1
CASSLKPPPGEETQYF	1
CASSPPYGTGTEAFF	1
CASSPRPSTGGSRELFF	1
CASSPFRILLNSPLHF	1
CASSPFTGSNQPQHF	1
CASSPWDRVSSYEQYF	1
CASSPPGGDYTDTQYF	1
CASSPRVSYGYTF	1
CASSPQPGQGITDTQYF	1
CASSPGGPYNEQFF	1
CASSPGTHLISFTEAFF	1
CASSPGTGSSPLHF	1
CASSPGQGGYGYTF	1
CASSPSRGLDQPQHF	1
CASSPREGQPQHF	1
CASSPFRGLNQPQHF	1
CASSPPPGGARSNQPQHF	1
CASSPGLAMGHEQFF	1
CASSPGQGYNEQFF	1
CASSPTVTYNSPLHF	1
CASSPFIAGTEAFF	1
CASSPGNTEAFF	1
CASSRTDYNSPLHF	1
CASSRLHWTAVNTEAFF	1
CASSRGAGRQPQHF	1
CASSRFYGYTF	1
CASSRGGAGNQPQHF	1
CASSRTGKGDNSPLHF	1
CASSHEGEKLFF	1
CASSHRGGYTF	1
CASSQYSGTANF	1
CASSQGLAEETQYF	1
CASSQGPSHYNEQFF	1
CASSQRRQPQHF	1
CASSQTGERQPQHF	1
CASSVGQGNLNQPQHF	1
CASSVTGWGTEAFF	1
CASSVLGNTGELFF	1
CASSVRQQQYF	1
CASSATGINTEAFF	1
CASSALLAKSYNEQFF	1
CASSASTGETDQPQHF	1
CASSAAGAFFSILNQPQHF	1
CASSAGAQGAGYGYTF	1
CASSAGGPGPYNEQFF	1
CASSADRSTDTQYF	1
CASSGPGLGSPLHF	1
CASSGRRRGMNTEAFF	1
CASSGRGAGYTF	1
CASSGQGADYGYTF	1
CASSGGLNQPQHF	1
CASSGDRGDEQFF	1
CASSGMASYTYNEQFF	1
CASSGIGGPGNQPQHF	1
CASSGTVSSGNTIYF	1
CASSGKFGEKLFF	1
CASSGSGTEPPSSTDTQYF	1
CASSGLAGADTDTQYF	1
CASSGGGAFYEQYF	1
CASSGNPEEKLFF	1
CASSDRGGANQPQHF	1
CASSDRRAGTFADTQYF	1
CASSDAIDTGELFF	1
CASSDTALIFPLHF	1
CASSDRGISGSQHF	1
CASSDFNRDTDTQYF	1
CASSDQGLSNQPQHF	1
CASSEGPSGEKLFF	1
CASSENPPNEKLFF	1
CASSEFRNCTEAFF	1
CASSEFDGVKAFF	1
CASSEYSGGSYNEQFF	1
CASSEHLRVTTNEKLFF	1
CASSEVVQPQHF	1
CASSEALWGTFSRGTNEKLFF	1
CASSEGGGNTEAFF	1
CASSEGGLGTGELFF	1
CASSEGLNTGGWEKLFF	1
CASSEGGGGQPQHF	1
CASSEGGDGYTF	1
CASSEEGTALQETQYF	1
CASSIYEQYF	1
CASSMTGSAYEQYF	1
CASSTRGSPDTQYF	1
CASSTRRLGGYGYTF	1
CASSTVGYLNTEAFF	1
CASSTDRPTTYNSPLHF	1
CASSTLGLDTQYF	1
CASSTQGESYEQYF	1
CASSRTSDIQYF	1
CASSRQPQHF	1
CASSRQGFYGYTF	1
CASSKDLNYGYTF	1
CASSFSGPAGYTF	1
CASSFSSPTNTEAFF	1
CASSFWGAGNTIYF	1
CASSFLRKTQYF	1
CASSFRTGGIDGYTF	1
CASSFRRNSPLHF	1
CASSFQGSYGYTF	1
CASSFGNNQPQHF	1
CASSFGGRGYEQYF	1
CASSFDREGIYF	1
CASSFMGNTIYF	1
CASSFRTAGNYGYTF	1
CASSFFPRGRDTEAFF	1
CASSFSDWTGYGYTF	1
CASSFQGVNTEAFF	1
CASSFGGHTGYTF	1
CASSFGSSGSSTDTQYF	1
CASSFGPRGAYEQYF	1
CASSFGGRQTQYF	1
CASSFGQLQNYGYTF	1
CASSFTRTGGLGGANYGYTF	1
CASSFTGSVEKLFF	1
CASSFSGAGELFF	1
CASSLFLTTEAFF	1
CASSLFGSPDTQYF	1
CASSLLASGDHNEQFF	1
CASSLSRRELFF	1
CASSLSRANYGYTF	1
CASSLWGAPADTQYF	1
CASSLWDSRMNTEAFF	1
CASSLYPGMDSPLHF	1
CASSLLGTEHYTF	1
CASSLLVGRDGWSSYEQYF	1
CASSLPQGRGGYTF	1
CASSLRQGVHQPQHF	1
CASSLVGGFRNSPLHF	1
CASSLVGGGDTEAFF	1
CASSLVGVNEKLFF	1
CASSLVGSTGELFF	1
CASSLAGPTNEKLFF	1
CASSLARGPETQYF	1
CASSLGSGSGEQFF	1
CASSLGLGQAANEKLFF	1
CASSLGGHQPQHF	1
CASSLGGPNIQYF	1
CASSLGNYGYTF	1
CASSLGTWGGTDSPLHF	1
CASSLDSGGYNEQFF	1
CASSLDRGRNQPQHF	1
CASSLEGGTEAFF	1
CASSLENSPQHF	1
CASSLELAGGNTGELFF	1
CASSLIGATNEKLFF	1
CASSLMFGVPSNQPQHF	1
CASSLTSGVSTDTQYF	1
CASSLTGVIISPQHF	1
CASSLRPTQLAKNIQYF	1
CASSLNYAGRGMNTEAFF	1
CASSLNGESNQPQHF	1
CASSLNTPGNQPQHF	1
CASSLKSGTASGNTIYF	1
CASSLLLANEQFF	1
CASSLSQAGLSYEQYF	1
CASSLSAATDTQYF	1
CASSLSDRGSLQPQHF	1
CASSLSTEAFF	1
CASSLSGQGTSPLHF	1
CASSLWEATTDTQYF	1
CASSLYQGVDTQYF	1
CASSLYRGTDTQYF	1
CASSLPGVREKLFF	1
CASSLPPTDTQYF	1
CASSLRLAGAIYEQYF	1
CASSLREGIGSPLHF	1
CASSLRPGTATNEKLFF	1
CASSLHRTAGNTIYF	1
CASSLQGNQPQHF	1
CASSLVGQGGAFF	1
CASSLVGTGNEKLFF	1
CASSLVTGSTDTQYF	1
CASSLVPDDEAFF	1
CASSLVAGSNSPLHF	1
CASSLVGFTYEQYF	1
CASSLVTYGYTF	1
CASSLVLVGANEKLFF	1
CASSLVRGVNSPLHF	1
CASSLVGSSPLHF	1
CASSLVSDLTNNQPQHF	1
CASSLVVSGADTQYF	1
CASSLVGLTNEKLFF	1
CASSLVGDPRPLHF	1
CASSLVGTGGPYGYTF	1
CASSLALDSLNSPLHF	1
CASSLAGAIDYGYTF	1
CASSLAGGSMDGYTF	1
CASSLARDGTGYTF	1
CASSLAPISGNTIYF	1
CASSLAGRNTGELFF	1
CASSLADSPSGYTF	1
CASSLADRVGLNTEAFF	1
CASSLARGQGKGSEKLFF	1
CASSLARQGNYGYTF	1
CASSLARVRSGGRTGELFF	1
CASSLAQGTQPQHF	1
CASSLAGGNSPLHF	1
CASSLAGGVNTEAFF	1
CASSLAGGTDEAFF	1
CASSLAGGRTEAFF	1
CASSLGSGPNYGYTF	1
CASSLGRTSGSGGEQYF	1
CASSLGALNTEAFF	1
CASSLGQANEAFF	1
CASSLGDREAGNTIYF	1
CASSLGREQPQHF	1
CASSLGRDYGYTF	1
CASSLGSRLIYGYTF	1
CASSLGWFGQINAGNTIYF	1
CASSLGLFTDTQYF	1
CASSLGPGEATDTQYF	1
CASSLGAGGSNQPQHF	1
CASSLGGNKQYF	1
CASSLGGSGNTIYF	1
CASSLGDRFYGYTF	1
CASSLGMGATDTQYF	1
CASSLGTAYGYTF	1
CASSLGTGLGSPQHF	1
CASSLGTGGDTQYF	1
CASSLGTGVAEQYF	1
CASSLGPPDTQYF	1
CASSLGGSLRGDQPQHF	1
CASSLGGGYGYTF	1
CASSLDGWGEAFF	1
CASSLDGDGYTF	1
CASSLDTSGGADTQYF	1
CASSLDALAKVTGELFF	1
CASSLDGSYEQYF	1
CASSLDGMNTEAFF	1
CASSLEVTGGFGYTF	1
CASSLEGPGTDTQYF	1
CASSLEAQGMDEQFF	1
CASSLEGGGNEKLFF	1
CASSLISASTFF	1
CASSLTGGSTDTQYF	1
CASSLTQGAEAFF	1
CASSLTAEGLRQPQHF	1
CASSLSQGGEKLFF	1
CASSLSLTMDTEAFF	1
CASSLRQNNSPLHF	1
CASSLRGGDEQFF	1
CASSLRGFLGNQPQHF	1
CASSLRTADRNEKLFF	1
CASSLNVLAEPQHF	1
CASSLNRARDSGGYTF	1
CASSLNLGPGDEQYF	1
CASSLNTGALPQPQHF	1
CASSLKPLTAIYGYTF	1
CASSLKGPNTEAFF	1
CASSLKGAAGNTIYF	1
CASSSQETQYF	1
CASSSISGQGYRELFF	1
CASSSTHYGYTF	1
CASSSNTEAFF	1
CASSSSPTSWNTEAFF	1
CASSSPGRGDAFF	1
CASSSPTEKGSPLHF	1
CASSSRGRTDTQYF	1
CASSSVNRGQGYTF	1
CASSSGTGGAEIYEQYF	1
CASSSGTGDKDTQYF	1
CASSSGLAGAPQFF	1
CASSSGQGGYQPQHF	1
CASSSEPAQAKNIQYF	1
CASSSEGWGGGTEAFF	1
CASSSTYRVLRSNQPQHF	1
CASSSSGRTRINQPQHF	1
CASSSWGNEKLFF	1
CASSSRTGRTDTF	1
CASSSDNEQFF	1
CASSSNRVGASPLHF	1
CASSSFNLGTGRGYTF	1
CASSSSTGATGELFF	1
CASSSWGPLAGTRETQYF	1
CASSSPGPKQFF	1
CASSSVGTFLENEQFF	1
CASSSTTETEAFF	1
CASSSRQGDGELFF	1
CASSWAGSVRGTEAFF	1
CASSWGRVGTEAFF	1
CASSWDPRERLDTQYF	1
CASSWTQALYFNSPLHF	1
CASSWTGTRKIYEQYF	1
CASSYPDITDTQYF	1
CASSYFRDRWTNTEAFF	1
CASSYRPDQPQHF	1
CASSYGGTGQRNEKLFF	1
CASSYGLIGETQYF	1
CASSYDSYEQYF	1
CASSYSDGNTIYF	1
CASSYSWKQYF	1
CASSLLGGTGELFF	1
CASSLVHEKLFF	1
CASSLGGGMYNEQFF	1
CASSLEDTQYF	1
CASSLTGTKYNEQFF	1
CASSLTGGAGNTIYF	1
CASSLFGNTEAFF	1
CASSLFFMVQGPYNEQFF	1
CASSLRDSTGYTF	1
CASSLHGGSGELFF	1
CASSLQPLGGNQPQHF	1
CASSLGQFTEAFF	1
CASSLGDGYGYTF	1
CASSLTGRYGYTF	1
CASSLKTGGRTEAFF	1
CASSLFSINSPLHF	1
CASSLVGGSEAFF	1
CASSLLVGSPLHF	1
CASSLRGAKGNEQFF	1
CASSLHGPVMAGELFF	1
CASSLQGYTEAFF	1
CASSLGWGVGNGELFF	1
CASSLTVAGYTF	1
CASSLSSGRWLF	1
CASSPSGGTDTQYF	1
CASSPWTNEKLFF	1
CASSPRAGTLLPRPTSTNYGYTF	1
CASSPGQLNQPQHF	1
CASSPGQGRGYTF	1
CASSPTSTNEKLFF	1
CASSPSADTQYF	1
CASSPRGRVYEQYF	1
CASSPSPRLYGYTF	1
CASSPYKSGELFF	1
CASSPYGHIQNTEAFF	1
CASSPLGGSGNTIYF	1
CASSPPGTLTNEKLFF	1
CASSPPGVNYGYTF	1
CASSPRTISGNTIYF	1
CASSPRSPGTGALWNTGELFF	1
CASSPRLSDYEQYF	1
CASSPRGKSSETQYF	1
CASSPQGVNQPQHF	1
CASSPGTGVQPQHF	1
CASSPGTEGYNEQFF	1
CASSPGRGGNGYTF	1
CASSPGQGNYGYTF	1
CASSPEGNEGNKAFF	1
CASSPSGSAGELFF	1
CASSPYSGSETQYF	1
CASSPLVGMNTEAFF	1
CASSPHQGLTGEDGYTF	1
CASSPAPFYNEQFF	1
CASSPGLVTYNEQFF	1
CASSPGPGRTNEKLFF	1
CASSPTSGVGDTQYF	1
CASSPTGEYYGYTF	1
CASSPTGIRNEKLFF	1
CASSPRAGWNTGELFF	1
CASSPKLGTTEAFF	1
CASSPKPGTGFNYGYTF	1
CASSPWDRGKTGELFF	1
CASSPPRGTSTDTQYF	1
CASSPRLREAGNNSPLHF	1
CASSPRTGGYGYTF	1
CASSPQGTYGYTF	1
CASSPARGVSLAFF	1
CASSPGGTETGYTF	1
CASSPGTLNTGELFF	1
CASSPGQTYTEAFF	1
CASSPTLGKLFF	1
CASSPNSGTSGTGELFF	1
CASSRSGASANF	1
CASSRRTGMNTEAFF	1
CASSRFGTGRGYTEAFF	1
CASSRGGERQPQHF	1
CASSRDGGFNEKLFF	1
CASSRTGAQNEKLFF	1
CASSRNTEAFF	1
CASSRLDTGKAFF	1
CASSRQGAVTEAFF	1
CASSRRQTTGELFF	1
CASSHLNRESEAFF	1
CASSHLLGGRGHQETQYF	1
CASSHPPLYSPLHF	1
CASSHPGQTNYGYTF	1
CASSHPGFNEQFF	1
CASSHHRRRTEAFF	1
CASSHEGVTRYGYTF	1
CASSQSPVNTEAFF	1
CASSQYPRGTEAFF	1
CASSQGQGGTEAFF	1
CASSQDSQEQYF	1
CASSQDGSSYNSPLHF	1
CASSQDRGEKLFF	1
CASSQEVPENTIYF	1
CASSQTPVRATNEKLFF	1
CASSQTFTDTQYF	1
CASSQSQTGEQYF	1
CASSQYRGKTQYF	1
CASSQLPERGNTIYF	1
CASSQVGSSYNSPLHF	1
CASSQAGADNEQFF	1
CASSQAGRLYGYTF	1
CASSQAGKGQPQHF	1
CASSQGSPLHF	1
CASSQGTGDGYTF	1
CASSQGPLSTDTQYF	1
CASSQDFGGVGNQPQHF	1
CASSQDLAGTDTQYF	1
CASSQDPQPYSGNTIYF	1
CASSQDIGDRVSGNTIYF	1
CASSQDRGRTQYF	1
CASSQESTGELFF	1
CASSQEGRGQPQHF	1
CASSQEGYREGTEAFF	1
CASSQEGAGTQYF	1
CASSQIVGRHEQFF	1
CASSQTVGTGSGYSNQPQHF	1
CASSQTKDGFNEKLFF	1
CASSVGSVNTGELFF	1
CASSVTSGGYEQYF	1
CASSVTDTQYF	1
CASSVLPSGEASTQYF	1
CASSVGSSNTDTQYF	1
CASSVGYQGGYEQYF	1
CASSVGASGKNIQYF	1
CASSVGFGTGELFF	1
CASSVGSGGGGYTF	1
CASSVGQSMNTEAFF	1
CASSASTSGGSYNEQFF	1
CASSAPTTMSTDTQYF	1
CASSARDSLEAFF	1
CASSAGTDTQYF	1
CASSAIAGAGEQYF	1
CASSATGGAWAGELFF	1
CASSANTGLSTDTQYF	1
CASSAGRGSPYEQYF	1
CASSAGQGGGYTF	1
CASSADRQYGYTF	1
CASSAIQGGTIYF	1
CASSGGSYGYTF	1
CASSGTSTDTQYF	1
CASSGLSYNEQFF	1
CASSGRGGIGHNSPLHF	1
CASSDRYEQFF	1
CASSDGTSSITGELFF	1
CASSDRRRLNTEAFF	1
CASSDRNYGYTF	1
CASSESTRGAYGYTF	1
CASSERVDQPQHF	1
CASSELDGERNEKLFF	1
CASSEQGRAKNIQYF	1
CASSITGATDTQYF	1
CASSMVGGADEQYF	1
CASSMGTEAFF	1
CASSMDGIRTEAFF	1
CASSTSRNEQFF	1
CASSTWTQHTEAFF	1
CASSTRDSSYEQYF	1
CASSTRTRGDRETQYF	1
CASSTVLGPFSGNTIYF	1
CASSTTAIQGPQHF	1
CASSTRQGVTQYF	1
CASSTDRVRDTQYF	1
CASSRLAGSFYDEQFF	1
CASSRGIMNTEAFF	1
CASSNLEALDYGYTF	1
CASSKGGHPQYSGNTIYF	1
CASSKENIQYF	1
CASSKGLEGLSSYNSPLHF	1
CASSKGGQKSHEQYF	1
CASRSGVDTEAFF	1
CASRSGTGVATNEKLFF	1
CASRYQPKSDSSNFGNTIYF	1
CASRLLGQAAFF	1
CASRLQGAANYGYTF	1
CASRPQGRNYGYTF	1
CASRPGTTGDEAFF	1
CASRVRGTDTQYF	1
CASRVRGSSYNSPLHF	1
CASRAGTENTGELFF	1
CASRADRGGTEAFF	1
CASRGHHYEQYF	1
CASRGGTEAFF	1
CASRDSRNTIYF	1
CASRDRAFDGELFF	1
CASRESGTHSGNTIYF	1
CASRETGGTGELFF	1
CASRTPGQLGAFF	1
CASRTGGDTQYF	1
CASRTGGYTEAFF	1
CASRTGGYQPQHF	1
CASRKEVTEAFF	1
CASRSLGEGRNEQFF	1
CASRSGNSPLHF	1
CASRSGQGFFYEQYF	1
CASRLQGGYGNTIYF	1
CASRPGNSPLHF	1
CASRPIGRGSYNEQFF	1
CASRPRLAGGPAHTGELFF	1
CASRAGTGGYSNQPQHF	1
CASRGPGMNQPQHF	1
CASRTGRPNTEAFF	1
CASRRQGAEAFF	1
CASNWDRGLVNQPQHF	1
CASNGRTGESQPQHF	1
CASNTFGGGGQPQHF	1
CASNSDRGLRDTQYF	1
CASNSRQGIGEQYF	1
CASNLGTDGYTF	1
CASNHGGSSYEQYF	1
CASNARRDGEKLFF	1
CASNGPNYGYTF	1
CASNEQGAGNSPLHF	1
CASNRGIGEQYF	1
CASKLAGGPVSEQYF	1
CASKVSGNTIYF	1
CASKVGPEQFF	1
CASKAAAATGELFF	1
CASKGSRAETQYF	1
CASKGIGELFF	1
CASKVATDRAYEQYF	1
CASKDGVGEEFF	1
CASKTEIMNTEAFF	1
CANRTGVPRNEQFF	1
CANRGVHSQPQHF	1
CAVTLVPNTEAFF	1
CATSDGSNEKLFF	1
CATARDRAAQPQHF	1
CASNRDENTEAFF	1
CASSVQGFYTF	1
CASALLGTVGDLDYGYTF	1
CASIVRRGGNTEAFF	1
CASTAGQGNYGYTF	1
CASTAQGNTEAFF	1
CASTRQGRLNTEAFF	1
CASSLIGGGAGEQFF	1
CASSLRGGGSPLHF	1
CASSSLWAPTDTQYF	1
CASSSRTSALRGNEQFF	1
CASSYGDRAYEQYF	1
CASSLDVSYEQYF	1
CASSLTGGRTDTQYF	1
CASSQTQGAEKLFF	1
CASSQGDSRAYNEQFF	1
CASSVPGGGYEQYF	1
CASSVGPGRGAADTQYF	1
CASSAPGRLQETQYF	1
CASSAGQGLGETQYF	1
CASSGVSRAGSPLHF	1
CASSDLVGAREQYF	1
CASSDGVLETQYF	1
CASSDGRSYEQYF	1
CASSEFLRGPPGEQFF	1
CASSEFRRGSPLHF	1
CASSESTGAWVTEAFF	1
CASSESGGYSYNEQFF	1
CASSESQGTEQYF	1
CASSEPGTSGRSDTQYF	1
CASSTMEGTDTQYF	1
CASSTGLYMNTEAFF	1
CASSTGFQNQPQHF	1
CASSFSGISGELFF	1
CASSFLGRVTEAFF	1
CASSFPQNRVYEQYF	1
CASSFHRDRVSEQYF	1
CASSFGADYGYTF	1
CASSFGQGRAKNIQYF	1
CASSFDPQNTEAFF	1
CASSFEPTGGYNSPLHF	1
CASSFIGGANTGELFF	1
CASSFTLGLNYGYTF	1
CASSFSSDTEAFF	1
CASSFRGNEAFF	1
CASSFLPLTGGSQPQHF	1
CASSFSRGGEGEKLFF	1
CASSFYVLGRGTEAFF	1
CASSFLEAQNTEAFF	1
CASSFLGEGYTF	1
CASSFLDSLNTEAFF	1
CASSFRPATNEKLFF	1
CASSFGAGNSGNTIYF	1
CASSFGVSSNTEAFF	1
CASSFGQGGSPLHF	1
CASSFRGRGYGYTF	1
CASSLLGDYGYTF	1
CASSLLRVNTGELFF	1
CASSLSGTGSGNTIYF	1
CASSLSEPGTGPYGYTF	1
CASSLSGVISPLHF	1
CASSLWSLRANTEAFF	1
CASSLLGRVTEAFF	1
CASSLHYSTGELFF	1
CASSLHGGNTIYF	1
CASSLVWADYNSPLHF	1
CASSLVAGLNTEAFF	1
CASSLVAGGKDGYTF	1
CASSLVGGNNQPQHF	1
CASSLALGRSGTEAFF	1
CASSLASRRGDTEAFF	1
CASSLAGTGGSPLHF	1
CASSLAKAVETEAFF	1
CASSLAQGSEAFF	1
CASSLAGNQPQHF	1
CASSLGGIKDYGYTF	1
CASSLGQGGNQPQHF	1
CASSLGVQGNEQFF	1
CASSLGSNTEAFF	1
CASSLGHQGNQPQHF	1
CASSLGGGDQPQHF	1
CASSLGGRNTEAFF	1
CASSLGDSNYGYTF	1
CASSLGQGHGYTF	1
CASSLGASNEKLFF	1
CASSLGDRNYGYTF	1
CASSLDLANFFTGELFF	1
CASSLDPGGTEAFF	1
CASSLDETLNTEAFF	1
CASSLDLSDFATNEKLFF	1
CASSLDPPGLSTEAFF	1
CASSLDHNNFGKLFF	1
CASSLDRAYEQYF	1
CASSLEVLDGYTF	1
CASSLEGLNQPQHF	1
CASSLIRDGHNSPLHF	1
CASSLMGRGQPQHF	1
CASSLMGRDTEAFF	1
CASSLIRDRGQDTEAFF	1
CASSLTGSAEAFF	1
CASSLTGHINYGYTF	1
CASSLTGREKLFF	1
CASSLSGSSGNTIYF	1
CASSLSWATEAFF	1
CASSLRGYGYTF	1
CASSLYSDTEAFF	1
CASSLHADTQYF	1
CASSLQGLGTEAFF	1
CASSLGAGTEAFF	1
CASSLGLWFMNTEAFF	1
CASSLGTANTEAFF	1
CASSLDYNEQFF	1
CASSLRAGYGYTF	1
CASSSSLGNTEAFF	1
CASSSSGTGSEVNTEAFF	1
CASSSSTGLRNSPLHF	1
CASSSSESTEAFF	1
CASSSLSSRSNYGYTF	1
CASSSSDGVYGYTF	1
CASSSYGQGVEGEAFF	1
CASSSPSTGNYGYTF	1
CASSSPREWQPIYEQYF	1
CASSSRGQVTDTQYF	1
CASSSRTGSQTEAFF	1
CASSSRQGNQPQHF	1
CASSSDRLSGNTIYF	1
CASSSYIQQGTTGNTIYF	1
CASSSARTHRGRILGQDYGYTF	1
CASSSDRGPRYGYTF	1
CASSSTAAFGELFF	1
CASSSTGTGRAPTNEKLFF	1
CASSSTGVNYGYTF	1
CASSSWGQGYTDTQYF	1
CASSSNTVNTEAFF	1
CASSWGRDEQFF	1
CASSWGMNTEAFF	1
CASSWGTGSYGYTF	1
CASSWGTGYGYTF	1
CASSWGQQNTEAFF	1
CASSYQGLENSPLHF	1
CASSYTGLNTEAFF	1
CASSLGGTRAEAFF	1
CASSLINPTNTEAFF	1
CASSLGIFDSPLHF	1
CASSLGEVPGGNTIYF	1
CASSLDLGQGSYPANSPLHF	1
CASSLTGSGNTIYF	1
CASSLKGRGETEAFF	1
CASSLTGTGYGYTF	1
CASSPLNGQNYGYTF	1
CASSPGGNNQPQHF	1
CASSPDRAGYTF	1
CASSPLLPTETRPLELFF	1
CASSPQDPGVVDGYTF	1
CASSPGQGSSYNSPLHF	1
CASSPRSNTGELFF	1
CASSPGSNTEAFF	1
CASSPTGQNEKLFF	1
CASSPTGDFNYGYTF	1
CASSPQGPANSNQPQHF	1
CASSPGGADGYTF	1
CASSPTLNYGYTF	1
CASSRQLATGELFF	1
CASSRGQGITHATNEKLFF	1
CASSRGTDLNQPQHF	1
CASSRDRSNYGYTF	1
CASSHSGEQYF	1
CASSHGWDRYYGYTF	1
CASSHGGHDYGYTF	1
CASSHPGQVFSEAFF	1
CASSHPDTYNYGYTF	1
CASSHRDKEFTDTQYF	1
CASSHRSPYEQYF	1
CASSHVYFRDRGQDGYTF	1
CASSHDLGDRANLNTEAFF	1
CASSHKAYRIGQPQHF	1
CASSQGSGNTIYF	1
CASSQGQGRGYTF	1
CASSQGQGGEKLFF	1
CASSQDRATDTQYF	1
CASSQTGAGNSPLHF	1
CASSQTDFGTGGYEQYF	1
CASSQKDSFYGYTF	1
CASSQLGARISPLHF	1
CASSQSGYTDTQYF	1
CASSQWGNTEAFF	1
CASSQYGSSNQPQHF	1
CASSQLDGGLRGPQHF	1
CASSQRPGQAPYEQYF	1
CASSQQGNTGELFF	1
CASSQVSEYSNQPQHF	1
CASSQVTEARGLSEAFF	1
CASSQVSIRTDTQYF	1
CASSQVGNSGNTIYF	1
CASSQVGWNEQYF	1
CASSQVITEKLFF	1
CASSQVIQGNQPQHF	1
CASSQVGAGQGKDTQYF	1
CASSQVGGAGYGYTF	1
CASSQAFSPGVNTEAFF	1
CASSQAGQGNQPQHF	1
CASSQAGRSSYNSPLHF	1
CASSQGRPGQGGNVGQPQHF	1
CASSQGPGQNNSPLHF	1
CASSQGVRAIYNEQFF	1
CASSQGRAPGNTIYF	1
CASSQGQGNNQPQHF	1
CASSQGQGGYGYTF	1
CASSQGAVRGISNQPQHF	1
CASSQGTRSSSNTEAFF	1
CASSQDPWTEAFF	1
CASSQDPALNSPLHF	1
CASSQDRGFYGYTF	1
CASSQDRVAPEAFF	1
CASSQDQTGWSTTNEKLFF	1
CASSQDELLEAFF	1
CASSQEAWLAGTQGEFF	1
CASSQEGGTGKYYTF	1
CASSQEGNQAGNEQFF	1
CASSQEDRVNYGYTF	1
CASSQEYFGRGNYGYTF	1
CASSQEVRADPNYGYTF	1
CASSQKGGINTEAFF	1
CASSARTEGFYEQYF	1
CASSAIQGAEAFF	1
CASSATGLQETQYF	1
CASSGQHSGNTIYF	1
CASSGERRWTEAFF	1
CASSDYGGTEAFF	1
CASSEGAVSSGYTF	1
CASSEQDRGFNQPQHF	1
CASSEGTDGTRAFF	1
CASSMGQGPHGYTF	1
CASSTSGGISSYEQYF	1
CASSTGPRGTNTEAFF	1
CASSTGTGGGKLFF	1
CASSNTDRSNSPLHF	1
CASSNTGGGTDTQYF	1
CASSKDGSNQPQHF	1
CASSKEMGSPLHF	1
CASRFVAGELFF	1
CASRWTGATNTEAFF	1
CASRPGGQRNSPLHF	1
CASRPSMNTEAFF	1
CASRQDNSPLHF	1
CASRQGDAGELFF	1
CASRGVGNQETQYF	1
CASRIEWGANWNTEAFF	1
CASRNDITEAFF	1
CASRKGTDGYTF	1
CASRPPDRGNEAFF	1
CASRGNEKLFF	1
CASRRGYGYTF	1
CASRRTGEWNQPQHF	1
CASKSGTGIHTDTQYF	1
CASKLRDRANTEAFF	1
CASKAGGEGYTF	1
CTTVFNTEAFF	1
CSPMGSGSYGYTF	1
CSVGGNTEAFF	1
CSVSGQGNQPQHF	1
CSVVETAKNIQYF	1
CSVYGTGPPNEKLFF	1
CSAFPTTTGNTIYF	1
CSASTPGQGLQQPQHF	1
CSASTEANQPQHF	1
CSAWNMNTEAFF	1
CSAPPGTHYGYTF	1
CSAPGYTF	1
CSAPIRGQAPGDYGYTF	1
CSARTQGASYGYTF	1
CSARQDRGHYGYTF	1
CSARQGQVNQPQHF	1
CSAQGQGSSSYNSPLHF	1
CSAQGGTSGTQYF	1
CSAVLQETQYF	1
CSAARATGGQPQHF	1
CSAGRFSNEKLFF	1
CSAGDWKETQYF	1
CSAGLLEREQFF	1
CSAGQGVDEQYF	1
CSADDVYRGKSTDTQYF	1
CSAEGPQGTGELFF	1
CSAIEEGVGVGTDTQYF	1
CSAIGRENLDDQPQHF	1
CSATRDSSTDTQYF	1
CSATDYTEAFF	1
CSATRGSDYGYTF	1
CSATELIFANTGELFF	1
CSATLPRGNQPQHF	1
CSASSNTGELFF	1
CSASGVGSNQPQHF	1
CSASGGQPNSPLHF	1
CSASRASGNTIYF	1
CSASYTSLTEAFF	1
CSASPFRRANTEAFF	1
CSASGREYNEQFF	1
CSASSMHYGYTF	1
CSARLVGGYTF	1
CSARGKQDGSDTQYF	1
CSARGSGNQPQHF	1
CSARDRGNNSPLHF	1
CSARIKGSEGNTIYF	1
CSARTGGPGEQFF	1
CSARTGQGAYGYTF	1
CSARRFLAGDTDTQYF	1
CSARRDVPYNSPLHF	1
CSARFGGHGYGYTF	1
CSARLPGTGDSPLHF	1
CSARLRGGPDTQYF	1
CSARPPTTNTIYF	1
CSARPQGDQPQHF	1
CSARRTMNTEAFF	1
CSARQGQGPSYEQYF	1
CSARVGAAQHF	1
CSARVRGTDTQYF	1
CSARVGVLWSDGDQPQHF	1
CSARVTGDRELFF	1
CSARAGGVGYGYTF	1
CSARAGPSPLHF	1
CSARGPGTGGKNTEAFF	1
CSARDWGQEDTIYF	1
CSARDLDRVNYGYTF	1
CSARDLRGTYHTEAFF	1
CSARDRPTGLNTEAFF	1
CSARDGPRDRNGYTF	1
CSARDGEESSPLHF	1
CSARDDIGWAYGYTF	1
CSARDIGAKETQYF	1
CSARDSRTTAMNTEAFF	1
CSARDRVMNTEAFF	1
CSAREGRGWGTEAFF	1
CSAREGQGAGTGELFF	1
CSAREIIPGQGTEAFF	1
CSARETGVSSNEQFF	1
CSARETGGVGTEAFF	1
CSAREARDTEAFF	1
CSAREGGMDYGYTF	1
CSAREIGTGGETQYF	1
CSARKVGDSFYGYTF	1
CSARKGASNYGYTF	1
CSARKTGDKLTEAFF	1
CSAKSDRGDLGEQYF	1
CSAKKRGAGDTQYF	1
CSALDGEDYGYTF	1
CSAPKMDGNGYTF	1
CSAPATGVPEAFF	1
CSAPGQSNQPQHF	1
CSARRGNTDTQYF	1
CSARWRAPGATDTQYF	1
CSAVLDISEQYF	1
CSAVARDFYEQYF	1
CSAGGGPPNKPQHF	1
CSATGQTNQPQHF	1
CSARTGAANSPLHF	1
CSANGRLALDTQYF	1
CSAPTGQGAQPQHF	1
CSATTQPYYEQYF	1
CSAHPQVTYEQYF	1
CSAQGTDTQYF	1
CSAKTLASLFNEQFF	1
CSGDRLGGYTF	1
CSTGQGLNQPQHF	1
CSLLTSGSGTQYF	1
CSSPGQGNEKLFF	1
CSVFNPGTSGDTGELFF	1
CSVSGVTNTGELFF	1
CSVLSGQGNTEAFF	1
CSVLGQDSNQPQHF	1
CSVPGQRKDTQYF	1
CSVPDPNTGELFF	1
CSVRLDRVIETQYF	1
CSVRQGHTEAFF	1
CSVHLGGTQYF	1
CSVQGGGYGYTF	1
CSVATERGFNEQFF	1
CSVATPSPDTQYF	1
CSVATPGRETFF	1
CSVGGKNNEQFF	1
CSVGTANEKLFF	1
CSVGQGENYGYTF	1
CSVDPDRERYGYTF	1
CSVDLDRGDTEAFF	1
CSVDRTGTYGYTF	1
CSVDGSGARSFTDTQYF	1
CSVDKTGELFF	1
CSVEFADTQYF	1
CSVEGLGRAGNEQFF	1
CSVESGDHYEQYF	1
CSVERLAGDVDTQYF	1
CSVEVGAGGEGTEAFF	1
CSVEGPTALHEQYF	1
CSVEDPRGETQYF	1
CSVEEWTADTQYF	1
CSVEIGVRGPKSYGYTF	1
CSVEREGEGYTQYF	1
CSVENLRVSYEQYF	1
CSVKPYAGQGNNEQFF	1
CSVLLSGRASGELFF	1
CSVRLGQRAAGGHGETQYF	1
CSVQFTLSSYEQYF	1
CSVDRGRAGELFF	1
CSVKTRDYTDTQYF	1
CSVPASSYGYTF	1
CSVRGLSSYNEQFF	1
CSVALNSYEQYF	1
CSVGQSPNTEAFF	1
CSVAGQRNYGYTF	1
CSVIEPSGRNTGELFF	1
CSALGTAAHQETQYF	1
CSAWVGQGAGAFF	1
CSARGLEVNQPQHF	1
CSGRLNKKLFF	1
CSGGGSGELFF	1
CSGLTAMNTEAFF	1
CSGGQGANYGYTF	1
RASSLTPPNRDTEAFF	1
RASSLKATGTPKWTIYF	1
RASSLKRRVEEAETQYF	1
RASSEPTGGGPRGNTIYF	1
RSASDREITEAFF	1
CASSIGSDYQETQYF	3
CASRRTSGAQETQYF	3
CAISESGLGIEQFF	2
CATSASQSGGSGRYNEQFF	2
CATSDLKVDEQFF	2
CASGDLQETQYF	2
CASIPGPRPYNEQFF	2
CASSFRDEQFF	2
CASSLSGGLQETQYF	2
CASSLNSQETQYF	2
CASSLSRDFSTDTQYF	2
CASSLTHPYNEQFF	2
CASSLSSSYEQYF	2
CASSSTGNEQYF	2
CASSSKGVGGQATNEKLFF	2
CASSPYPYEQYF	2
CASSASTSGSVGELFF	2
CASSIRAGGGYNEQFF	2
CASSFGSVRAYNEQFF	2
CASSLGPQVYEQYF	2
CASSSLVAGGVNEQFF	2
CASSLRTSGTPTSYEQYF	2
CASSLKTSGGTSSYNEQFF	2
CASSPRGGVVGNTGELFF	2
CASSPEGTLVTDTQYF	2
CASSPQRLYQETQYF	2
CASSRSGSRYNEQFF	2
CASSQGGTGGETQYF	2
CASSQDPGHIYEQYF	2
CASSQDYGSTDTQYF	2
CASSQKIGPATYNSPLHF	2
CASSVYQETQYF	2
CASSAGLLETQYF	2
CASSGVTGAPYNEQFF	2
CASRATTVDTQYF	2
CASKGDSFSYNEQFF	2
CASTYSGGPSNEQFF	2
CASTKGTDHTGELFF	2
CASSFREPEEAFF	2
CASSFVVRRGTDTQYF	2
CASSLSRTSGGLYEQFF	2
CASSLRSAGPTPYEQYF	2
CASSLAQNTEAFF	2
CASSSEGDTQYF	2
CASSSNPGTSGYNEQFF	2
CASSPGGSTGELFF	2
CASSPGPLRENEQYF	2
CASSRSGTKDYEQYF	2
CASSREGRLQETQYF	2
CASSHDTQGSPYF	2
CASSQRRGFISYEQYF	2
CASRDSWGNEQFF	2
CSARSMDTGSYEQYF	2
CSARDSGRAKNIQYF	2
CSAREEAGALFSYEQYF	2
CATDRDTGELFF	1
CASGRSGYTF	1
CASSLLAGSYNEQFF	1
CASSLGANTEAFF	1
CASSLEALGEQYF	1
CAWVKNRGMWANTGELFF	1
CAWSVIGQGAIGYTF	1
CAWSVHDREPAFF	1
CAWSAVGYTF	1
CAWSANNYEQYF	1
CAWSAGEGWEKLFF	1
CAWSMTGGPSDTQYF	1
CAWSAGRDSYEQYF	1
CAWNLGLAGLGELFF	1
CALQGSDNSPLHF	1
CAPRRGLGDTQYF	1
CAPQHDGNEKLFF	1
CARPRTADTNTGELFF	1
CARDRGWISSYEQYF	1
CAASPRVGGTDTQYF	1
CAAQRDRANYGYTF	1
CAGWEGPTNEKLFF	1
CAGGGSYNEQFF	1
CAISESGSSSYEQYF	1
CAIPTNPPGSYEQYF	1
CAITPGRQNTEAFF	1
CAIGSEGYTF	1
CAITREGHEQYF	1
CAISSSTNTGPSLYGTF	1
CAISPIELSDTQYF	1
CAISRKILRTDTQYF	1
CAISVGETQYF	1
CAISVRGGETQYF	1
CAISVRPGEGETQYF	1
CAISAPSGGLNEQFF	1
CAISASRSETQYF	1
CAISAKDRVAGELFF	1
CAISGAPQGDEQFF	1
CAISGGLSTDTQYF	1
CAISGQGYSNQPQHF	1
CAISDDRVENQPQHF	1
CAISDTREADIQYF	1
CAISDSFSYEQYF	1
CAISDLASTDTQYF	1
CAISDGVRNQPQHF	1
CAISDREVRPQHF	1
CAISESPSGAYNEQFF	1
CAISESGKETQYF	1
CAISESLISRAYEQYF	1
CAISESSAGAKGETQYF	1
CAISESVHGYEQYF	1
CAISEPDRGTQETQYF	1
CAISEASGYNEQFF	1
CAISEGGSGEETQYF	1
CAISEGGNTEAFF	1
CAISEAGELFF	1
CAISEAGSEQYF	1
CAISEGTGGYEQYF	1
CAISERGQGYEQYF	1
CAISERIEWSKETQYF	1
CAISTPEREGLETQYF	1
CAISRTGDRTYEQYF	1
CAISRTENTEAFF	1
CAISGTGRNNQPQHF	1
CAISEQGKGQPQHF	1
CAISISGGKDTQYF	1
CAISRQGGKETQYF	1
CAIRDRSNYGYTF	1
CAIREGLAGIPYEQYF	1
CAIREGQYNEQFF	1
CAIRAGTPSTDTQYF	1
CAIRTSGRPTDTQYF	1
CAIRTLGYGYTF	1
CAINAGLAGIGEQYF	1
CAINTSGRIYEQYF	1
CAINLAERGVPGELFF	1
CAIKGQVTDTQYF	1
CAIVGDYNTEAFF	1
CATRGGTTNTGELFF	1
CATHPRTGSGTGELFF	1
CATHTGETQYF	1
CATGTANTGELFF	1
CATGAGGTDTQYF	1
CATGGQGDRGYTF	1
CATGQGEGSTEAFF	1
CATEGPELAGRADTQYF	1
CATTGTGSYNEQFF	1
CATSSSEGRAFF	1
CATSSPTVPGELFF	1
CATSHSPFTDTQYF	1
CATSAALGGTDTQYF	1
CATSADRVTTNGYTF	1
CATSGLDREAWDTGELFF	1
CATSGGKASGRELDTQYF	1
CATSGSGQGYQPQHF	1
CATSGQGYNEQFF	1
CATSDFYGDQYF	1
CATSDFTREGRPIQETQYF	1
CATSDFTDTQYF	1
CATSDLLAGDGELFF	1
CATSDLREDYTF	1
CATSDLGAANTGELFF	1
CATSDLRPDPWGTDTQYF	1
CATSDLVSGAKNIQYF	1
CATSDSSGGYEQYF	1
CATSDSGQTNTGELFF	1
CATSDSWGGGYTF	1
CATSDRPTRIYEQYF	1
CATSDGGNEKLFF	1
CATSDGDSPKFF	1
CATSDGQKAYSDTQYF	1
CATSDPGRPSGGRAGELFF	1
CATSDPKTSPRSNEQFF	1
CATSDARQGVIYGYTF	1
CATSEPGPNQPQHF	1
CATSEVNEKLFF	1
CATSRTGSTYEQYF	1
CATSSGGSYEQYF	1
CATSDRAVVNQPQHF	1
CATSTGDGEKLFF	1
CATSSYRDGGTDTQYF	1
CATSSRGEDIQYF	1
CATSRAQRGDTQYF	1
CATSRAARGETQYF	1
CATSRDFQAGELFF	1
CATSRDFVSSYEQYF	1
CATSRDWGEGYEQYF	1
CATSRDLRDLTGELFF	1
CATSRDPGGGYEQYF	1
CATSRDGSGGVNSPLHF	1
CATSREGTDTQYF	1
CATSRTSGGRGSEQYF	1
CATSKPVAGGTDTQYF	1
CATSKTSSRSLDTQYF	1
CATRRGVNTGELFF	1
CATRGQGAGDWPTGELFF	1
CATRYSMGRGPTGELFF	1
CATRTGDSPLHF	1
CATNRGPGELFF	1
CATKVGNSNQPQHF	1
CATGQGYQPQHF	1
CASLIGGTDTQYF	1
CASRGSPNSPLHF	1
CASGELFF	1
CASGANTDTQYF	1
CASSLQRTEAFF	1
CASSIFSQPQHF	1
CASSIGGFDQPQHF	1
CASSMDRGLEQYF	1
CASSIDLIPRSNQPQHF	1
CASSRDSVRVYYEQYF	1
CASRGGRAVTDTQYF	1
CASNLLRASYNEQFF	1
CASFLHGGSTDTQYF	1
CASSSDENTEAFF	1
CASSRGSGELFF	1
CASSVGVGKPQHF	1
CASSGEVPYEQYF	1
CASSRTHGNDEKLFF	1
CASSPGGDYGYTF	1
CASSPDPGPFTEAFF	1
CASSPNRDSYGYTF	1
CASSPGTGSGDEQFF	1
CASCRQGANEKLFF	1
CASWEGAPTNQPQHF	1
CASWTKMNYGYTF	1
CASLGGGALGEAFF	1
CASLSQLNTEAFF	1
CASPALRHDTGELFF	1
CASRLSGSPYEQYF	1
CASRQGGELFF	1
CASRTGGGITEAFF	1
CASHHPPHEPQHF	1
CASQGGNTQYF	1
CASVPFSGNTIYF	1
CASANRIIHGYTF	1
CASAYLGLAGEGYNEQFF	1
CASASGMLVGGQYF	1
CASAPSGTEYEKLFF	1
CASGRDRGRNYGYTF	1
CASGSPSLDNEQFF	1
CASGGYSNQPQHF	1
CASGTYEQYF	1
CASGRYLAKNIQYF	1
CASGGQTTNTGELFF	1
CASGEGSNQPQHF	1
CASGRGRAVGNTIYF	1
CASDPGQNFGNTIYF	1
CASITHGQGVDTQYF	1
CASMRRVRANEKLFF	1
CASMQEGGSYEQYF	1
CASMGQGILYGYTF	1
CASMRGNSGFSFF	1
CASTVDSSYNSPLHF	1
CASTALQGADEKLFF	1
CASTNRFQETQYF	1
CASTFTSGAEAFF	1
CASTLSLSGNEQFF	1
CASTSSSGNNEQFF	1
CASTSWDRAGYTF	1
CASTLGPATNEKLFF	1
CASTLREPTDTQYF	1
CASTLHGNTIYF	1
CASTPAGGTNQPQHF	1
CASTPPISGNTIYF	1
CASTVQDNEKLFF	1
CASTGGSYEQYF	1
CASTGTGHTEAFF	1
CASTDRTGRDQPQHF	1
CASTDRARGYTF	1
CASTEGRNTEAFF	1
CASTTRRATNEKLFF	1
CASTTGQGIVNYGYTF	1
CASTNLGKRGEQYF	1
CASTNRAYEQYF	1
CASTTTPGPFTGELFF	1
CASSFFGQALHF	1
CASSFSSGGAGIAGELFF	1
CASSFSGLTEAFF	1
CASSFWTPRSDEKLFF	1
CASSFYRGFTDTQYF	1
CASSFQGAPHGGYTF	1
CASSFQGGNSPLHF	1
CASSFAGRGGTEAFF	1
CASSFGSGDTYEQYF	1
CASSFGQAGEKLFF	1
CASSFSNQPQHF	1
CASSFNAGGEAFF	1
CASSFLWDRGQYF	1
CASSFLQGEGEQYF	1
CASSFLGRNSPLHF	1
CASSFPLRTAKAFF	1
CASSFQAGNTEAFF	1
CASSFAGTNNGYTF	1
CASSFADTQYF	1
CASSFDSYYNSPLHF	1
CASSFDRGPDYTF	1
CASSFEGLQPQHF	1
CASSFITTGLAGIQYF	1
CASSFSGSGIDDETQYF	1
CASSFRGDIRDIQYF	1
CASSFRVGGQRTGELFF	1
CASSFKGVNTEAFF	1
CASSFKGRDRIIGELFF	1
CASSLLTSGRAKNIQYF	1
CASSLLQAGQLQETQYF	1
CASSLPGYYGYTF	1
CASSLHTIYF	1
CASSLQGPKDYGYTF	1
CASSLVGPYNSPLHF	1
CASSLAGGRNEKLFF	1
CASSLASRAFF	1
CASSLAGEETQYF	1
CASSLGRRVNTEAFF	1
CASSLGQGNTEAFF	1
CASSLGTHSNQPQHF	1
CASSLGTEDLF	1
CASSLGTSSNQPQHF	1
CASSLDRGGTEAFF	1
CASSLTAGGHQPQHF	1
CASSLTAEAFF	1
CASSLRSGTYEQYF	1
CASSLNTEAFF	1
CASSLFPDTQYF	1
CASSLLPDGNQPQHF	1
CASSLLAGGTSTGELFF	1
CASSLLISDTQYF	1
CASSLLGQSNQPQHF	1
CASSLSWFPNTQYF	1
CASSLSTNYGYTF	1
CASSLSRRGSNYGYTF	1
CASSLSPGQGISTEAFF	1
CASSLSGGYTF	1
CASSLWGAGTSSPLHF	1
CASSLWRGTGELFF	1
CASSLYVNSPLHF	1
CASSLPPTGNTEAFF	1
CASSLPGPLRGQYF	1
CASSLRASGSSANEQFF	1
CASSLRRVPGSPASGEQYF	1
CASSLHQGVGYGYTF	1
CASSLHQIRGTNEKLFF	1
CASSLQGGVEEQYF	1
CASSLVVGMSTEAFF	1
CASSLVRPNTEAFF	1
CASSLVAGFSGYTF	1
CASSLAWSPGYTF	1
CASSLAGETQYF	1
CASSLAGGGTEAFF	1
CASSLANQPQHF	1
CASSLAGTYGYTF	1
CASSLGRGGDYGYTF	1
CASSLGTAAWSTEAFF	1
CASSLDRGAAGYTF	1
CASSLDGTSGLEYF	1
CASSLETGDSPLHF	1
CASSLSLWGVGDNSPLHF	1
CASSLRWGEQPQHF	1
CASSLRGGVGQPQHF	1
CASSLRGLEAFF	1
CASSLNVGSNQPQHF	1
CASSLNQKLFF	1
CASSSGQAYEQYF	1
CASSSLAGGTDTQYF	1
CASSSPRGASYGYTF	1
CASSSRQGVNTEAFF	1
CASSSAGGANSPLHF	1
CASSSGGSRSEQFF	1
CASSSDPRLPNYGYTF	1
CASSSPLAGAAHTQYF	1
CASSSAINEQETQYF	1
CASSSAGDYNSPLHF	1
CASSSAGMNTGELFF	1
CASSSDRGQPQHF	1
CASSSLPNTGELFF	1
CASSSGDQPQHF	1
CASSSTPRALQGQYF	1
CASSSTTQGANNSPLHF	1
CASSWGGGAFF	1
CASSWDRSNEQFF	1
CASSWTGEGYGYTF	1
CASSYLEGADTQYF	1
CASSYRGQGYGYTF	1
CASSYQGEQFF	1
CASSYQGNSPLHF	1
CASSYGFSGNTIYF	1
CASSYGQGNQPQHF	1
CASSYRPNRSGAFF	1
CASSYFAPYNEQFF	1
CASSYLGGAQYF	1
CASSYLGHSTYQYF	1
CASSYLEGGNYGYTF	1
CASSYSPQVSPLHF	1
CASSYSGTGGNYGYTF	1
CASSYSSGQRNTEAFF	1
CASSYSARSLTEAFF	1
CASSYSGGVNYGYTF	1
CASSYSEVQPQHF	1
CASSYSTPGHPTDTQYF	1
CASSYSRGLGEKLFF	1
CASSYSRVHGYTF	1
CASSYSNSGMEAFF	1
CASSYSSETQYF	1
CASSYSHGYGYTF	1
CASSYSQSSYNSPLHF	1
CASSYSEGAYGYTF	1
CASSYPSGGAYEQYF	1
CASSYRRVAGWVTQYF	1
CASSYRGLNSPLHF	1
CASSYVSGATGELFF	1
CASSYGYSPDYEQYF	1
CASSYGAGRRSTEAFF	1
CASSYGTTGNTIYF	1
CASSYGTGVMNTEAFF	1
CASSYGQDTQYF	1
CASSYDRSWYPEAFF	1
CASSYTRESGNTIYF	1
CASSYRSVGSYEQYF	1
CASSYRGGYTF	1
CASSYNEQFF	1
CASSLLLAGDRSNTGELFF	1
CASSLGRETQYF	1
CASSLSLGSTGELFF	1
CASSLSLNTEAFF	1
CASSLRDRVDQPQHF	1
CASSLSGLTENTEAFF	1
CASSLVTRVGSELFF	1
CASSLGRTGNQPQHF	1
CASSLDRGSPLHF	1
CASSLTMTGFEETQYF	1
CASSLRNSPLHF	1
CASSPRPSRANTGELFF	1
CASSPQYGYNSPLHF	1
CASSPTRLAPDNEQFF	1
CASSPWTGEMNTEAFF	1
CASSPRAGGDTEAFF	1
CASSPRDTLSSYNSPLHF	1
CASSPHGSPPRALYGYTF	1
CASSPARRPINEKLFF	1
CASSPGRYEQYF	1
CASSPGTGGAWELFF	1
CASSPGLAGDYEQYF	1
CASSPGQRNQPQHF	1
CASSPDRVGSYEQYF	1
CASSPTERGYTF	1
CASSPRQGLSGELFF	1
CASSPSDGSNQPQHF	1
CASSPLQGPNNQPQHF	1
CASSPGGRENEKLFF	1
CASSPGTVYEQYF	1
CASSPGTGSNQPQHF	1
CASSPGRSYNEQFF	1
CASSPGQGLYGYTF	1
CASSPDRNYGYTF	1
CASSPTRRTGELFF	1
CASSPNGPYNEQFF	1
CASSPSAGGPSYNEQFF	1
CASSPWTGRAFF	1
CASSPLLVSTDTQYF	1
CASSPGGVTLSRNSGNTIYF	1
CASSPGVTQYF	1
CASSPGMNEQFF	1
CASSPGQPNTEAFF	1
CASSPTGSRQPQHF	1
CASSPKSSYNSPLHF	1
CASSPKDKRNQPQHF	1
CASSRHPGTVNGYTF	1
CASSRTGTGSGNTIYF	1
CASSRFSAKANTEAFF	1
CASSRQGATNTQYF	1
CASSRDGQGYGYTF	1
CASSRDTNYGYTF	1
CASSRTGEAFF	1
CASSRTVYSNQPQHF	1
CASSHGELTGNTIYF	1
CASSQVSDRGQPQHF	1
CASSQGVSGNTIYF	1
CASSQTRDRNEKLFF	1
CASSVGGTDTQYF	1
CASSVGGWDTGELFF	1
CASSAGAGASDTQYF	1
CASSASRGTTYGYTF	1
CASSAHGTLSTEAFF	1
CASSAGTSGSDTQYF	1
CASSAESDPFYGYTF	1
CASSAVLKYEQYF	1
CASSATVYEQYF	1
CASSAGTEQPQHF	1
CASSAKSSYNSPLHF	1
CASSGLRAGEAFF	1
CASSGKGGREIGELFF	1
CASSGLIISELFF	1
CASSGDSREAFF	1
CASSGMTGTGGIGQYF	1
CASSGGVLSGNTIYF	1
CASSDWKEAGELFF	1
CASSDPRTNTGELFF	1
CASSDVQAVASPLHF	1
CASSDGGGRKGIYGYTF	1
CASSDSQEQTGELFF	1
CASSDSTSGGGTDTQYF	1
CASSDWKLRGIYEQYF	1
CASSDDRTGIAKNIQYF	1
CASSDRVGQPQHF	1
CASSDRANYGYTF	1
CASSDRESYEQYF	1
CASSEREQHNEQFF	1
CASSEGPNQPQHF	1
CASSEGLNQPQHF	1
CASSEGSGAGSGELFF	1
CASSEGLAGDFFYEQYF	1
CASSEGDTGELFF	1
CASSEGTEAFF	1
CASSEFSGLQETQYF	1
CASSELELNTEAFF	1
CASSEYRLTWQPQHF	1
CASSEPPGDTQYF	1
CASSEPVRTRLASPLHF	1
CASSERGGSTEAFF	1
CASSEALYSNQPQHF	1
CASSEGTGELFF	1
CASSEGTGVTYTF	1
CASSEDPGQGSYEQYF	1
CASSEETDNQPQHF	1
CASSEMGTGRNQPQHF	1
CASSETSYSTYGYTF	1
CASSETGRNQPQHF	1
CASSEKSPSGSKNIQYF	1
CASSEKGQLNEQFF	1
CASSMDRSNQPQHF	1
CASSTPGQVYEQYF	1
CASSTTGAGELFF	1
CASSTSGLSDEQFF	1
CASSTRPLVQAPMNF	1
CASSTRQSSEAFF	1
CASSTDRGGYEQYF	1
CASSTKTGGGSPLHF	1
CASSTLLAGNEQFF	1
CASSTGLDDRETQYF	1
CASSTGTGGGYEQYF	1
CASSTGVGVRRSYNSPLHF	1
CASSSGQVLYEQYF	1
CASSSTGSNQPQHF	1
CASSSAITGTVSPLHF	1
CASSSGGGRDTQYF	1
CASSSGRGSYEQYF	1
CASSSNAILGTDTQYF	1
CASSREWTNTEAFF	1
CASSRTGYNEQFF	1
CASSRTGEFNQPQHF	1
CASSNRRPQETQYF	1
CASSNTGELFF	1
CASSNTGGDSPLHF	1
CASSKLGGNEKLFF	1
CASSKAGDETDTQYF	1
CASSFFTVGGDTQYF	1
CASSFSLMNQPQHF	1
CASSFSRDYEQYF	1
CASSFPGGQGAGELFF	1
CASSFHREPKAPQHF	1
CASSFVRQTQYF	1
CASSFVSETQYF	1
CASSFAGRANYGYTF	1
CASSFAGVGSPLHF	1
CASSFGVTGGDQPQHF	1
CASSFGDREGQPQHF	1
CASSFEAGYYEQYF	1
CASSFRGQGMNTEAFF	1
CASSFNGETQYF	1
CASSFSSGSSYEQYF	1
CASSFPEEEGDTEAFF	1
CASSFPASRNTGELFF	1
CASSFRRGGYTF	1
CASSFRQGGSNQPQHF	1
CASSFQGQDIQYF	1
CASSFVGSYEQYF	1
CASSFAWGENSPLHF	1
CASSFGAAKNIQYF	1
CASSFGDRGTGELFF	1
CASSFDRGTDTQYF	1
CASSFDYSGGREYTEAFF	1
CASSFEGTVRTDTQYF	1
CASSFTRQAITDTQYF	1
CASSFTTSDNEQFF	1
CASSLFLAPGQPQHF	1
CASSLFPSEAFF	1
CASSLLGGADGELFF	1
CASSLSRALGGPNYGYTF	1
CASSLSQGYYGYTF	1
CASSLYRGREPQHF	1
CASSLLGNYNYGYTF	1
CASSLRRQGAEGYTF	1
CASSLQLEQFF	1
CASSLQQGGGNTEAFF	1
CASSLVFLGEHGYTF	1
CASSLVGRGHETQYF	1
CASSLVAGATYEQYF	1
CASSLVGLASEQYF	1
CASSLVTGLSGNTIYF	1
CASSLAGSGYTF	1
CASSLGLGGGRNTEAFF	1
CASSLGNTEAFF	1
CASSLGADEKLFF	1
CASSLGGESGLFF	1
CASSLGLLNTGELFF	1
CASSLGGNSEKLFF	1
CASSLGPQETQYF	1
CASSLGVANYGYTF	1
CASSLGGDVRTEAFF	1
CASSLGGELFF	1
CASSLGGDQPQHF	1
CASSLGSANYGYTF	1
CASSLDPGRLRRSYEKLFF	1
CASSLDLSNQPQHF	1
CASSLEVGPGQPQHF	1
CASSLEGLAGIQETQYF	1
CASSLRETYEQYF	1
CASSLRRSPLHF	1
CASSLKDTGYEQYF	1
CASSLFGGGETQYF	1
CASSLFGSAMGNTEAFF	1
CASSLFGQDFQETQYF	1
CASSLLQAKSGYTF	1
CASSLLRGANSGYTF	1
CASSLWGSADTQYF	1
CASSLLVDHSSGNTIYF	1
CASSLLFGEETKNIQYF	1
CASSLPYRSAGNYEQYF	1
CASSLRHNSPLHF	1
CASSLRQNTGELFF	1
CASSLRAQPQHF	1
CASSLRDWNNEQFF	1
CASSLRTSGVNEQFF	1
CASSLQGRTNEKLFF	1
CASSLQGNQPQHF	1
CASSLVLGWETQYF	1
CASSLVPGGYSNQPQHF	1
CASSLVDFRYGYTF	1
CASSLVASGSIEYEQYF	1
CASSLVGVRSITDTQYF	1
CASSLVAGGSNEQFF	1
CASSLVGQSTEQFF	1
CASSLVGADEQFF	1
CASSLAPPSGEQFF	1
CASSLARWNEQFF	1
CASSLAGMNTEAFF	1
CASSLATDTQYF	1
CASSLAPGPIYGYTF	1
CASSLAAHDDGYTF	1
CASSLARSMNTEAFF	1
CASSLAWGADGYTF	1
CASSLARGLGNEKLFF	1
CASSLAVSSYNEQFF	1
CASSLAAPSLQYF	1
CASSLAGSPQPQHF	1
CASSLAGGSYNEQFF	1
CASSLARQGTYNSPLHF	1
CASSLAKGGRDGYTF	1
CASSLAGSGGTEAFF	1
CASSLGPASEQFF	1
CASSLGRNTEAFF	1
CASSLGGGGNQETQYF	1
CASSLGGTGELFF	1
CASSLGTGESNQPQHF	1
CASSLGSIYGYTF	1
CASSLGPSSYNEQFF	1
CASSLGGGPTDTQYF	1
CASSLGGTGPAF	1
CASSLGWGGNSPLHF	1
CASSLGAGSNEKLFF	1
CASSLGGSPLHF	1
CASSLGGDTEAFF	1
CASSLGGIRGLGYGYTF	1
CASSLGGTDTQYF	1
CASSLGGYSNQPQHF	1
CASSLGGQEQYF	1
CASSLGTQPQHF	1
CASSLDQAGVGSPLHF	1
CASSLDGLGDAFLW	1
CASSLDDGKQFF	1
CASSLDTIGAETQYF	1
CASSLDLWRENSPLHF	1
CASSLDPNLALSKNIQYF	1
CASSLDSYTGELFF	1
CASSLDRGDEKLFF	1
CASSLDNSEQYF	1
CASSLESALNTEAFF	1
CASSLEWAGGGNQPQHF	1
CASSLEPAGVEQFF	1
CASSLEGVPLHF	1
CASSLEGAGRELFF	1
CASSLETSRNQPQHF	1
CASSLETGVAYEQYF	1
CASSLEPGLAEATNEKLFF	1
CASSLEEGTGSGYTF	1
CASSLTPGTENIQYF	1
CASSLTVDPNYGYTF	1
CASSLTSNQPQHF	1
CASSLTPGQVRRESYTF	1
CASSLTRGNSPLHF	1
CASSLNPSLFF	1
CASSLNAKLAFF	1
CASSLKAGFNNEKLFF	1
CASSSDGANQPQHF	1
CASSSIGELQHF	1
CASSSRQGNQPQHF	1
CASSSQSGRGTDTQYF	1
CASSSAAGELFF	1
CASSSGARYEQYF	1
CASSSGGLTDTQYF	1
CASSSGTGLADTQYF	1
CASSSGQGISSTDTQYF	1
CASSSGERVGDEKLFF	1
CASSSSWGTEAFF	1
CASSSNQGETQYF	1
CASSSFGEREGPNNEQFF	1
CASSSGGPYARDTIYF	1
CASSSDGLGGYTF	1
CASSSTLAVSEAFF	1
CASSSSPITQYF	1
CASSSLSGNYGYTF	1
CASSSPRSSYNEQFF	1
CASSSPPNTARRPTTPIYEQYF	1
CASSSQDRPNEKLFF	1
CASSSVGRNSPLHF	1
CASSSGILGTEAFF	1
CASSSGRTYGYTF	1
CASSSRLAEGEYF	1
CASSSKGMYTEAFF	1
CASSWLGGKVNTEAFF	1
CASSWAGEGEAFF	1
CASSWGGRVNEQFF	1
CASSWGDNYGYTF	1
CASSWGQGSNYGYTF	1
CASSWTAGNTIYF	1
CASSYLRHRPGRRNRPQHF	1
CASSYREGAGLATNEKLFF	1
CASSLRRGEVYGYTF	1
CASSLLGQGNIRTEAFF	1
CASSLRGGGEKLFF	1
CASSLGGANTGELFF	1
CASSLNVAGVSGNTIYF	1
CASSLFMTNSNSPLHF	1
CASSLQRAGANYGYTF	1
CASSLAGAYYGYTF	1
CASSLGGSGHTIYF	1
CASSLTSEAFF	1
CASSLRTEAFF	1
CASSLLAGRDTDTQYF	1
CASSLPFWNTEAFF	1
CASSLQGKGTGELFF	1
CASSLQTVNTEAFF	1
CASSLQGLNEQYF	1
CASSLETRALEKLFF	1
CASSLEQGAQEKLFF	1
CASSLRTVLQTNEKLFF	1
CASSPRPSTDTQYF	1
CASSPWGGSGNTIYF	1
CASSPLYYDLVDYTF	1
CASSPRGGLDQPQHF	1
CASSPRGGGGYTF	1
CASSPHGGTEAFF	1
CASSPQTGSGNTIYF	1
CASSPVLSGAETQYF	1
CASSPVVRGEQFF	1
CASSPVSGNTIYF	1
CASSPVTGASSYEQYF	1
CASSPAILAGGDEQFF	1
CASSPGVANTEAFF	1
CASSPGTVFGGYTF	1
CASSPGVAFF	1
CASSPGRYFWELFF	1
CASSPGQTSYEQYF	1
CASSPEQGEYNEKLFF	1
CASSPILAGGLETQYF	1
CASSPNTGNSNQPQHF	1
CASSPYLLGDSSYNSPLHF	1
CASSPRWGGQETQYF	1
CASSPADHDPFF	1
CASSPAGGGGGQPQHF	1
CASSPATGLNEKLFF	1
CASSPAAGKQFF	1
CASSPGPGGTPLHF	1
CASSPGTAYEQYF	1
CASSPEKTYGYTF	1
CASSPILGGRTIQYF	1
CASSPTRAGELFF	1
CASSPTLGRGTGGYTF	1
CASSPNPRPSGNTIYF	1
CASSRQVGLAGVSDTQYF	1
CASSRVGRVGGYTF	1
CASSRTTEIFNYGYTF	1
CASSRTGGRTDTQYF	1
CASSRITGVETQYF	1
CASSRLIGSQNTEAFF	1
CASSRDRNEQYF	1
CASSRSYEQYF	1
CASSRWDGVYEQYF	1
CASSRGLAGAQETQYF	1
CASSRGTGGNQPQHF	1
CASSRTTGLGELFF	1
CASSHSGSQPQHF	1
CASSHSGEGSPLHF	1
CASSHGRSGYANGNQPQHF	1
CASSHLSKGKTYGYTF	1
CASSHVASHEQYF	1
CASSHGTSNTGELFF	1
CASSHGELFF	1
CASSHGQGPGYTF	1
CASSQPIRTVTYEQYF	1
CASSQGTLNQPQHF	1
CASSQGSGQPQHF	1
CASSQDRGSPLHF	1
CASSQTAWTDNSPLHF	1
CASSQLGRGRIENSPLHF	1
CASSQYWGADTEAFF	1
CASSQPGQGFNYGYTF	1
CASSQPRGQTDTGELFF	1
CASSQPGNQAEAFF	1
CASSQRTGELFF	1
CASSQQQNQPQHF	1
CASSQQGNTEAFF	1
CASSQVSLGTDTQYF	1
CASSQVAGTGTGNTIYF	1
CASSQVGQTNSPLHF	1
CASSQVGGVDGNTIYF	1
CASSQVNTEAFF	1
CASSQVSGGATNTGELFF	1
CASSQVPGKTEAFF	1
CASSQARAGELFF	1
CASSQAKEYGYGYTF	1
CASSQAGTGRAGYTF	1
CASSQAMAGVGNTEAFF	1
CASSQGYMGPRNTEAFF	1
CASSQGTRYGYTF	1
CASSQGFGENTEAFF	1
CASSQGANTGELFF	1
CASSQGGTTGNTIYF	1
CASSQGQGANTEAFF	1
CASSQDSGFYEQYF	1
CASSQDSTSGRATLYEQYF	1
CASSQDYTNQPQHF	1
CASSQDLTLLYNSPLHF	1
CASSQDLSGTEAFF	1
CASSQDPWGRTDTQYF	1
CASSQDQFGLHF	1
CASSQDVGADQPQHF	1
CASSQDARDYGYTF	1
CASSQDRRRQGGYSPLHF	1
CASSQDNQPQHF	1
CASSQEVTPLGNSNQPQHF	1
CASSQEGGFSSYNEQFF	1
CASSQEGHYGYTF	1
CASSQEHRVRGNQPQHF	1
CASSQEGRSQDTQYF	1
CASSQEITGFYGYTF	1
CASSQIQRSNSPLHF	1
CASSQTLAGGPNTQYF	1
CASSQNQMSNQPQHF	1
CASSVASFYNEQFF	1
CASSVNRGWGGQPQHF	1
CASSVRGLGNQPQHF	1
CASSVSVGELFF	1
CASSVGGYGYTF	1
CASSVVGLEAFF	1
CASSVALADEQFF	1
CASSVAPLAQFF	1
CASSVAGLAATDTQYF	1
CASSVGRGPYEQYF	1
CASSVGDTQYF	1
CASSVGRGETQYF	1
CASSVGADYEQYF	1
CASSVGTSGDYEQYF	1
CASSVGSSRASRSEQFF	1
CASSVGLAGSNSYNEQFF	1
CASSVGQSNQPQHF	1
CASSVGISREWTGELFF	1
CASSVDLRQETQYF	1
CASSVTSEAYNEQFF	1
CASSVSAGLAGSLNEQFF	1
CASSARYRGAGNTIYF	1
CASSAPWGGRADTQYF	1
CASSARTGGNQPQHF	1
CASSARQDRSSEEAFF	1
CASSAGSYEQYF	1
CASSAGTGKGGNQPQHF	1
CASSAGQDYNEQFF	1
CASSASNYGYTF	1
CASSAYQETQYF	1
CASSAGHEDEKLFF	1
CASSAGQISWGNTEAFF	1
CASSASGTISTDTQYF	1
CASSAHREMNTEAFF	1
CASSAQGLAGSPLHF	1
CASSGPTGGNEKLFF	1
CASSGTFSSYNSPLHF	1
CASSGSGDTQYF	1
CASSGQPAGPQDYGYTF	1
CASSGGGGHYGYTF	1
CASSGIAGASNEQFF	1
CASSDFPISGINSNQPQHF	1
CASSDYRGSGNTIYF	1
CASSDTGAAQPQHF	1
CASSDNRVRYGYTF	1
CASSDTMRRTDTQYF	1
CASSDRGDEQYF	1
CASSEGTEAFF	1
CASSEDRPNTEAFF	1
CASSETLLYGYTF	1
CASSEGQGRGEKLFF	1
CASSESVGSYNEQFF	1
CASSIWETQYF	1
CASSIRPTRRDNGYTF	1
CASSTLRPGTSSNQPQHF	1
CASSTLQGTEAFF	1
CASSTPQTGTSGGDTQYF	1
CASSTQTGGTDTQYF	1
CASSTSRMAEAFF	1
CASSTSAPLEATNEKLFF	1
CASSSGTSGTDTQYF	1
CASSSGRAYTGELFF	1
CASSRPGTGAEAFF	1
CASSRGTEAFF	1
CASSRRGRSPGLAGTTGELFF	1
CASSNSGLNTEAFF	1
CASSNLLGGIGRRTEAFF	1
CASSKVGGYEQYF	1
CASSKVRLAGGETQYF	1
CASSKAPPQGPSPNEQYF	1
CASSKGARNYGYTF	1
CASSKEPSGGASYTDTQYF	1
CASSKTTGEAFF	1
CASSKRGPTEPYEQYF	1
CASRFDSEFHGYTF	1
CASRLGRHSPLHF	1
CASRSRGTYNEQFF	1
CASRWFLAKNIQYF	1
CASRPTGVNQPQHF	1
CASRPGRSGEQYF	1
CASRPTGDSNQPQHF	1
CASRQGTTSRELFF	1
CASRQNTEAFF	1
CASRAHGQTKETQYF	1
CASRAQGPYGYTF	1
CASRAGQYNSPLHF	1
CASRAGPRNEKLFF	1
CASRGLQSSGNTIYF	1
CASRGLDRQNEKLFF	1
CASRGTGGDTEAFF	1
CASRGPVWGTDTQYF	1
CASRGVRAHPAGELFF	1
CASRDRDRGRNSPLHF	1
CASRDAYGYTF	1
CASRDRATDTQYF	1
CASRETGGGFEAFF	1
CASRESGQMGGYTF	1
CASREPGQGTDTQYF	1
CASRERTGRNSPLHF	1
CASREGDSPLHF	1
CASRIGTENTEAFF	1
CASRTANTEAFF	1
CASRRLAGDPYEQYF	1
CASRNEGVAETQYF	1
CASRNQGDTEAFF	1
CASRLTGKDTEAFF	1
CASRLQGGTEAFF	1
CASRSDPANSPLHF	1
CASRPSGGDTEAFF	1
CASRPTGNSGNTIYF	1
CASRPGQGHTEAFF	1
CASRRLVRGPNSPLHF	1
CASRRPGGITEAFF	1
CASRQQGPETQYF	1
CASRQGNSPLHF	1
CASRQDRDTYEQYF	1
CASRAEDTQYF	1
CASRGQYMNTEAFF	1
CASRGGLVNTEAFF	1
CASREGTLHYGYTF	1
CASRMAGNEQFF	1
CASRTGQLNEKLFF	1
CASRSTGNYGYTF	1
CASRRQGSNSPLHF	1
CASRNSGSRNQPQHF	1
CASRNQGGASNQPQHF	1
CASRKSRVELGYTF	1
CASNFGSGNTIYF	1
CASNYKAANTEAFF	1
CASNLKLPSTDTQYF	1
CASNPRGDRGNQETQYF	1
CASNEGGGYTF	1
CASNRGDEQYF	1
CASNRGLLSEKLFF	1
CASKGQEGSPLHF	1
CASKTRPSGNTIYF	1
CASKLGQVNEKLFF	1
CASKPDLGAGNTIYF	1
CASKQAPTTNEKLFF	1
CANALAKNIQYF	1
CAKRCGPYEQYF	1
CDSSLSDRNNEQFF	1
CAGSGNPNEQFF	1
CATSIHGTVGGVGTEAFF	1
CASGGYEQFF	1
CASFDRGPGELFF	1
CASRTLGLAETQYF	1
CASHRDRDTEAFF	1
CASARGSTDTQYF	1
CASGRDTTTGELFF	1
CASIRGQNEKLFF	1
CASTWTVGDYGYTF	1
CASTTYLQKKDVGNSPLHF	1
CASSSQGGTEAFF	1
CASSSGGSNQPQHF	1
CASSSNRGRGNTIYF	1
CASSWASTDTQYF	1
CASSRLNNEKLFF	1
CASSRDRNEKLFF	1
CASSQSGETQYF	1
CASSARPGPNTGELFF	1
CASSGPSRSSYEQYF	1
CASSDSLTGELFF	1
CASSDEKNTEAFF	1
CASSEFLNYEQYF	1
CASSESGQGMSLDF	1
CASSEIWGPRDEQYF	1
CASSEWPYEQYF	1
CASSEVQGDTEAFF	1
CASSEKWQGRNIQYF	1
CASSTLYEQYF	1
CASSRETNTEAFF	1
CASSNGLAGDTQYF	1
CASSKGSSGNTIYF	1
CASSFLGRPGNTIYF	1
CASSFQQGPALLLKTQYF	1
CASSFTRSQHF	1
CASSFTPDRGGAEAFF	1
CASSFTGLRFRNSPLHF	1
CASSFSGVDINTEAFF	1
CASSFYRQGGNTEAFF	1
CASSFRDTNTGELFF	1
CASSFQGEPEAFF	1
CASSFGGSNTEAFF	1
CASSFGTGNQPQHF	1
CASSFGNYNSPLHF	1
CASSFGRLNYGYTF	1
CASSFEQGAPEAFF	1
CASSFRGLTGNTIYF	1
CASSLFYGGTEAFF	1
CASSLSQGIPEAFF	1
CASSLSGQGGNTEAFF	1
CASSLSTGDGYTF	1
CASSLRVSSNYEQYF	1
CASSLRGNRLNTEAFF	1
CASSLRDRGYSKVSPLHF	1
CASSLQGDTYGYTF	1
CASSLVPGANTEAFF	1
CASSLVQNGEAFF	1
CASSLVGRNTEAFF	1
CASSLVGTGLEAFF	1
CASSLVSENTEAFF	1
CASSLVLDRGRAFF	1
CASSLVSGLNTEAFF	1
CASSLAPDQPQHF	1
CASSLASGTGGVGTEAFF	1
CASSLAPGASGNTIYF	1
CASSLARPQVGNTEAFF	1
CASSLAVTGGGELFF	1
CASSLAGETEAFF	1
CASSLASLSPLHF	1
CASSLGSGLEKLFF	1
CASSLGDRGSNQPQHF	1
CASSLGRPTGLGYTF	1
CASSLGSNTEAFF	1
CASSLGDRLNTGELFF	1
CASSLGDNSYNSPLHF	1
CASSLGTGAYGYTF	1
CASSLGTGEASTEAFF	1
CASSLGNQGPNYGYTF	1
CASSLGYTEAFF	1
CASSLGPGADTEAFF	1
CASSLGDSLNSPLHF	1
CASSLDGTSGSYEQFF	1
CASSLDGQSNSPLHF	1
CASSLDSGASFEKLFF	1
CASSLDENTEAFF	1
CASSLDSGAKNIQYF	1
CASSLDRVNSPLHF	1
CASSLDRVNGYTF	1
CASSLDRVTGELFF	1
CASSLEWGSNYGYTF	1
CASSLEVNTEAFF	1
CASSLEGLANEKLFF	1
CASSLEGRAFF	1
CASSLEGSSGNTIYF	1
CASSLEGQGILNSPLHF	1
CASSLEGDSNQPQHF	1
CASSLETGLNGYTF	1
CASSLEKGAIGELFF	1
CASSLEQNQPQHF	1
CASSLEGYNQPQHF	1
CASSLEGPGNTIYF	1
CASSLMIGGPVSGYTF	1
CASSLTGVGNTIYF	1
CASSLTADTEAFF	1
CASSLTGGHTCF	1
CASSLTGSQPQHF	1
CASSLTTDSIYGYTF	1
CASSLNRRSSGNTIYF	1
CASSLKEQGHTEAFF	1
CASSLLFGKDTEAFF	1
CASSLRSEEKLFF	1
CASSLRTPNYGYTF	1
CASSLRGPLGGSGYTF	1
CASSLQNTEAFF	1
CASSLGQNSPLHF	1
CASSLDYIYGYTF	1
CASSLDGSEAFF	1
CASSLIPGGNTEAFF	1
CASSLTLTLSKAGHDSGNTIYF	1
CASSLSGLKGDRVTEAFF	1
CASSLRPGQDQPQHF	1
CASSSSGFGTEAFF	1
CASSSSTGGNTEAFF	1
CASSSLDRPLFTGELFF	1
CASSSPVANYNSPLHF	1
CASSSQGARTEAFF	1
CASSSGTDLNEKLFF	1
CASSSSSYNSPLHF	1
CASSSGQIYGYTF	1
CASSSTRHGTGRREQYF	1
CASSSHRNGTSYGYTF	1
CASSWAGGGNEKLFF	1
CASSWGGYDIQYF	1
CASSWTVSATNEKLFF	1
CASSWSTGGGQGYGYTF	1
CASSLARAGRGTEAFF	1
CASSLIGDRTYVNRLGTEAFF	1
CASSLGVPNTGELFF	1
CASSLSHSGNTIYF	1
CASSLLGLADTQYF	1
CASSLQGSNYGYTF	1
CASSLQGPNMNTEAFF	1
CASSPGLAGGAKNIQYF	1
CASSPIQGYGYTF	1
CASSPRDGNTEAFF	1
CASSPGTAGNTIYF	1
CASSPRDDGYTF	1
CASSPVGTDGEKLFF	1
CASSPVHGSTNYGYTF	1
CASSPGTNGNTIYF	1
CASSPGGGAMNTEAFF	1
CASSPTGDYGYTF	1
CASSPSTQVGSNIQYF	1
CASSPRQETATNEKLFF	1
CASSPLGGRIHGYTF	1
CASSPYGQGRTNEKLFF	1
CASSPRPGTGAGAEAFF	1
CASSPGLAGNTDTQYF	1
CASSRVFGTGGLHTEAFF	1
CASSRATDIFYGYTF	1
CASSRALNTEAFF	1
CASSRREGSPLHF	1
CASSRGTVNTEAFF	1
CASSRGQETMNTEAFF	1
CASSRDFSNQPQHF	1
CASSRTAGEEKLFF	1
CASSRSGQDSSYNSPLHF	1
CASSRQGLNEKLFF	1
CASSRGTSDYNEQFF	1
CASSRDPAGQAQFF	1
CASSHSPGVFSKNIQYF	1
CASSHLDRETPYSNQPQHF	1
CASSHHGEPNEKLFF	1
CASSQSRDRGMFYSPLHF	1
CASSQGNRDPSGNTIYF	1
CASSQDRTDYGYTF	1
CASSQRVGDTGELFF	1
CASSQSSASVNTGELFF	1
CASSQWRGQEETQYF	1
CASSQYDRDNQPQHF	1
CASSQLGPRLVGNTIYF	1
CASSQLDGAEAFF	1
CASSQPSKEILGTF	1
CASSQPGPNQPQHF	1
CASSQHGSNQPQHF	1
CASSQQRGTGFEAFF	1
CASSQVGRGGSGLGYTF	1
CASSQVERQGYGEKLFF	1
CASSQVWTPQPQHF	1
CASSQVVWGPRQFF	1
CASSQAGPRNTIYF	1
CASSQAGLSSDTQYF	1
CASSQGPGSSGNTIYF	1
CASSQGQGRNTGELFF	1
CASSQGHTKEDHPQHF	1
CASSQGVGAPRLEQYF	1
CASSQGGQVNYGYTF	1
CASSQGTSGQETQYF	1
CASSQGTTGELFF	1
CASSQGRPSSYNSPLHF	1
CASSQGSEKLFF	1
CASSQGSAGLNTEAFF	1
CASSQDFTGEGEKLFF	1
CASSQDSADQYYTGNYGYTF	1
CASSQDPADTGNTIYF	1
CASSQDQSGFHQPQHF	1
CASSQDGPGTRTDTQYF	1
CASSQDGQVYVNYGYTF	1
CASSQDGGWYPTNEKLFF	1
CASSQDTNQPQHF	1
CASSQDSPSAYNEQFF	1
CASSQDRVSGQGAKNIQYF	1
CASSQDLGRRSLNQPQHF	1
CASSQDPVNEQFF	1
CASSQDRAGLDGYTF	1
CASSQDRALDTEAFF	1
CASSQEWPGARQSPLHF	1
CASSQEVLADEQYF	1
CASSQETQFKTEAFF	1
CASSQELAGGITDTQYF	1
CASSQESRGYGSPLHF	1
CASSQERRSGNTIYF	1
CASSQEGPVPSGTEAFF	1
CASSQEGLNTEAFF	1
CASSQEKSEYNEQFF	1
CASSQIPGSSPLHF	1
CASSQTHRMKDPNTGELFF	1
CASSQTASPLHF	1
CASSVEGGGSPLHF	1
CASSAQGGSNYGYTF	1
CASSAGREQYF	1
CASSAAQGPKNIQYF	1
CASSAGRGGNTEAFF	1
CASSERGQQNTIYF	1
CASSIEGTGELFF	1
CASSTDGLTEAFF	1
CASSTDRVTEAFF	1
CASSTTGTGNTIYF	1
CASSSFPDSTGELFF	1
CASSSGTANQPQHF	1
CASSRGGVNTEAFF	1
CASSRPGVGYSPLHF	1
CASSNTEQGGNTEAFF	1
CASRPWTGGFGELFF	1
CASRAGQVVNEKLFF	1
CASRGHTNPSNTGELFF	1
CASRTDRAGNTIYF	1
CASRSGQSDEKLFF	1
CASRNLRTRDDTQYF	1
CASRPDRSSYNSPLHF	1
CASRPGTGGYEQYF	1
CASRRRTGDSRNTIYF	1
CASRDRVSYEQYF	1
CASNKASEQFF	1
CASNPRHRYANQPQHF	1
CASKGSGGDTGELFF	1
CASKVRGRGTEAFF	1
CAGSGGVTDTQYF	1
CIYQSYNEQFF	1
CSPRGLQGGNQPQHF	1
CSVLSANEKLFF	1
CSVPGQGPLGSYGYTF	1
CSVAGQETQYF	1
CSVSKGLGNQPQHF	1
CSAFTESHQPQHF	1
CSASFGAANTGELFF	1
CSAPGQGAGGYGYTF	1
CSARPGGRSQPQHF	1
CSAHGLAGETQYF	1
CSAQYTGLLNTEAFF	1
CSAAGTGGGNEQFF	1
CSAGAWGVADTQYF	1
CSAGTALATNEKLFF	1
CSAGPGQPHYGYTF	1
CSAGGGHTGELFF	1
CSAERTVSYEQYF	1
CSAIPVGLYEQYF	1
CSATSTEGTYSGYTF	1
CSATPIGREMNTEAFF	1
CSATDRGPQETQYF	1
CSATDRGLDYSNQPQHF	1
CSASLGVGGGQPQHF	1
CSASWARGGNTEAFF	1
CSASPGTGGWSEAFF	1
CSASPAGGAETQYF	1
CSASHLGGKTTEAFF	1
CSASMQGEGTQYF	1
CSASIAVGAQGQYF	1
CSASNPGQGAGDQPQHF	1
CSASKAGSYGYTF	1
CSASGQTEGAAWGYEQYF	1
CSARRGIGQPQHF	1
CSARQVGNSPLHF	1
CSARVRGISNQPQHF	1
CSARDSGNQPQHF	1
CSARRAGSRSGNTIYF	1
CSARKPGVQKETQYF	1
CSARYRIGSPLHF	1
CSARLFGQTNTEAFF	1
CSARPWGQGKVYSGNTIYF	1
CSARPGSYEQYF	1
CSARVPGTHTDTQYF	1
CSARVAGAKTEAFF	1
CSARVNRGWLQHF	1
CSARVFGRSNQPQHF	1
CSARGGWTSGSTDTQYF	1
CSARGGERRGYSNQPQHF	1
CSARGRGGTEAFF	1
CSARGPGTVTYEQYF	1
CSARGPGFQPQHF	1
CSARGEPYGYTF	1
CSARGGGGNTIYF	1
CSARGGTLTNYGYTF	1
CSARDSGQTRYGYTF	1
CSARDSQGPSTGELFF	1
CSARDWRTEAFF	1
CSARDPQRGEAGELFF	1
CSARDRRTGGLSNQPQHF	1
CSARDRQGGYTF	1
CSARDRRGWGNQPQHF	1
CSARDAGLGQPQHF	1
CSARDARNTEAFF	1
CSARDPPLQYF	1
CSARDPGRGNGYTF	1
CSARDPTGIRNTGELFF	1
CSARDSPTETQYF	1
CSAREASDGSSPLHF	1
CSAREAAGQIYEQYF	1
CSAREAGYSNQPQHF	1
CSARESSGQPQHF	1
CSARNRDRVSYEQYF	1
CSARKRVRTDTQYF	1
CSANSGYEQYF	1
CSAKDHPGPQHF	1
CSAKDRGLHTF	1
CSAKLFYGYTF	1
CSALGPSTTEAFF	1
CSAPGAAYEQYF	1
CSARLAGVSSGELFF	1
CSARPGASEKLFF	1
CSAQARALRTEAFF	1
CSANKPTDTQYF	1
CSASFSGSLPDTQYF	1
CSAGAPQHF	1
CSARAVSNTGELFF	1
CSARRGAYNEQFF	1
CSAKRLAGIYNEQFF	1
CSAQPGHESYEQYF	1
CSAAGQGVWETQYF	1
CSASRANTGELFF	1
CSGSGGTYGYTF	1
CSIRVFTEAFF	1
CSTPGLGAGELFF	1
CSPQIEGSHGYTF	1
CSVLLAGNEQFF	1
CSVLTRAKNIQYF	1
CSVSGQGAFSSEQFF	1
CSVPGGSRGELFF	1
CSVRQDFNYGYTF	1
CSVVGAGYTF	1
CSVVQQMNTGELFF	1
CSVAVSPLDEQYF	1
CSVADGTEAFF	1
CSVGDRGFNQPQHF	1
CSVGRSPGQPLGGYTF	1
CSVGGLSDGYTF	1
CSVGERHTSTDTQYF	1
CSVGGDPIGETQYF	1
CSVDLRQMNTEAFF	1
CSVDGLERRNYGYTF	1
CSVDGQEETDTQYF	1
CSVDENYGYTF	1
CSVEPRDVHNEQFF	1
CSVEPDRSTDTQYF	1
CSVEPGGAVGELFF	1
CSVEAGYEQYF	1
CSVEDRKVSGELFF	1
CSVEDRDRETGELFF	1
CSVEDHVKTGALNEKLFF	1
CSVEDTDRADTQYF	1
CSVEDAGNTEAFF	1
CSVEEAGTQYF	1
CSVEEDSESSYNEQFF	1
CSVEMNTEAFF	1
CSVLAGGKGTQYF	1
CSVYSGTQYF	1
CSVLDRLYGYTF	1
CSVLPRARSTDTQYF	1
CSVLGGRNTEAFF	1
CSVLDVNYGYTF	1
CSVLKDRNAGGAFF	1
CSVPSANTIYF	1
CSVQGSGTDTQYF	1
CSVEIRGSRDEQFF	1
CSVSGGNQPQHF	1
CSVSRGETQYF	1
CSVGGGGYTF	1
CSVGTLSDGGPERNTEAFF	1
CSVRLGQGSSWVF	1
CSARVVGTDTQYF	1
CSASGRALDIQYF	1
CSAPTANYGYTF	1
CSARSGAGSRTDTQYF	1
CSAGTDYEQYF	1
CSTPAPGDNEKLFF	1
RASSFGLPERCSTDTQYF	1
RASSLYMSAGGDQPQHF	1
RASSPLTIAGAYEQYF	1
RASSPPDRSGQPQHF	1
CASSSGGSGGSYNEQFF	3
CATSENRDTGELFF	2
CASPNDSGNNEQFF	2
CASETSGGRGFNEQFF	2
CASSLADSYEQYF	2
CASSSGMGTDTQYF	2
CASSLYNEQFF	2
CASSLGRAGEQYF	2
CASSSGTSGIYNEQFF	2
CASSPSLWGAETQYF	2
CASSRTQTDTGLGDTF	2
CASSQDATLISYNEQFF	2
CASSRYNEQFF	2
CASRRLREGAEAFF	2
CASRDPGGFNEQFF	2
CASSLQSEGSDTQYF	2
CASSLARGYFYEQYF	2
CASSLDTGQPYNEQFF	2
CASSLEGGGPYNEQFF	2
CASSSLAGNEQFF	2
CASSLSDGPLEQYF	2
CASSPIGLAAIYNEQFF	2
CASSQLNLGLTQETQYF	2
CASSQAGGAGYEQYF	2
CASSVGQVNEQFF	2
CASSTGPAGATYEQYF	2
CASKTASRAYEQYF	2
CSASSGREMNDEQFF	2
CSARGRPGGNEQYF	2
CSVEKTGLDPYNEQFF	2
CVSSSRGVGSPLHF	1
CVKKVSSTGELFF	1
CASGTGANTGELFF	1
CASSFFPGQGAGELFF	1
CASSSRTGDNQPQHF	1
CASLFSRSRKHDTQYF	1
CASAPMTEQFF	1
CASIAENTGELFF	1
CAWVKGTSGTGELFF	1
CAWAPDSQETQYF	1
CAWGGGELFF	1
CAWSSPGEGETQYF	1
CAWSPGESAYGYTF	1
CAWSVGVRGSFGTDTQYF	1
CAWSVYRASTDTQYF	1
CAWSIIGGGRTEAFF	1
CAWRSGVSSYNSPLHF	1
CAWRGGVLSGNTIYF	1
CALGGGTGELFF	1
CAVASGQNTGELFF	1
CAAQGTGELFF	1
CAAAGPNTGELFF	1
CAAMTSSTDTQYF	1
CAGGTAYGYTF	1
CAISSQGSLREQYF	1
CAIWRHGEQYF	1
CAIQTNPMNTEAFF	1
CAIALAGGYNEQFF	1
CAIATDHSNQPQHF	1
CAIAAGGLNEQFF	1
CAIAGGNEQFF	1
CAIGPRRLDYEQYF	1
CAIGPGTGGANEKLFF	1
CAIGPTSYNEQFF	1
CAITTGTGDTDTQYF	1
CAISSLQGAYEQYF	1
CAISSTSGRAKDEQFF	1
CAISPGQAPYEQYF	1
CAISRLGNEQYF	1
CAISRQAPLMDEQFF	1
CAISVEYNEQFF	1
CAISVKHTVSYEQYF	1
CAISASTGELFF	1
CAISALVAGEMLDTQYF	1
CAISAQNNYGYTF	1
CAISGLGGNEQFF	1
CAISGLGQGSSYEQYF	1
CAISGSLAGDTDTQYF	1
CAISGVTSGRTDTQYF	1
CAISGARLTDTQYF	1
CAISGTSWETQYF	1
CAISGTSGTDTQYF	1
CAISGTGGEQYF	1
CAISDLAGISLDEQFF	1
CAISDPGQTYEQYF	1
CAISDRQGPNEQFF	1
CAISDVGQGRYYGYTF	1
CAISDAGESTYEQYF	1
CAISDAQRTEAFF	1
CAISDSGSTDTQYF	1
CAISDPDNEQFF	1
CAISDTSGGWTDTQYF	1
CAISESQTGGDEQYF	1
CAISESLVTSNQPQHF	1
CAISESGTGTDTQYF	1
CAISESAGHNSPLHF	1
CAISESGGRDHQPQHF	1
CAISESEAGGTRSYNEQFF	1
CAISESIKGTGNQPQHF	1
CAISESTPLEPNYGYTF	1
CAISESTGTGELFF	1
CAISESTVPNYNEQFF	1
CAISESGGVAKNIQYF	1
CAISEALAGVWNEQFF	1
CAISETRTGDYEAFF	1
CAISENLNEQYF	1
CAISEYTGELFF	1
CAISELGGDYNEQFF	1
CAISERQFDLILHF	1
CAISKPGANTGELFF	1
CAISSGQGYTGELFF	1
CAISPQGGDTEAFF	1
CAISRTSGDEQYF	1
CAISRDYEQYF	1
CAISQGQGRHEQYF	1
CAISGTSSTDTQYF	1
CAISRGRAYEQYF	1
CAIRPDRDYGYTF	1
CAIRDGTGARTEAFF	1
CAIRDNAGELFF	1
CAIREQRRSGSTDTQYF	1
CAIRTTGTVTGELFF	1
CAIRAEPGSLGNIQYF	1
CAINPGTANTGELFF	1
CAIKQSIFSGTDADTQYF	1
CATRGRGESPLHF	1
CATFSRAIHYF	1
CATSPPGSYNEQFF	1
CATYSPDFYEQYF	1
CATRVGAAPAGDEQFF	1
CATRRDSNQPQHF	1
CATAVISNEQFF	1
CATAGADSDLETQYF	1
CATGTATNTGELFF	1
CATGTEISNNEQFF	1
CATGTGEVGELFF	1
CATSLADTQYF	1
CATSPGPKTYEQYF	1
CATSPTGTEAFF	1
CATSQDNYEQYF	1
CATSVGDAEQYF	1
CATSVQYNEQFF	1
CATSVGTSGLTGELFF	1
CATSATGGSGELFF	1
CATSGTGGETQYF	1
CATSGQGYDEQFF	1
CATSDFHDEQFF	1
CATSDFSGYTF	1
CATSDLSGEVDTQYF	1
CATSDLPPDTQYF	1
CATSDLQGSSGELFF	1
CATSDLGELQFF	1
CATSDSQGSYGYTF	1
CATSDSARATYEQYF	1
CATSDSPARAVVNSPLHF	1
CATSDWGGGAANEQFF	1
CATSDYPGGNTDTQYF	1
CATSDYRGLNTGELFF	1
CATSDPRTERNTEAFF	1
CATSDPTRSYQETQYF	1
CATSDGSGLSQETQYF	1
CATSDSRGLDYGYTF	1
CATSDLSGMSDNEQFF	1
CATSDPRDKFSSDTQYF	1
CATSDPGETQYF	1
CATSDRQGGNQPQHF	1
CATSEALNTEAFF	1
CATSEGYGYTF	1
CATSEGIAVEETQYF	1
CATSESTAVSPQHF	1
CATSEPRTGDETQYF	1
CATSEPGPASQPQHF	1
CATSERPTDTQYF	1
CATSENQGLASDTQYF	1
CATSTGATYQETQYF	1
CATSNSYEQYF	1
CATSSGTGSNQPQHF	1
CATSQGIAPVPAPQHF	1
CATSGSGSDTQYF	1
CATSGGGFADTQYF	1
CATSDSGASDHYGYTF	1
CATSIEGVAGNTIYF	1
CATSSRTALEQYF	1
CATSSPGTDTSYEQYF	1
CATSRGRDPSGNEQFF	1
CATSRDRAAYEQYF	1
CATSRRRDRGFQPQHF	1
CATSRNTRGVQETQYF	1
CATSRAVEDIQYF	1
CATSRARDSANTGELFF	1
CATSRATWDEQYF	1
CATSRGDGANQPQHF	1
CATSRDYGGFPLHF	1
CATSRDLQGIVNQPQHF	1
CATSRDRGDTGELFF	1
CATSRDRVGGEGVLFF	1
CATSRTAGGSYEQYF	1
CATRFSSRSEQFF	1
CATRPIKGEYGYTF	1
CATRRGLLDTQYF	1
CATRVDTGELFF	1
CATRILETQYF	1
CATGQGGTLRYF	1
CATKEELAQSTDTQYF	1
CATLAGVGEQFF	1
CASFRNTEAFF	1
CASWQYNSPLHF	1
CASPKGAGRDSNQPQHF	1
CASRQSGETQYF	1
CASGRDTYEQYF	1
CASMKRDIGNTIYF	1
CASSISERYYNEQFF	1
CASSMSEVGTGTPSQYF	1
CASRTTQGSHSGARYGYTF	1
CASLPGPSSYNEQFF	1
CASSLGNIQYF	1
CASSYGGSRGGVGYGYTF	1
CASSRAAGSGYGYTF	1
CASSRLIEGQETQYF	1
CASSAPTGQADTQYF	1
CASSERHPSNQPQHF	1
CASSLSETQYF	1
CASSPGQGSSYEQYF	1
CASSPSMRTDTQYF	1
CASSPAGIQPQHF	1
CASSPSGGTGNQPQHF	1
CASSPVQANYGYTF	1
CASCGGSYEQYF	1
CASLYSYEQYF	1
CASLKAALLGTVNTRAFF	1
CASLSGGRGYEQYF	1
CASLKRGTGGYGYTF	1
CASLGRNGGLITDTQYF	1
CASPSWRRTDTQYF	1
CASPGLTGELFF	1
CASRHGQGVRSMNTEAFF	1
CASRHALVGDYYNEQFF	1
CASRQTSGANEQFF	1
CASRSKTGNNQPQHF	1
CASRSAGETQYF	1
CASRLAREQYF	1
CASRGAGLHTIYF	1
CASHRASMPTGELFF	1
CASVGTSNTGELFF	1
CASAGGLTIRDQPQHF	1
CASAKAGEIYNEQFF	1
CASARDDTQYF	1
CASGRTRVQETQYF	1
CASGQDSPYEQYF	1
CASGSLSSGNTIYF	1
CASGNSGAPGELFF	1
CASGRRDSEKLFF	1
CASERLSNQPQHF	1
CASIWDVGWEETQYF	1
CASIGQGGFYGYTF	1
CASIGEKLFF	1
CASIKQPQNTEAFF	1
CASTFPGETTNTGELFF	1
CASTSPPNDYGYTF	1
CASTLGGSGTEAFF	1
CASTLQGSGELFF	1
CASTPGDFINNQPQHF	1
CASTITGNTEAFF	1
CASTRQGLNSPLHF	1
CASTSVYSPLHF	1
CASTSGWINTGELFF	1
CASTWDTEAFF	1
CASTYRGGYTF	1
CASTLLAGSGELFF	1
CASTLSSYNEQFF	1
CASTLSTIGDTEAFF	1
CASTLPTGTQFF	1
CASTLGRGRVAFF	1
CASTPYGGRAGSPLHF	1
CASTPLGQETQYF	1
CASTPQGESTDTQYF	1
CASTPGGAYTEAFF	1
CASTRDRSSGNTIYF	1
CASTRLAGAYNEQFF	1
CASTRTQETNEKLFF	1
CASTQPGRGRGGELFF	1
CASTALGGREGYDQPQHF	1
CASTAKGPYSGNIQYF	1
CASTGDRLYYGYTF	1
CASTDRRGGTGELFF	1
CASTRFEQGKYGYTF	1
CASTGQTNYGYTF	1
CASTRLGGQNIQYF	1
CASTRQQGNNSPLHF	1
CASSFFQGGNTIYF	1
CASSFYAGGTPNSPLHF	1
CASSFYDRGFYSPLHF	1
CASSFQQGYEQYF	1
CASSFQDSAYGYTF	1
CASSFGAQQPQHF	1
CASSFGPMNTEAFF	1
CASSFDREYGYTF	1
CASSFIGSNQPQHF	1
CASSFINQPQHF	1
CASSFRVTEAFF	1
CASSFNGPTNEKLFF	1
CASSFLATEAFF	1
CASSFSGGIQPQHF	1
CASSFWGGNQPQHF	1
CASSFLRAGAYEQYF	1
CASSFPDRTNQPQHF	1
CASSFPQGGSNQPQHF	1
CASSFRGRPGETQYF	1
CASSFRGGRTGELFF	1
CASSFRAGDLVTGELFF	1
CASSFRTYEQYF	1
CASSFQGIYNEQFF	1
CASSFGRLNSPLHF	1
CASSFGQPSEAFF	1
CASSFGVGGRSSGNTIYF	1
CASSFGGTFYGYTF	1
CASSFIAGDETQYF	1
CASSFTSGNEQFF	1
CASSFSTGELFF	1
CASSFKLAGVGTQYF	1
CASSLFSGAEEDGYTF	1
CASSLSGELFF	1
CASSLLGTDTQYF	1
CASSLQGATLTPQHF	1
CASSLAGGNYGYTF	1
CASSLGLGGNTIYF	1
CASSLDGRNSPLHF	1
CASSLELAGTNEQFF	1
CASSLIRDGTYNSPLHF	1
CASSLTLTEAFF	1
CASSLSYTRGGELFF	1
CASSLNRHYGYTF	1
CASSLFGLAGEETQYF	1
CASSLLGRGGGNTEAFF	1
CASSLSRGRPYNEQFF	1
CASSLSWGAGELFF	1
CASSLSAGWNTEAFF	1
CASSLSGAKGYTF	1
CASSLSRGISGNTIYF	1
CASSLSGPNTEAFF	1
CASSLWGGQPQHF	1
CASSLYRDSPLHF	1
CASSLLDFQETQYF	1
CASSLPPRSGVAQPQHF	1
CASSLRQPSNQPQHF	1
CASSLHYGYTF	1
CASSLHGPHTDTQYF	1
CASSLQVHYGYTF	1
CASSLQARGNSPLHF	1
CASSLQGQRAFF	1
CASSLQGGDTEAFF	1
CASSLQGGLAEAFF	1
CASSLVGGDQPQHF	1
CASSLVGPGGYTF	1
CASSLVGRTEAFF	1
CASSLVNQPQHF	1
CASSLVGGVNQPQHF	1
CASSLAVYYGYTF	1
CASSLASGTDTQYF	1
CASSLARSYGYTF	1
CASSLASGTGSEQYF	1
CASSLARGMGAAFF	1
CASSLAVWGGRTEAFF	1
CASSLAGSWETQYF	1
CASSLAGGSGNTIYF	1
CASSLASVMTGELFF	1
CASSLGVDRLSEKLFF	1
CASSLGSYGYTF	1
CASSLGQGTRYTF	1
CASSLGGSPLHF	1
CASSLGGALPQHF	1
CASSLGDRGTEAFF	1
CASSLGRTYEQYF	1
CASSLGGRETEAFF	1
CASSLGGGYSPLHF	1
CASSLGGTYGYTF	1
CASSLGSRRNYGYTF	1
CASSLDPGPQPQHF	1
CASSLDVIHANTEAFF	1
CASSLEWNTEAFF	1
CASSLEPPDSLREAFF	1
CASSLTWERVYEQYF	1
CASSLTGRGYTF	1
CASSLTEVPDTQYF	1
CASSLSGGIGSLYDSPLHF	1
CASSLRQGTTLAYTF	1
CASSLRVDRAGNTIYF	1
CASSLRWHQPQHF	1
CASSLRQGTGELFF	1
CASSLRGQGTHGYTF	1
CASSLNSEAFF	1
CASSLKDRLNTEAFF	1
CASSSSDRGPDEQYF	1
CASSSPGVADTGSAKNIQYF	1
CASSSRGPETQYF	1
CASSSVNSNQPQHF	1
CASSSTTDTQYF	1
CASSSPRGGSYGYTF	1
CASSSPWGSDNQPQHF	1
CASSSQGNQPQHF	1
CASSSGDGYTF	1
CASSSGTGGGGYSPLHF	1
CASSSGTGKEKLFF	1
CASSSTDSYNEQFF	1
CASSSTGASTDTQYF	1
CASSSNRNTEAFF	1
CASSSSGGIPALHF	1
CASSSPAGTGIEKLFF	1
CASSSQGAGNTEAFF	1
CASSSVYTIYF	1
CASSSGLAGVEQYF	1
CASSSDTQLNYGYTF	1
CASSSRLALSHDTQYF	1
CASSSREADGYTF	1
CASSSLTDRVTDTQYF	1
CASSSGVNTGELFF	1
CASSSKWGGVDEKLFF	1
CASSWRTGELFF	1
CASSWGVGSNQAFF	1
CASSWGLAQETQYF	1
CASSWGRAGDTQYF	1
CASSWGGAYGYTF	1
CASSWDGENSPLHF	1
CASSWDSEAFF	1
CASSWRDGSNEKLFF	1
CASSYWGSGEKLFF	1
CASSYGYEQYF	1
CASSYDIAPSPLHF	1
CASSYRVNTEAFF	1
CASSYFLGFNQPQHF	1
CASSYSGTSNQPQHF	1
CASSYSIAGARYEQYF	1
CASSYSLTDTQYF	1
CASSYSGRYTEAFF	1
CASSYSIGNNEQFF	1
CASSYSMGTGRTEAFF	1
CASSYSSRDTQYF	1
CASSYSSRAGLSNNEQFF	1
CASSYSNAGAGLHF	1
CASSYSLFEDGNYGYTF	1
CASSYSGQAVEMGFYGYTF	1
CASSYLLGGYNEQFF	1
CASSYLDSSYEQYF	1
CASSYRAGEKLFF	1
CASSYRDTQEQYF	1
CASSYQVAGVSEQFF	1
CASSYQDRPNEEKLFF	1
CASSYVGGWATEAFF	1
CASSYGLNTEAFF	1
CASSYGRTDTDTQYF	1
CASSYGTGNRKDGYTF	1
CASSYDLSSYNEQFF	1
CASSYEVDGNEQFF	1
CASSYIQGNTGELFF	1
CASSYTHLNSYEQYF	1
CASSLARDRNTEAFF	1
CASSLRDGSAQHF	1
CASSLRTAYTEAFF	1
CASSLGVGNQPQHF	1
CASSLMSGGTNTEAFF	1
CASSLKQGRGTEAFF	1
CASSLRGNTEAFF	1
CASSLRTPSETGNTIYF	1
CASSLASTGVKNSPLHF	1
CASSPSGSGQETQYF	1
CASSPPGSNYGYTF	1
CASSPGMHSPLHF	1
CASSPGHEKTQYF	1
CASSPDPLYGYTF	1
CASSPDRLNTEAFF	1
CASSPEFRDGKLFF	1
CASSPSGGATDTQYF	1
CASSPRRETEAFF	1
CASSPKGRNSFYEQYF	1
CASSPFAHNQPQHF	1
CASSPSLYNEQFF	1
CASSPSGQPGGKLFF	1
CASSPSGQLTDTQYF	1
CASSPSGGRGYTF	1
CASSPLAGVGASTDTQYF	1
CASSPPPGAYNEQFF	1
CASSPPYLSGNTIYF	1
CASSPPGQGPYGYTF	1
CASSPHVQGIAKNIQYF	1
CASSPQPGGAEAFF	1
CASSPGTYEAFF	1
CASSPGTGVPGGTEAFF	1
CASSPGTGGLRNQPQHF	1
CASSPGGDPFNTEAFF	1
CASSPIHTNTEAFF	1
CASSPTKGTGVYGYTF	1
CASSPKTGVYEQYF	1
CASSPPGDTEAFF	1
CASSPVSRQGGSYNEQFF	1
CASSPEGSTDTQYF	1
CASSPEQDFRLFF	1
CASSPSSRGLGEKLFF	1
CASSPRDSVRNTIYF	1
CASSPNGIGWFF	1
CASSPLRTVSNTEAFF	1
CASSRSLDRDDSPLHF	1
CASSRSGEPNEKLFF	1
CASSRDRGKVNTEAFF	1
CASSRDRGFYEQYF	1
CASSRTGAGNTIYF	1
CASSRTGGEAFF	1
CASSRQGAGDYGSYTF	1
CASSRGPGGTKGGNTIYF	1
CASSHRDPMNTEAFF	1
CASSHPISGTLFFDEQYF	1
CASSHGQGEPGELFF	1
CASSQRLIDKENTEAFF	1
CASSVRTEGYGYTF	1
CASSVPGGSYNEQFF	1
CASSVPGGYGYTF	1
CASSVVTAASNQPQHF	1
CASSVAYSGDGYTF	1
CASSASAGGPPDTQYF	1
CASSAGTVPYNEQFF	1
CASSAGTEETQYF	1
CASSARGDTEAFF	1
CASSALGGGQPQHF	1
CASSGGPGAGQPQHF	1
CASSGLTQETQYF	1
CASSGQGHNEQFF	1
CASSGQGITYTF	1
CASSGAAENTGELFF	1
CASSGGGGMNTEAFF	1
CASSGGPGELFF	1
CASSGTGGFGTEAFF	1
CASSGTGTNYGYTF	1
CASSGSNGYTF	1
CASSGWTAGGNQPQHF	1
CASSGQGQAMIYGYTF	1
CASSGQSTDTQYF	1
CASSDFRAGELFF	1
CASSDSYEQYF	1
CASSDLGNQPQHF	1
CASSDGRGPYQPQHF	1
CASSDGQGGTGELFF	1
CASSDRGAGELFF	1
CASSDLPPDRVSHEQFF	1
CASSDHYTGETQYF	1
CASSDGSGWGDTQYF	1
CASSDGDTDTQYF	1
CASSDGELFF	1
CASSDGLYNEQFF	1
CASSDDGRGHQPQHF	1
CASSDTSGGPDTQYF	1
CASSDSNTGELFF	1
CASSEGEQYF	1
CASSEGVLPYEQYF	1
CASSEEDRGINEQFF	1
CASSETVGSYEQYF	1
CASSENFRLYGYTF	1
CASSENRNTEAFF	1
CASSEWSEYGGNTIYF	1
CASSELAVNQPQHF	1
CASSELGQNNSPLHF	1
CASSELAVRLKETQYF	1
CASSEPPLALNTEAFF	1
CASSEPGLSNYGYTF	1
CASSERGGVKNIQYF	1
CASSEVGGSTGELFF	1
CASSEAAARMNTEAFF	1
CASSEALTVYNSPLHF	1
CASSEAFAEAFF	1
CASSEGSGGDTQYF	1
CASSEGGEPSAYTF	1
CASSEGQGAPNEQFF	1
CASSEGQAYNSPLHF	1
CASSERRGNSPLHF	1
CASSERFTGSSPLHF	1
CASSERGNTIYF	1
CASSEKGTEGYTF	1
CASSIQYEQYF	1
CASSITGLSYEQYF	1
CASSTGQGISNQPQHF	1
CASSTPGQGFYTGELFF	1
CASSTPTARGGQPQHF	1
CASSTGTENQPQHF	1
CASSTTGNTEAFF	1
CASSTDTYEQYF	1
CASSRYYEQYF	1
CASSRGEEGTDTQYF	1
CASSRENYGYTF	1
CASSRNTGYGYTF	1
CASSNGLAGDTGELFF	1
CASSKGDSYNSPLHF	1
CASSFSESTSAAGELFF	1
CASSFYLAGDRTNTQYF	1
CASSFLGGGPQETQYF	1
CASSFLTSYGYTF	1
CASSFPRGRGGNEQFF	1
CASSFPGTVQETQYF	1
CASSFREGFVQPQHF	1
CASSFRGEKLFF	1
CASSFVRSSYNSPLHF	1
CASSFGLDGDTQYF	1
CASSFDPGRLAGPEGQFF	1
CASSFDRVSGELFF	1
CASSFIRQGINEKLFF	1
CASSFTGHREPGNTIYF	1
CASSFFKDRVTGDTQYF	1
CASSFSYNEQFF	1
CASSFSGPMADTQYF	1
CASSFYRDVTEAFF	1
CASSFPLSDEQYF	1
CASSFPVAGGGTDTQYF	1
CASSFPGVDTQYF	1
CASSFPGLAGLNTGELFF	1
CASSFPAGRIGDTEAFF	1
CASSFQGSYEQYF	1
CASSFVKQALHF	1
CASSFVRSHGNTIYF	1
CASSFAGTSGISRELFF	1
CASSFADRVETQYF	1
CASSFAGETQPQHF	1
CASSFGGTFGYTF	1
CASSFGQLNQPQHF	1
CASSFGQGSGETQYF	1
CASSFGQGRNQPQHF	1
CASSFGETQYF	1
CASSFELIRDTQYF	1
CASSFMGTGVSSYNSPLHF	1
CASSFTQGRNQPQHF	1
CASSFNWEGLFF	1
CASSLFPTTGYDTGELFF	1
CASSLLHSGGQGSPLHF	1
CASSLLYLAGGRETQYF	1
CASSLSVYNEQFF	1
CASSLPSSGSLTDTQYF	1
CASSLRGDRARMNTEAFF	1
CASSLRQGLNHPQHF	1
CASSLVLTSGRDTQYF	1
CASSLAPGATGNTIYF	1
CASSLADSYEQYF	1
CASSLAVNSKAFF	1
CASSLATRVHGYTF	1
CASSLGFTEAFF	1
CASSLGAYGYTF	1
CASSLGDMENTEAFF	1
CASSLGNRQVLATEAFF	1
CASSLGYTYEQYF	1
CASSLGLAGGVAYNEQFF	1
CASSLGPHYEAFF	1
CASSLGQGVRGTEAFF	1
CASSLGQNNQPQHF	1
CASSLGASRRGLSNQPQHF	1
CASSLDRVTGELFF	1
CASSLETGNYEQYF	1
CASSLTQDQPQHF	1
CASSLTSETQYF	1
CASSLTGLSTDTQYF	1
CASSLTGQGIMEAFF	1
CASSLFSFTDTQYF	1
CASSLFMEYSEAFF	1
CASSLFPRISYEQYF	1
CASSLFGSRETQYF	1
CASSLLGQSYEQYF	1
CASSLWPRLRTETSGYTF	1
CASSLYQRETDTQYF	1
CASSLYGLSSGNTIYF	1
CASSLYGTSGELFF	1
CASSLPNQPQHF	1
CASSLRRGEPQHF	1
CASSLRGTSYGYTF	1
CASSLQRTEAFF	1
CASSLVPTSGGYNEQFF	1
CASSLVLGQVNTEAFF	1
CASSLVAQGRNTIYF	1
CASSLVAMGDEAFF	1
CASSLVEASTNYGYTF	1
CASSLASGQPQHF	1
CASSLAPGTGVWHSNQPQHF	1
CASSLASNQPQHF	1
CASSLAWSVGELFF	1
CASSLAAYTNTEAFF	1
CASSLAGSYNEQFF	1
CASSLASYPGRDTQYF	1
CASSLAGANTDTQYF	1
CASSLAVRPGELFF	1
CASSLARTANTEAFF	1
CASSLGLQNTGELFF	1
CASSLGVGTLATEAFF	1
CASSLGGYSGNTIYF	1
CASSLGETGDPNYGYTF	1
CASSLGLLASSYNEQFF	1
CASSLGSGDQYF	1
CASSLGRYGVYSYEQYF	1
CASSLGEEQYF	1
CASSLGWQYYTF	1
CASSLGRLPARAFF	1
CASSLGQVGNTEAFF	1
CASSLGQVNQPQHF	1
CASSLGGANTEAFF	1
CASSLGGETEAFF	1
CASSLGGQYNEQFF	1
CASSLGTGEVQPQHF	1
CASSLGRLNTEAFF	1
CASSLGLPGTFFGAFF	1
CASSLGQGADTQYF	1
CASSLGAAEWDTQYF	1
CASSLDLIGRRFF	1
CASSLDPGHEQYF	1
CASSLDRVIETQYF	1
CASSLDAAGQETQYF	1
CASSLDGTPPRTDTQYF	1
CASSLDREGVNQPQHF	1
CASSLDLRGHEQYF	1
CASSLDGGGVNQPQHF	1
CASSLDGAKVDTQYF	1
CASSLDERNTEAFF	1
CASSLDSGIYGYTF	1
CASSLDRGPAIQYF	1
CASSLDRNTEAFF	1
CASSLDRGANYGYTF	1
CASSLEWNTEAFF	1
CASSLELAGIHEQFF	1
CASSLEGRVTEAFF	1
CASSLEGAGYTF	1
CASSLEGGSYNEQFF	1
CASSLEGGATYGYTF	1
CASSLEQGLTTGELFF	1
CASSLEVAGPYGYTF	1
CASSLEAPQPQHF	1
CASSLEGPRPDTQYF	1
CASSLEGGLAGVPKNIQYF	1
CASSLIPGELFF	1
CASSLMAGGRGYTF	1
CASSLMGGDIYGYTF	1
CASSLMGQLYGYTF	1
CASSLTRGQRLPHGYTF	1
CASSLTTPNYGYTF	1
CASSLSGGRTYEQYF	1
CASSLSSYYEQYF	1
CASSLRRGSTIYGYTF	1
CASSLRQANYEQYF	1
CASSLRDSYGYTF	1
CASSLRTVPRTDTQYF	1
CASSLREAFTGELFF	1
CASSLNQDNEQFF	1
CASSLNNSPLHF	1
CASSLNLATDTQYF	1
CASSLNRRLYF	1
CASSSSGVNQPQHF	1
CASSSYGYEQYF	1
CASSSLGTGKNEQYF	1
CASSSLPGRNYGYTF	1
CASSSPNRDNEQFF	1
CASSSPGQINSPLHF	1
CASSSVGGGPKGYTF	1
CASSSGASSNYGYTF	1
CASSSFGDEQFF	1
CASSSSGQPQHF	1
CASSSSDVSGELFF	1
CASSSSIGASNQPQHF	1
CASSSYGQGRFDTQYF	1
CASSSLPDRGNYEQYF	1
CASSSLGGDSGNTIYF	1
CASSSPIGVRAGELFF	1
CASSSPNRGYTF	1
CASSSRPQHF	1
CASSSRPGVNSNQPQHF	1
CASSSQLLMGNGYTF	1
CASSSAGQGSFTLFF	1
CASSSAGGQPQHF	1
CASSSDGFTDTQYF	1
CASSSTQGSYGYTF	1
CASSSWGAQPQHF	1
CASSSPGLAGYNEQFF	1
CASSSAGQGTRNSPLHF	1
CASSSGKGSPLHF	1
CASSSGLAGANTGELFF	1
CASSSFGSYGYTF	1
CASSSGLLFDTQYF	1
CASSSISGSRAKNIQYF	1
CASSSTGTGGFGYNSPLHF	1
CASSSTDRLAKNIQYF	1
CASSSRTSGGRSEQFF	1
CASSWAGLASNEQFF	1
CASSWGGDGGRQPQHF	1
CASSWTVAGVGELFF	1
CASSWTEGNTIYF	1
CASSWTARDTDTQYF	1
CASSWTGEEAFF	1
CASSYWDKGPSQYF	1
CASSYERQQETQYF	1
CASSYTGLVSEKLFF	1
CASSYPSSNYGYTF	1
CASSYRDRGRNHEQYF	1
CASSYAQASYEQYF	1
CASSYEGGQAEAFF	1
CASSLSDSEAFF	1
CASSLLPGYEQYF	1
CASSLMTGVNSPLHF	1
CASSLMKDRGSANEKLFF	1
CASSLSGPNTGELFF	1
CASSLLGPEAFF	1
CASSLLGNEAFF	1
CASSLPLSSSGELFF	1
CASSLPGQANEKLFF	1
CASSLRQTSGRAHSFF	1
CASSLQGADTQYF	1
CASSLVPAGIGATNEKLFF	1
CASSLVAAAIGPGELFF	1
CASSLVGRGETQYF	1
CASSLGTTNTEAFF	1
CASSLDGREAFF	1
CASSLNRGNSPLHF	1
CASSLKGTGTPSTDTQYF	1
CASSLDGNYGYTF	1
CASSLDRGYQPQHF	1
CASSLTGKTQYF	1
CASSLFRGSPDETQYF	1
CASSLSGASEQFF	1
CASSLQGPNQPQHF	1
CASSLQGSFSGNTIYF	1
CASSLGQGITEAFF	1
CASSLTQGYEQFF	1
CASSPLGRGELFF	1
CASSPRPANEQYF	1
CASSPRVGANTEAFF	1
CASSPRGEGEKLFF	1
CASSPHLGATEAFF	1
CASSPQGTTGELFF	1
CASSPAGPGNPQHF	1
CASSPGPSDEQFF	1
CASSPGQGAGGNTIYF	1
CASSPDQETQYF	1
CASSPTGTVEETQYF	1
CASSPFPGFRGNTIYF	1
CASSPSPGQGYEKLFF	1
CASSPYPGYYGYTF	1
CASSPYTGAEAFF	1
CASSPYREAGELFF	1
CASSPLRSLNSPLHF	1
CASSPPQGQGGLRKLFF	1
CASSPPSGTFRREQFF	1
CASSPPWTSTDTQYF	1
CASSPPDGLWNTEAFF	1
CASSPRVGGANTGELFF	1
CASSPRSGGYSNQPQHF	1
CASSPRPGYTF	1
CASSPRGVRVYTGELFF	1
CASSPREGAYEQYF	1
CASSPVRGDEQFF	1
CASSPVTDEQFF	1
CASSPVGGKETQYF	1
CASSPAWGPDTQYF	1
CASSPGGLAGGTDTQYF	1
CASSPGTGGKVNGYTF	1
CASSPDRRMGYTF	1
CASSPDRLEQFF	1
CASSPEPQPGNEQFF	1
CASSPIRSGTQYF	1
CASSPRWGGNSPLHF	1
CASSPRGNSGNTIYF	1
CASSPRTPPRYNEQFF	1
CASSPKETQYF	1
CASSPSRTDYNSPLHF	1
CASSPPGERNYGYTF	1
CASSPPPDRAYTF	1
CASSPHSNQPQHF	1
CASSPQQGMNTEAFF	1
CASSPGRANTGELFF	1
CASSPGGPLDTQYF	1
CASSPDRDYGYTF	1
CASSPRLAGSGELFF	1
CASSPNPGTEAFF	1
CASSPLGTGAFQPQHF	1
CASSPRGQPYGYTF	1
CASSPVAPGQPQHF	1
CASSPVGGNTEAFF	1
CASSPGQDYGYTF	1
CASSPRPGETQYF	1
CASSPRANEQFF	1
CASSPNTPPQNIQYF	1
CASSPKIWGLNTEAFF	1
CASSRVIPGEPQHF	1
CASSRSGGPTDTQYF	1
CASSRKREPVNEQFF	1
CASSRQGFNQPQHF	1
CASSRGQLSNQPQHF	1
CASSRTTVSYNEQFF	1
CASSRTGGNSGNTIYF	1
CASSRLRVTGELFF	1
CASSRPPGDGGYTF	1
CASSRGYDLVLVTDTQYF	1
CASSRGPGSDRIGYTF	1
CASSRGTGLSPLHF	1
CASSRMTGDPYNEQFF	1
CASSRRQGDGYTF	1
CASSHPRGGDEQYF	1
CASSHTTDGISGNTIYF	1
CASSHLGHDYGYTF	1
CASSHGRLAASTDTQYF	1
CASSHILGGFDQPQHF	1
CASSHRAATGELFF	1
CASSHREKLFF	1
CASSQSDRGGSYNSPLHF	1
CASSQVGQPMTGELFF	1
CASSQGDRALTDTQYF	1
CASSQGGKDTEAFF	1
CASSQGYQETQYF	1
CASSQGLAGRSSYEQYF	1
CASSQGQAISYEQYF	1
CASSQGQGGYGYTF	1
CASSQGEEGVWSNQPQHF	1
CASSQEPPSGGASSKNIQYF	1
CASSQIGGNQPQHF	1
CASSQLLAGGVNQPQHF	1
CASSQLGTGEIEAFF	1
CASSQLPGRAKNIQYF	1
CASSQPGQGSTNEKLFF	1
CASSQPGQGWIDGYTF	1
CASSQRGFAYGYTF	1
CASSQVRRQFSYNEQFF	1
CASSQVASGGAKTQYF	1
CASSQARTDYGYTF	1
CASSQGSRSSYNSPLHF	1
CASSQGGSEQFF	1
CASSQGPGGQATYYEQYF	1
CASSQGQYF	1
CASSQGVWDTNQPQHF	1
CASSQGVQGAFSYEQYF	1
CASSQGVTDYQETQYF	1
CASSQGGLAPHQETQYF	1
CASSQGDRNGYTF	1
CASSQGGSNQPQHF	1
CASSQGSGNTIYF	1
CASSQDLSRNNEKLFF	1
CASSQDLGRGAGELFF	1
CASSQDPTGQPQHF	1
CASSQDPVEGENSNQPQHF	1
CASSQDEGIIDQPQHF	1
CASSQDRGSNTEAFF	1
CASSQERSGGYTGELFF	1
CASSQEAGVTEAFF	1
CASSQEGGAIGGYTF	1
CASSQESEWGTDYGYTF	1
CASSQERGGPDTQYF	1
CASSQEGGVDREIGYTF	1
CASSQITSGQGFTGELFF	1
CASSQNRGDTQYF	1
CASSVRRTGELFF	1
CASSVGRGNQPQHF	1
CASSVSAGNQPQHF	1
CASSVQGSNSPLHF	1
CASSVQLAGVGADTQYF	1
CASSVVSRTGELFF	1
CASSVVASRSYNEQFF	1
CASSVATGSAKNIQYF	1
CASSVAYNEQFF	1
CASSVAAGLLTDTQYF	1
CASSVAAGEQYF	1
CASSVTGTVPNYGYTF	1
CASSVTGGSNQPQHF	1
CASSARGTGGWETQYF	1
CASSASGSLNQPQHF	1
CASSASNGNTQYF	1
CASSAYWGGGGYTF	1
CASSALSGGWGYGYTF	1
CASSARQGAVEAFF	1
CASSAGWGAGEQYF	1
CASSAGTSFYEQYF	1
CASSADSPRHSYEQYF	1
CASSALQGGVDRGRTGELFF	1
CASSAGQGWDTQYF	1
CASSAGQDSNQPQHF	1
CASSAGGQIYTGELFF	1
CASSAEGVAYNEQFF	1
CASSGGGTGGYNEQFF	1
CASSGAGGIIYEQYF	1
CASSGEGEKLFF	1
CASSGLEGLGNTIYF	1
CASSGAPQETQYF	1
CASSGTSGQETQYF	1
CASSGTGGAIQYF	1
CASSGTGENTEAFF	1
CASSGRNSPLHF	1
CASSGPPGQGHQPQHF	1
CASSGPGAEAFF	1
CASSGPGQFDEQYF	1
CASSGVGDGYTF	1
CASSDSSRTGFHGYTF	1
CASSDDRDTQYF	1
CASSEQDYYGYTF	1
CASSETGLSNQPQHF	1
CASSELQGHYGYTF	1
CASSEGVSAHQPQHF	1
CASSIRPGHSFEAFF	1
CASSISGASLWETQYF	1
CASSIRPDYNSPLHF	1
CASSMGWPTPFYNEQFF	1
CASSIVHGPANSPLHF	1
CASSIGNGGVGETQYF	1
CASSTHPGAETQYF	1
CASSTGDRGTLAKNIQYF	1
CASSTENTGELFF	1
CASSSAGIGNQPQHF	1
CASSRDYEQYF	1
CASSRQGTDTQYF	1
CASSNSGSEGYTF	1
CASSNLPEGNTEAFF	1
CASSNGGRGTDTQYF	1
CASSKLAGTYREQFF	1
CASSKPGTAAYEQYF	1
CASSKSWRTLAKNIQYF	1
CASSKCSLGRKQYF	1
CASSKYRENTGELFF	1
CASSKHRAAGTEAFF	1
CASSKVSTPPLEQYF	1
CASSKVPTAGGPGTQYF	1
CASSKGSGLGPGETQYF	1
CASSKGGGVTDTQYF	1
CASSKDAAPDTQYF	1
CASSKTGGEVEKLFF	1
CASSKRFLGGPLDEQYF	1
CASRLQGRTGSYEQYF	1
CASRLTGRTEAFF	1
CASRLTGSSNQPQHF	1
CASRSGTGFINQPQHF	1
CASRSAGEAFF	1
CASRSNTGELFF	1
CASRWGPMNTEAFF	1
CASRLNRDREAFF	1
CASRLTTTAYNEQFF	1
CASRPTGSNSPLHF	1
CASRRSGTVGLDEQFF	1
CASRRGTQSYYGYTF	1
CASRRGGDTGELFF	1
CASRRTGGGQPQHF	1
CASRHTSGTEAFF	1
CASRVTGAGLNQPQHF	1
CASRATGIADTQYF	1
CASRGTGGPFLTDTQYF	1
CASRGTGTPQGYGYTF	1
CASRDRGGRDYGYTF	1
CASRDRGEVNSPLHF	1
CASREPNTGELFF	1
CASRTSGSGDTQYF	1
CASRTYGSNYGYTF	1
CASRTDRYESNQPQHF	1
CASRRSRTNEKLFF	1
CASRKSSGNTDTQYF	1
CASRKQGNSNQPQHF	1
CASRKNRELGEKLFF	1
CASRLELTGTYNEQFF	1
CASRSGRFGIDEKLFF	1
CASRYGSNEKLFF	1
CASRLQGAQNYGYTF	1
CASRPLTGKFVTLHF	1
CASRPNWGADTQYF	1
CASRPGPFTGELFF	1
CASRPGGGMNTEAFF	1
CASRRDRATNEKLFF	1
CASRRTSWSTDTQYF	1
CASRQGNQPQHF	1
CASRQGQYGYTF	1
CASRQGQNTGELFF	1
CASRARQVVNEKLFF	1
CASRGWGTGNEKLFF	1
CASRGQIASYEQYF	1
CASRGTDSGNTIYF	1
CASRGQGADTQYF	1
CASRGRADYNEQFF	1
CASREGEYEQYF	1
CASRTLRLYEQYF	1
CASRTPSLSSYEQYF	1
CASNQRGGHTGELFF	1
CASNPRGGSGNTIYF	1
CASNQRVNTEAFF	1
CASNMGQFDPSYEQYF	1
CASNSFRGLYGYTF	1
CASNNVGHGYTF	1
CASKSWAGNQPQHF	1
CASKPRAHPLDTQYF	1
CASKAGGPNGELFF	1
CASKDAGNQPQHF	1
CASKERQLVLNYGYTF	1
CASKISTNEKLFF	1
CASKPTVNTEAFF	1
CARGQTYEQYF	1
CANPRETANTGELFF	1
CAKTTSGQGFYEQYF	1
CASGPTRTSGSAPDEQYF	1
CATSPSRFVNTEAFF	1
CATRQGYTGELFF	1
CASWDRLGTEAFF	1
CASCYRNTGELFF	1
CASRPSVGANQPQHF	1
CASRDSYEQYF	1
CASAWSLRSVQPQHF	1
CASAPLGQGGGELFF	1
CASGPPGALGTEAFF	1
CASGTGREAKNIQYF	1
CASTRTLNTEAFF	1
CASTSQPMNTEAFF	1
CASTSTSGSGNEQFF	1
CASTGQGMNGYTF	1
CASTINRAGTGEAFF	1
CASSRGTGVITEAFF	1
CASSVRRVHTDTQYF	1
CASSVPTGGTDTQYF	1
CASSGGLAGLAKNIQYF	1
CASSGGGGTDTQYF	1
CASSEFYEQYF	1
CASSESAGAADTQYF	1
CASSESGYKSEQYF	1
CASSESLTGGNGYTF	1
CASSEWVTGTGHGNTIYF	1
CASSEGAAITDTQYF	1
CASSETGRRAKNIQYF	1
CASSESGTDNEQFF	1
CASSTGTSGGGGEQYF	1
CASSFYWVASIRAGYTF	1
CASSFFRDTFYGYTF	1
CASSFRWVAMDTQYF	1
CASSFAGAYNSPLHF	1
CASSFGARDTEAFF	1
CASSFGTLYGYTF	1
CASSFGLAGGLTDTQYF	1
CASSFSRTVDNSPLHF	1
CASSFRQGDEKLFF	1
CASSFNGGSSGNTIYF	1
CASSLFGGDYGYTF	1
CASSLSGEQPQHF	1
CASSLYVNTEAFF	1
CASSLYWASEAFF	1
CASSLYGGTNTEAFF	1
CASSLRTDTQYF	1
CASSLQGPYSNQPQHF	1
CASSLVLGPTEAFF	1
CASSLVLAGGDTQYF	1
CASSLVPANTEAFF	1
CASSLVSGRNSPLHF	1
CASSLVASGNSPLHF	1
CASSLVSDTEAFF	1
CASSLVAGPRSGNTIYF	1
CASSLVAGGGNTIYF	1
CASSLVRGNTEAFF	1
CASSLAYSTGELFF	1
CASSLAGSDYGYTF	1
CASSLATDHGSPLHF	1
CASSLARDTGYTF	1
CASSLAGGLYGAFF	1
CASSLGGQGNQPQHF	1
CASSLGDSAYGYTF	1
CASSLGGTDNTEAFF	1
CASSLGGNNNSPLHF	1
CASSLGSNQPQHF	1
CASSLGSGNQPQHF	1
CASSLGYGYTF	1
CASSLGGSNQPQHF	1
CASSLGEVSTEAFF	1
CASSLGTPRAFDTEAFF	1
CASSLGSWAGELFF	1
CASSLGLSNQPQHF	1
CASSLGQGVTEAFF	1
CASSLGGVNTEAFF	1
CASSLGGTQPQHF	1
CASSLGGSSNQPQHF	1
CASSLDFIRQGDEHTEAFF	1
CASSLDAPGNTIYF	1
CASSLDGLKLFF	1
CASSLDGGASITEAFF	1
CASSLDEGRTEAFF	1
CASSLDQGQPQHF	1
CASSLDSDYGYTF	1
CASSLDRDGWTEAFF	1
CASSLESTGWTEAFF	1
CASSLEPQLNTEAFF	1
CASSLEPSNNSPLHF	1
CASSLEVGAGGGYTF	1
CASSLEVENTEAFF	1
CASSLEATNTEAFF	1
CASSLEGVGNTEAFF	1
CASSLEFPDIGLTEAFF	1
CASSLEGQFSEAFF	1
CASSLMSRQDTQYF	1
CASSLTGTGFYEQYF	1
CASSLTEMNTEAFF	1
CASSLSPTGDSPLHF	1
CASSLSSSPNTEAFF	1
CASSLRELNTGELFF	1
CASSLRPLGGGTEAFF	1
CASSLNSGIADTQYF	1
CASSLKLQGNGYTF	1
CASSLLGPEAFF	1
CASSLWGNTEAFF	1
CASSLYAESEAFF	1
CASSLPEEGGYTF	1
CASSLGAFNQPQHF	1
CASSLGQGALVVEAFF	1
CASSLIGAGVATTNEKLFF	1
CASSLNQGGNTEAFF	1
CASSSGTGGWNTEAFF	1
CASSSEGQGEAFF	1
CASSSFTGPDSPLHF	1
CASSSSGGGTEAFF	1
CASSSSGGLNSPLHF	1
CASSSPERSGNTIYF	1
CASSSPKGHRSEAFF	1
CASSSGPQGGISPLHF	1
CASSSGTVEGYTF	1
CASSSGRNTEAFF	1
CASSSDRGGGYTF	1
CASSSTGAGELFF	1
CASSSNYGYTF	1
CASSSPEGDNYGYTF	1
CASSSAPSGDNSPLHF	1
CASSSGVVTEAFF	1
CASSSGQALAKNIQYF	1
CASSSDVMNTGELFF	1
CASSSEGKVGQNTEAFF	1
CASSSIGGTNEKLFF	1
CASSSTGIQSGYTF	1
CASSSRGTGAGNTIYF	1
CASSSNPSTDRTLHF	1
CASSSRGAGDTIYF	1
CASSSKGARGEKLFF	1
CASSWGGEGNTIYF	1
CASSWNGDPQGYTF	1
CASSYTGDFGYTF	1
CASSYNGQTGNTIYF	1
CASSLGTSGSYEQYF	1
CASSLGTSEYNEQFF	1
CASSLELAGGWTEAFF	1
CASSLGQGLGGYTF	1
CASSLDRGRGYTF	1
CASSLGLYGYTF	1
CASSPSSGSSYEQYF	1
CASSPGRGADSPLHF	1
CASSPTGESNYGYTF	1
CASSPSVGADTEAFF	1
CASSPWSGRGNGYTF	1
CASSPGREQFF	1
CASSPEKTGVSYEQYF	1
CASSPTGSASYGYTF	1
CASSPRELVSNYGYTF	1
CASSPRQGNTGELFF	1
CASSPPGTTEQFF	1
CASSPGPKTEAFF	1
CASSPGQGALSEQFF	1
CASSPGGGDTEAFF	1
CASSPDPGETQYF	1
CASSPDIYGYTF	1
CASSPDSNQPQHF	1
CASSPYRGFNSPLHF	1
CASSPPFQGNQPQHF	1
CASSPGRGGTEAFF	1
CASSPGTGGSPLHF	1
CASSRREAGGNTDTQYF	1
CASSRLMATGELFF	1
CASSRGQTIYGYTF	1
CASSREGLAIGTGELFF	1
CASSRLGFEQYF	1
CASSRQPTDTQYF	1
CASSRAGTSSTDTQYF	1
CASSRKQAPRTLNTEAFF	1
CASSHSTTGSGELFF	1
CASSHLPQGGETQYF	1
CASSHPLLAGATTGDTQYF	1
CASSHPGTLASPPLHF	1
CASSHRSGTYEQYF	1
CASSHGTGDYGYTF	1
CASSQGIYGYTF	1
CASSQGTGGTEAFF	1
CASSQEGNTEAFF	1
CASSQTGTDRNQPQHF	1
CASSQPTAPGYGYTF	1
CASSQPRTGKWIF	1
CASSQRLAGGVTDTQYF	1
CASSQQGSAGELFF	1
CASSQVRDRANTGELFF	1
CASSQVVSRRVLAGELFF	1
CASSQVTEIYEAFF	1
CASSQVRGDYEQYF	1
CASSQVQAGGVGGYTF	1
CASSQAQGSTDTQYF	1
CASSQARHSNYGYTF	1
CASSQAARPSPLHF	1
CASSQGWYMGDTDTQYF	1
CASSQGGLANEQFF	1
CASSQGTVTEETQYF	1
CASSQGRRTTQETQYF	1
CASSQGRNQPQHF	1
CASSQGAGVGQPQHF	1
CASSQGNGGYTF	1
CASSQDSKETYEQYF	1
CASSQDWRVAGLNTGELFF	1
CASSQDYWDHVYGGYSNQPQHF	1
CASSQDYEVFATNEKLFF	1
CASSQDRGELFF	1
CASSQDHDRANTEAFF	1
CASSQDQGTSHTQYF	1
CASSQDARYRAGELFF	1
CASSQDGTTGLNSPLHF	1
CASSQDEGRGTDTQYF	1
CASSQDRQGTQYF	1
CASSQDRDSEVNQPQHF	1
CASSQEARENYGYTF	1
CASSQEAVRQETQYF	1
CASSQEISAVGVNQNEKLFF	1
CASSQEFRTGGINNSPLHF	1
CASSQEGVDAVNYGYTF	1
CASSQEETSYSNQPQHF	1
CASSQEKGPQHTDTQYF	1
CASSQRFQTGNTIYF	1
CASSVGQISGNTIYF	1
CASSADRGLGYTF	1
CASSARGVWGYTF	1
CASSAWTDYGYTF	1
CASSGRDRGNYGYTF	1
CASSGWTGNNEQFF	1
CASSGLAGGTGELFF	1
CASSGGTGTAGGELFF	1
CASSDLPREYTEAFF	1
CASSDRAGGSPLHF	1
CASSETGAGNTIYF	1
CASSERQGEKLFF	1
CASSEGEAGNTIYF	1
CASSIVRGEDYEQYF	1
CASSIRLAGGGSTGELFF	1
CASSRKGQENSPLHF	1
CASSKLTGTNSPLHF	1
CASRRSGGGTEAFF	1
CASRGPDTQYF	1
CASRGVAEGRGDSPLHF	1
CASRDGDSNQPQHF	1
CASREGPGNTEAFF	1
CASRTGGDTGELFF	1
CASRNRGDTEAFF	1
CASRSGTAGTDTQYF	1
CASRLTGVGDYGYTF	1
CASRRDSNSNQPQHF	1
CASRQPGTGVKSSYEQYF	1
CASRQNGELFF	1
CASRAGTLNTEAFF	1
CASNLGTGNTEAFF	1
CASNSGTLNTGELFF	1
CASNNLSPDTQYF	1
CASKPGQGPLLHF	1
CASKTVAGEGDTQYF	1
CASKPGHDNEKLFF	1
CGAGRGGGNTEAFF	1
CSYLGRGEIYNSPLHF	1
CSLKRGGTGELFF	1
CSVAQGYGYTF	1
CSAPDRGGTSNEKLFF	1
CSAPLGGQETQYF	1
CSARSGASTDTQYF	1
CSAQAMTGGYNQPQHF	1
CSAQDISSEKLFF	1
CSAQSAKPGNTGELFF	1
CSAARESQPQHF	1
CSAGPPHQPQHF	1
CSADNAGRRGPLHF	1
CSAIGTVASSSYEQYF	1
CSATPGLDLEQFF	1
CSATGQGAREPQHF	1
CSATGYLDTGELFF	1
CSASFVYGGSFSNQPQHF	1
CSASLFNRDSNSPLHF	1
CSASLETQYF	1
CSASHGAGNEKLFF	1
CSASVRAILAKNIQYF	1
CSASVHRVGAFF	1
CSASAQAGAKEQYF	1
CSASGSGKAPQETQYF	1
CSASGTSGGRLNF	1
CSASKTGGNYGYTF	1
CSASSAGAAQPQHF	1
CSASPFSGGYEQYF	1
CSASVAGGTDTQYF	1
CSASGRDTFVRTQYF	1
CSASKGYGYTF	1
CSARSSYNSPLHF	1
CSARPGLAVNTGELFF	1
CSARRLAGGGSTDTQYF	1
CSARAPREDLNQPQHF	1
CSARGTWGNEKLFF	1
CSARGPWAIQETQYF	1
CSARGSSGNTIYF	1
CSARGLAGANTGELFF	1
CSARDPNYGYTF	1
CSARILAGDPNEQFF	1
CSARKDSSYNEQFF	1
CSARFGAVNTGELFF	1
CSARLVQKTTDTQYF	1
CSARLGQGNTEAFF	1
CSARLPDYRARFTDTQYF	1
CSARPLTGTASEKLFF	1
CSARPLAESYEQYF	1
CSARRPQTLTDTQYF	1
CSARQGGFSNQPQHF	1
CSARQTYEQYF	1
CSARQGGTNALYGYTF	1
CSARVFVRTRGNTIYF	1
CSARVDGNQPQHF	1
CSARVTGGYTEAFF	1
CSARVSGMGTGELFF	1
CSARARSNTGELFF	1
CSARAHGQVYTEAFF	1
CSARALTTRNTGELFF	1
CSARGFSGVNEQYF	1
CSARGLAGGPPDTQYF	1
CSARGPPGPTGELFF	1
CSARGWVRNTGVPYEQYF	1
CSARGWTGGRLSGNTIYF	1
CSARGHDQPQHF	1
CSARDFSSGDSYEQYF	1
CSARDLGRAATGELFF	1
CSARDSFPYQPQHF	1
CSARDYGGTGELFF	1
CSARDLLGPKKDTQYF	1
CSARDPGLSGQETQYF	1
CSARDPDSNQPQHF	1
CSARDPGENQPQHF	1
CSARDRGRSNQPQHF	1
CSARDRWIEPYEQYF	1
CSARDVRTGSVIFSPLHF	1
CSARDVGDYGYTF	1
CSARDGGPYEQYF	1
CSARDEGAGFRGQPQHF	1
CSARDEDLPESKNIQYF	1
CSARDNSHTEAFF	1
CSARDLGIPEQFF	1
CSARDPRQGANQPQHF	1
CSARDRTGGLQPQHF	1
CSARDTREKQGGYTF	1
CSAREPNKNIQYF	1
CSARERTRGEKLFF	1
CSAREGFFHNSPLHF	1
CSARIWGLAEAFF	1
CSARNPSGDTEAFF	1
CSARKGQGGGTDTQYF	1
CSANGGTGSNQPQHF	1
CSANPPGEISGQPQHF	1
CSANRAFYEQYF	1
CSAKELDSYNSPLHF	1
CSAKTSGRAHSSTDTQYF	1
CSAFRQGGGWETQYF	1
CSALTGLGDTQYF	1
CSASSGNGYTF	1
CSASGQGRTWDEQFF	1
CSALPPSASSYEQYF	1
CSALGQGDQPQHF	1
CSAPKGRGLSYTEAFF	1
CSARPSGDNEQFF	1
CSAQRGGTEAFF	1
CSAVRGGANTGELFF	1
CSAGTGGVGYTF	1
CSAGRENTDTQYF	1
CSAIDQAWGYGYTF	1
CSATILAGQGADNQPQHF	1
CSATQRAGVDTGELFF	1
CSAKEGTGDTEAFF	1
CSAHLRGAVQPQHF	1
CSATGQGRDEQYF	1
CSAKAGNQPQHF	1
CSAPGQGAFEQYF	1
CSAIGTGGIEQYF	1
CSATEVRYEQYF	1
CSATTGRETQYF	1
CSARVFNEQFF	1
CSGWGGYDQPQHF	1
CSEVSPYGYTF	1
CSSAGGNNDEQYF	1
CSPIRGPNTGELFF	1
CSVSKGTYNEQFF	1
CSVSEGQNNSPLHF	1
CSVSMEGGNQPQHF	1
CSVWDTNYEQYF	1
CSVPGTGTDTQYF	1
CSVRAGDSYEQYF	1
CSVRPGQITDTQYF	1
CSVHSTGTGYGYTF	1
CSVVYRDTLAVVRETQYF	1
CSVVPGGTDTQYF	1
CSVVTSGIAETQYF	1
CSVASGSNEQFF	1
CSVAADSSSYGYTF	1
CSVGEGELFF	1
CSVGSGELFF	1
CSVGRTAYTGELFF	1
CSVGQAWGTDTQYF	1
CSVGQGRYEQYF	1
CSVGGASSTSTDTQYF	1
CSVGDTGELFF	1
CSVGKSPNTEAFF	1
CSVDLGGRQETQYF	1
CSVDAGNANTGELFF	1
CSVDLGQTPYEQYF	1
CSVDLTGTGYTF	1
CSVDQRAGETQYF	1
CSVDEGVKGETQYF	1
CSVESQDGRVRHNEQFF	1
CSVESASGGRQYF	1
CSVEAGQGGSYEQYF	1
CSVEFLGPTNYGYTF	1
CSVESSDYADGYTF	1
CSVEWGLPGRTGELFF	1
CSVEVLTGAYGYTF	1
CSVEGRAHNEQFF	1
CSVEGQGARTGELFF	1
CSVEDSFFGGEGNYGYTF	1
CSVEEGQSQYF	1
CSVEESRTGTSNYGYTF	1
CSVERLGGPPYEQYF	1
CSVTAGSGELFF	1
CSVTGPLTDTQYF	1
CSVRGGYNQPQHF	1
CSVRDRAETQYF	1
CSVKSRTAQETQYF	1
CSVLGGSTEKLFF	1
CSVPWGGETQYF	1
CSVPGGNTEAFF	1
CSVEGRPQQETQYF	1
CSVMTSGATTDTQYF	1
CSVTGLAGTDTQYF	1
CSVSAGGWETQYF	1
CSVVAGGWTDTQYF	1
CSVINRYGDYEQYF	1
CSVTRNTGELFF	1
CSVTTQDSYTGELFF	1
CSARPGTGQYEQYF	1
CSAATGSETQYF	1
CSARSAGLYEQFF	1
CSAPRAGAEKETQYF	1
CSAQGVGQPQHF	1
CSAVSATNTGELFF	1
CSAGGGGPYEQYF	1
CSASRDPNEQFF	1
CSALQGHGQPQHF	1
CSGAGYTDTQYF	1
CSGATGVDYGYTF	1
CSGELAFHSYNEQFF	1
CSERQDQEQYF	1
CSEQGIGNQPQHF	1
CSTPSGNYNEQFF	1
RASSLPRRLAGCFTSNEQFF	1
CATSRESGSGANVLTF	3
CASSFQETQYF	3
CASSLGVGPETQYF	3
CATSDRLAGYDEQFF	2
CATQGPGNNEQFF	2
CASRLGAEQYF	2
CASASFQETQYF	2
CASGADWGEQFF	2
CASSFWPSSYEQYF	2
CASSFGVASYNEQFF	2
CASSSGDSYEQYF	2
CASSYGTEETQYF	2
CASSPQGLNSDTQYF	2
CASSPGTGFEQYF	2
CASSGNGRTVIYNEQFF	2
CASSFGDTYEQYF	2
CASSLLAGDEQYF	2
CASSLQGGRETQYF	2
CASSLVGYEQYF	2
CASSLAAGGNEQYF	2
CASSYYSEDTQYF	2
CASSLIPDREDEQFF	2
CASSLGVGASYNEQFF	2
CASSPTGIIETQYF	2
CASSALYEAFF	2
CASSGTSGYNEQFF	2
CASRSGQGIAQFF	2
CASRQGTSGSRYEQYF	2
CASRGQGSSYEQYF	2
CAAGTYEQYF	2
CASSLASSGTGELFF	2
CASSLGGYNEQFF	2
CASSLDFSGSMTDTQYF	2
CASSLIGDEQFF	2
CASSQGATAKLYNEQFF	2
CASSTPDREQFF	2
CASSSTMTSTDTQYF	2
CSVFLAGTEADTQYF	2
CSAYSGGSYNEQFF	2
CSASIRGADTQYF	2
CSVEVGAYEQYF	2
CSGSGGRYYEQYF	2
FLGGGNSPLHF	1
CPSSLWAGLGQPQHF	1
CAASGKNTF	1
CASGFWEDEQYF	1
CASGLGGRFGGELFF	1
CASSPGPSSNQPQHF	1
CASSTNSRNEQFF	1
CASSQTTATGELFF	1
CASSVRLYNEQFF	1
CACQEDGQETNYGYTF	1
CAWSRDRGRKETQYF	1
CAWRPGRPNTEAFF	1
CAWGTGGGYTF	1
CAWITLDRGTEAFF	1
CAWSSAMGSNQPQHF	1
CAWSPSEDGYTF	1
CAWSVKGSNGYTF	1
CAWSVHLNTEAFF	1
CAWSVGGMIYEQYF	1
CAWSVDGLTEAFF	1
CAWSVIRVPNYGYTF	1
CAWSVTGPNQPQHF	1
CAWSAADNEQFF	1
CAWSETDTQYF	1
CAWSITGQRGEKLFF	1
CAWSKASQYF	1
CAWSRQGGYEQYF	1
CAWRVPGGGNQPQHF	1
CAWRAGSAEAFF	1
CAWNPNAGTGELFF	1
CAPNRGGKNTGELFF	1
CAVLGRANEKLFF	1
CAAGHNAGELFF	1
CAGGNTDTQYF	1
CAGKGAGMGEQYF	1
CAIQGAGEAFF	1
CAIEDFPDTQYF	1
CAIRGGLVTGELFF	1
CAISIGQDYNEQFF	1
CAISPTFRGATDTQYF	1
CAIPTGDTGELFF	1
CAIADGRLNTDTQYF	1
CAIGGGLAGDNEQFF	1
CAIGQAGSYNEQFF	1
CAIGVYEQYF	1
CAIGPGGRTSYEQYF	1
CAITETSGATDTQYF	1
CAITSGRSSTDTQYF	1
CAITPTSGSVSYNEQFF	1
CAITTSGGAKNIQYF	1
CAISFDGSGYGYTF	1
CAISFWPLGLHEQFF	1
CAISWGGPNEKLFF	1
CAISPGTGFAYEQYF	1
CAISREVVETQYF	1
CAISAWEEQYF	1
CAISAYGTSGSSYEQYF	1
CAISAGATGADTQYF	1
CAISGSGGQETQYF	1
CAISGTAGELFF	1
CAISGAGGPPTGELFF	1
CAISGGLNEQFF	1
CAISGGQGQGYEQYF	1
CAISDLGTDTGELFF	1
CAISDPGGDLTQYF	1
CAISDQGHSYEQYF	1
CAISDGGTRVDYEQYF	1
CAISDSAGVATGELFF	1
CAISELAADTQYF	1
CAISELTTASSYEQYF	1
CAISESQYQETQYF	1
CAISESQEAGRYEQYF	1
CAISESEWSSAKNIQYF	1
CAISESRIGGLGPTDTQYF	1
CAISESYAPQETQYF	1
CAISESTIHQETQYF	1
CAISESRRDSDNEQFF	1
CAISEWQEGTQYF	1
CAISEPTPGQGYFSGNTIYF	1
CAISEVNTDTQYF	1
CAISEGGFLNTEAFF	1
CAISEGTGLDEQYF	1
CAISETDRNQPQHF	1
CAISESGETQYF	1
CAISESGQITDTQYF	1
CAISERQDYEQYF	1
CAISEVPTLYQETQYF	1
CAISEVSGYTF	1
CAISEAGPSEQYF	1
CAISNTGAGELFF	1
CAISKTGAKPTYEQYF	1
CAISSPGLSQETQYF	1
CAISPGLAVNNEQFF	1
CAISQGRGYEQYF	1
CAISQPTSTPTGELFF	1
CAISKPKGPGPDTQYF	1
CAIRSGTGGNQPQHF	1
CAIRVTGSGTGVEAFF	1
CAIRGTADTQYF	1
CAIRRFENTGELFF	1
CAIRKTGGHGYTF	1
CAIRASGEQETQYF	1
CAIRAGQGETVAKNIQYF	1
CAIRGASQETQYF	1
CAIRKDVPSYEQYF	1
CAINFSGGDYNEQFF	1
CAINDPGQGAGDTQYF	1
CAIKLARGEQFF	1
CAIKGEMGQPQHF	1
CAMGQGGTGELFF	1
CAIGRSGYRVEQFF	1
CATWRTGEDHEQYF	1
CATGTDGHSNQPQHF	1
CATRGESETQYF	1
CATRLAGRTDTQYF	1
CATSSGLNEQFF	1
CATRGPTDYGYTF	1
CATRGGVRRENPYEQYF	1
CATRRGLGHQPQHF	1
CATQQNSNQPQHF	1
CATGLAGDGEQFF	1
CATESIDSPHEQYF	1
CATETSGREGETQYF	1
CATSRGRENTGELFF	1
CATSHGTSGQETQYF	1
CATSVRTRGNTGELFF	1
CATSAPTGSTGELFF	1
CATSGLAGVGELFF	1
CATSDFGTNYGYTF	1
CATSDFNYNEQFF	1
CATSDFLGTGELFF	1
CATSDLGSDTQYF	1
CATSDLTHSNQPQHF	1
CATSDSRGEQFF	1
CATSDSRTSGAPSDTQYF	1
CATSDWTSRTDTQYF	1
CATSDYPRPDEQFF	1
CATSDYGTREETQYF	1
CATSDPGYNEQFF	1
CATSDRDRSYEQYF	1
CATSDQRQGVSNQPQHF	1
CATSDGTNGQPQHF	1
CATSDPGTGTYGYTF	1
CATSDPSLETQYF	1
CATSDPGLGNTGELFF	1
CATSDRARSVEQFF	1
CATSDTATGELFF	1
CATSEGPYSTDTQYF	1
CATSEGDIYGYTF	1
CATSEMVAGSIAYEQYF	1
CATSERGTVNQPQHF	1
CATSTGTNQPQHF	1
CATSRVADTDTQYF	1
CATSRAGDPYEQYF	1
CATSGRLADSTDTQYF	1
CATSGPGARGTDTQYF	1
CATSGRGGETQYF	1
CATSEGGQGKGGHYGYTF	1
CATSIDRTGFSEQYF	1
CATSSPSNSGGTDTQYF	1
CATSSVELWRQETQYF	1
CATSSSYEQYF	1
CATSRRRDTPYEQYF	1
CATSRGQQALYNEQFF	1
CATSRGGGEADTQYF	1
CATSRGGGGTGELFF	1
CATSRDPGRGETQYF	1
CATSRDPTDTQYF	1
CATSRDRGADTQYF	1
CATSRDRQGWTYEQYF	1
CATSREWATETQYF	1
CATRGGSGFQETQYF	1
CATRKTGMIGSEQYF	1
CATNRGNTGELFF	1
CATKGQRNYGYTF	1
CATKGSDRGHNEQFF	1
CATGTVTSYEQYF	1
CATTKTSVLPWTPTGKNTEAFF	1
CASLRHGGNEQFF	1
CASRGGNNQPQHF	1
CASVQLRGIQETQYF	1
CASGTSGTGELFF	1
CASGNRTGRGYTF	1
CASTDSANYGYTF	1
CASTRSGTNEKLFF	1
CASSLAGGGLIEQFF	1
CASSPRQGRNTGELFF	1
CASSQQSAYEQYF	1
CASSTSLSSYEQYF	1
CASLSGGHADTQYF	1
CASSYGQGVGGYTF	1
CASSRGGLGYTF	1
CASSTNPGKGNGYTF	1
CASSRAYQETQYF	1
CASSGTGGEYSGYTF	1
CASSSGQGEGKLFF	1
CASSLIYSLDRESEAFF	1
CASSLIQGREDYEQYF	1
CASSPQASRTEAFF	1
CASSPSEELAGDNEQFF	1
CASSPGQTTDTQYF	1
CASSPDQSFAAFF	1
CASSPVKGSVTEAFF	1
CASSPRTGEATEAFF	1
CASSPQAAAASGNTIYF	1
CASSRLANLQGLSTDTQYF	1
CASSRPGAGALGGYTF	1
CASSQLRDGSYEQYF	1
CASSAYTDTQYF	1
CASLIGYTGELFF	1
CASLTSGASYEQYF	1
CASPMWENAAFF	1
CASRLRGRVYEQYF	1
CASQTGASTYNEQFF	1
CASVNTGVSEQYF	1
CASVEGEGNTEAFF	1
CASAGSYNEQFF	1
CASAGGNTEAFF	1
CASARAAGGPTGQFF	1
CASANRGVSNQPQHF	1
CASAGEPRNQPQHF	1
CASAIGNTIYF	1
CASGLAGEQETQYF	1
CASGNTPGVDEQYF	1
CASGPRGGNQPQHF	1
CASGTFYGYTF	1
CASGTVQETQYF	1
CASGEGNQPQHF	1
CASGLRDRNTDTQYF	1
CASGETQYF	1
CASEGPNVAKNIQYF	1
CASEMGPSRNTEAFF	1
CASMFSWSDSYNEQFF	1
CASMRGQGGTEAFF	1
CASTRDGRRSPLHF	1
CASTQGGAWNTEAFF	1
CASTQGPDANNEQFF	1
CASTTWSNTEAFF	1
CASTSLNEQYF	1
CASTLVGKLKYF	1
CASTLSGSVYNEQFF	1
CASTLGPFGPEAFF	1
CASTLTGEKLFF	1
CASTLQGSGNQPQHF	1
CASTLGPDRTNEKLFF	1
CASTLGETQYF	1
CASTRSGANTEAFF	1
CASTRQGGSYEQYF	1
CASTHGGTQETQYF	1
CASTQDRPTDTQYF	1
CASTQSRGPSNQPQHF	1
CASTQQGGNTIYF	1
CASTVDGGGYTF	1
CASTGLAGQGRTDTQYF	1
CASTGWLVAGFQYF	1
CASTGLQNSYEQYF	1
CASTMTGVGYGYTF	1
CASTIHGLAGASEQFF	1
CASTTMNTEAFF	1
CASTTDRESNTGELFF	1
CASTRQPSPLHF	1
CASTRGPGNTIYF	1
CASTHTDTQYF	1
CASTGGAYNEQFF	1
CASTGTGPGTQYF	1
CASTERVVGFYNEQFF	1
CASTRTDRVGGYTF	1
CASTQAYEQYF	1
CASTRTGGYTEAFF	1
CASSFLGEKLFF	1
CASSFSRRDRDGNQPQHF	1
CASSFSGFYGYTF	1
CASSFPSRGSEAFF	1
CASSFQFGGTEAFF	1
CASSFQLGTEAFF	1
CASSFGSTEISYEQYF	1
CASSFGLGKTPYGYTF	1
CASSFGLGKLFF	1
CASSFGDGELFF	1
CASSFGENTEAFF	1
CASSFGTGDNTEAFF	1
CASSFGQWGYYGYTF	1
CASSFDFRVNTEAFF	1
CASSFEGETQYF	1
CASSFISGVTGELFF	1
CASSFTLAGRTDTQYF	1
CASSFSQGLDNEQFF	1
CASSFKGGLAEAFF	1
CASSFSAGNGYTF	1
CASSFPNQPQHF	1
CASSFRQGAGQPQHF	1
CASSFGEKLFF	1
CASSFGLAGGNTGELFF	1
CASSFMPDRGDTEAFF	1
CASSFTVQGAYGYTF	1
CASSFTGSRGYTF	1
CASSFRRIESPLHF	1
CASSFNRDSRNSNQPQHF	1
CASSLYGSPDYGYTF	1
CASSLLEYEQYF	1
CASSLPGQHSNQPQHF	1
CASSLVNSPLHF	1
CASSLVSLTDTQYF	1
CASSLVQGTEAFF	1
CASSLGQGTHYGYTF	1
CASSLGTANEQFF	1
CASSLGTATYNEQFF	1
CASSLGQGVGEQYF	1
CASSLTVTVVQYF	1
CASSLTASYEQYF	1
CASSLRGTEAFF	1
CASSLRGHYGYTF	1
CASSLNPLTRGRFGNTIYF	1
CASSLFYPGGKNIQYF	1
CASSLLVGSKTNEKLFF	1
CASSLLAANGNTIYF	1
CASSLLRRTGVNTEAFF	1
CASSLLGGVTEAFF	1
CASSLSRGMSNQPQHF	1
CASSLSLTGWASYEQYF	1
CASSLSDRGGQPQHF	1
CASSLSKVGQKSFF	1
CASSLSVGRQETQYF	1
CASSLWGRGLAKNIQYF	1
CASSLWGGRSYEQYF	1
CASSLWDSNQPQHF	1
CASSLYGTGDGYTF	1
CASSLLAGSYNEQFF	1
CASSLPPYEQYF	1
CASSLRQGVHSPLHF	1
CASSLRLINTEAFF	1
CASSLHASGDTQYF	1
CASSLHRTFYTF	1
CASSLQGSGYTF	1
CASSLQEGNYGYTF	1
CASSLVPAGELFF	1
CASSLVGRDTEAFF	1
CASSLASQTEAFF	1
CASSLAPTEAFF	1
CASSLAPANYGYTF	1
CASSLAGGNTEAFF	1
CASSLARTNYGYTF	1
CASSLALGVGYGYTF	1
CASSLAQPPTEAFF	1
CASSLAVSGNTEAFF	1
CASSLAGGRGDTQYF	1
CASSLAANYGYTF	1
CASSLGSGTNEKLFF	1
CASSLGDSHEKLFF	1
CASSLGSNQPQHF	1
CASSLGQNTEAFF	1
CASSLGGSAYEQYF	1
CASSLGWDYGYTF	1
CASSLGRARDSPLHF	1
CASSLGQAKSTDTQYF	1
CASSLGGSTSTEAFF	1
CASSLGGEKLFF	1
CASSLGTSNQPQHF	1
CASSLGGSGGHTDTQYF	1
CASSLEPPGNTEAFF	1
CASSLEGVGQPQHF	1
CASSLEGDQPQHF	1
CASSLEGGSGYEQYF	1
CASSLIQRGQQYF	1
CASSLMRSRTEAFF	1
CASSLTANSYEQYF	1
CASSLSRQPQHF	1
CASSLSRYSNQPQHF	1
CASSLRLRRFVTYGYTF	1
CASSLRVGKLFF	1
CASSLRDKLYEQYF	1
CASSLNWGQAKGYTF	1
CASSLNPRETQYF	1
CASSLNPVANTGELFF	1
CASSLNRGYTEAFF	1
CASSSWTGRGDPDTQYF	1
CASSSQGVGTEAFF	1
CASSSQPREEKLFF	1
CASSSVFFTDTQYF	1
CASSSRQGHSGNTIYF	1
CASSSSSGSWNQPQHF	1
CASSSSGTANSPLHF	1
CASSSSLVSQPQHF	1
CASSSLQRTGTDTQYF	1
CASSSPMGGQHF	1
CASSSPGRASTGELFF	1
CASSSPGLAGWYEQYF	1
CASSSQGGRGYTF	1
CASSSVGGNYGYTF	1
CASSSGTGGQPQHF	1
CASSSGTGDIGELFF	1
CASSSDLGNTEAFF	1
CASSSRTVNYGYTF	1
CASSSYPSIRHTDTQYF	1
CASSSPRDVRVGGLEAFF	1
CASSSAESRPQHF	1
CASSSGHPSNQPQHF	1
CASSSISGTFSPSYGYTF	1
CASSSTQGGTEAFF	1
CASSSTGMNTEAFF	1
CASSSFRDRQKTNEKLFF	1
CASSSPRDRRSGNTIYF	1
CASSSKTGGYTEAFF	1
CASSWYHPPGFRDTEAFF	1
CASSWASAPYGEQYF	1
CASSWGPEKGSGYTF	1
CASSWDSPDRTQYF	1
CASSWTTNEKLFF	1
CASSWTEWDQPQHF	1
CASSWSEGGQPQHF	1
CASSYWDFPPKKETQYF	1
CASSYAGGEQYF	1
CASSYRQGYEQFF	1
CASSYSQGNTIYF	1
CASSYSDRESDTQYF	1
CASSYSAPQLAGGRNEQFF	1
CASSYSDRGEQYF	1
CASSYSIRTGGSNSPLHF	1
CASSYSSSNQPQHF	1
CASSYSSYNEQFF	1
CASSYSSVQPQHF	1
CASSYSNSGADTQYF	1
CASSYWQGENTGELFF	1
CASSYYRGETQYF	1
CASSYLPTGNYGYTF	1
CASSYLSGTNTGELFF	1
CASSYPRTGGGGELFF	1
CASSYRDNSAGGYTF	1
CASSYHARGRNEQFF	1
CASSYQGGDNSPLHF	1
CASSYGGGGGGNEKLFF	1
CASSYGDRTYEQYF	1
CASSYGPGELFF	1
CASSYGQNFYEQYF	1
CASSYGGTVYGYTF	1
CASSYGTGIPEAFF	1
CASSYDREGQPQHF	1
CASSYTNTEAFF	1
CASSYSGSPLHF	1
CASSYRGEAFF	1
CASSYRGASGNTIYF	1
CASSLTGTPPQHF	1
CASSLTGKTQYF	1
CASSLNTGELFF	1
CASSLSEREVSDTQYF	1
CASSLYGPTYEQYF	1
CASSLQGNYGYTF	1
CASSLAGSYNEQFF	1
CASSLGQILFGNQPQHF	1
CASSLTGTGNEKLFF	1
CASSPPGLAGITDTQYF	1
CASSPMPGDNSPLHF	1
CASSPKVRDGADTQYF	1
CASSPSSYEQYF	1
CASSPSTGVETQYF	1
CASSPPHSLTF	1
CASSPPGLVISNEQFF	1
CASSPPGEAYEQYF	1
CASSPRLRRRDTGELFF	1
CASSPRGGPFAEAFF	1
CASSPRDSSQPQHF	1
CASSPRRAGALYEQYF	1
CASSPRGWQSSYEQYF	1
CASSPHQLLNTEAFF	1
CASSPQTAYGYTF	1
CASSPGTYNEKLFF	1
CASSPGPGGYTF	1
CASSPGRWDHRTGELFF	1
CASSPGQGGNTEAFF	1
CASSPSEDRLGEQYF	1
CASSPPGFLNTQYF	1
CASSPGHYYGYTF	1
CASSPGQPNEKLFF	1
CASSPGQGYQPQHF	1
CASSPTSGASSYEQYF	1
CASSPTGAYQPQHF	1
CASSPRDTSRLYF	1
CASSPGVEAFF	1
CASSPGNSPLHF	1
CASSPIGYEQYF	1
CASSPTGTADEQYF	1
CASSPRTVQNSPLHF	1
CASSRGGGGQQPQHF	1
CASSRQGQTEAFF	1
CASSRGQKSVHGYTF	1
CASSRTSGSYNEQFF	1
CASSRTAYGYTF	1
CASSRQDLAPLHF	1
CASSRQESPLATQYF	1
CASSRQIDEKLFF	1
CASSRAYGYTF	1
CASSRGGRAFYEQYF	1
CASSHYRAKGNSPLHF	1
CASSHQGGLTDTQYF	1
CASSHGTGEAFF	1
CASSHRETAYEQYF	1
CASSQSGLSGYTF	1
CASSQGPVNQPQHF	1
CASSQLAGGYGELFF	1
CASSQQGDGDYGYTF	1
CASSQTPGRPQPQHF	1
CASSVFQTGGYTF	1
CASSVPAWERNTGELFF	1
CASSVQPQHF	1
CASSVGVARGDEQFF	1
CASSVPRTGGGYSPLHF	1
CASSVRTGHKSYEQYF	1
CASSVGRMGYEQFF	1
CASSVDGNYGYTF	1
CASSVLENTGELFF	1
CASSARGGYYEQYF	1
CASSADDEQFF	1
CASSAGSSYEQYF	1
CASSADLGGNTIYF	1
CASSGWGRSYEQYF	1
CASSGQTGASTEAFF	1
CASSGDRASSYNSPLHF	1
CASSGDRGGNQPQHF	1
CASSGTVNQPQHF	1
CASSGTDEKLFF	1
CASSGRGSDGELFF	1
CASSGKKGTRRDSNQPQHF	1
CASSGLAVNIQYF	1
CASSGPGPMYF	1
CASSGQHTEAFF	1
CASSGGGAFSYEQYF	1
CASSDQGLNTEAFF	1
CASSDGGSTDTQYF	1
CASSDLGQGRNEQFF	1
CASSDLARLF	1
CASSDRTSYNEQFF	1
CASSDADTQYF	1
CASSDRYRDTQYF	1
CASSESSGNTGELFF	1
CASSESGATEAFF	1
CASSEGPGELFF	1
CASSEGENTEAFF	1
CASSEGSYNEQFF	1
CASSEDRGLLWPEAFF	1
CASSEIGGRSETQYF	1
CASSEIGYEQYF	1
CASSEFRTGNTEAFF	1
CASSELKGPAETQYF	1
CASSESHAGAVTEAFF	1
CASSEYYGSPGNTIYF	1
CASSEVGGPADTQYF	1
CASSEATGDDGYTF	1
CASSEAGTARRHF	1
CASSEGRNTEAFF	1
CASSEGRITEAFF	1
CASSEGQGARSQHF	1
CASSEDGLSNQPQHF	1
CASSEDRYEQYF	1
CASSEEFTIDEQYF	1
CASSERGLAGDTQYF	1
CASSERRDRFNTGELFF	1
CASSIRGGYTF	1
CASSMAGEAFF	1
CASSMDRGREQYF	1
CASSIAGGEGNEQFF	1
CASSTGDTGELFF	1
CASSTTGQGGSQPQHF	1
CASSTSGTMSSYNEQFF	1
CASSTPYGDYTF	1
CASSTRQGAGTEAFF	1
CASSTQRDRGYYGYTF	1
CASSTDRGQIGELFF	1
CASSTTSQLWRQRNTEAFF	1
CASSTGLRQPQHF	1
CASSSPRNNEQFF	1
CASSSGQGMQPQHF	1
CASSSLGAGAREQYF	1
CASSSGRVSYEQYF	1
CASSRANTGELFF	1
CASSRGTGELFF	1
CASSRDLGYGYTF	1
CASSRDSLWTQYF	1
CASSRSGVGRGNQPQHF	1
CASSRALHRDTQYF	1
CASSRTRDRGNSPLHF	1
CASSRSNRGSYNSPLHF	1
CASSNTGGPNTEAFF	1
CASSNRGPNQHF	1
CASSNRGGGDTQYF	1
CASSKGGDYGYTF	1
CASSKTGGAAEAFF	1
CASSFSRHYSNQPQHF	1
CASSFSTDTQYF	1
CASSFYRESTEAFF	1
CASSFLSGGPNTGELFF	1
CASSFRGRDRMNTEAFF	1
CASSFQGRTEAFF	1
CASSFAENTGELFF	1
CASSFAAGHQETQYF	1
CASSFGVTEAFF	1
CASSFGLSNTGELFF	1
CASSFGRLNRGDEQFF	1
CASSFSLEGKGQPQHF	1
CASSFRQSQETQYF	1
CASSFSSGGAWATDTQYF	1
CASSFWIGGRYTEAFF	1
CASSFYRDSYTTYEQYF	1
CASSFPRGRVNTEAFF	1
CASSFQLRQYQETQYF	1
CASSFQAQGLGNIQYF	1
CASSFASGDEQFF	1
CASSFGLQGTGELFF	1
CASSFGQGFYGYTF	1
CASSFGQGVPEAFF	1
CASSFDRVYEQYF	1
CASSFSGGKQETQYF	1
CASSFNNRGNPQYF	1
CASSLSVNNEQFF	1
CASSLSGSGNQPQHF	1
CASSLYPRAWNIQYF	1
CASSLYRPGQGLDTQYF	1
CASSLYAGEKLFF	1
CASSLLGQGLMNTEAFF	1
CASSLRQGMYAFF	1
CASSLRAGGRTDTQYF	1
CASSLVETGIPTGELFF	1
CASSLVGLSGVRETQYF	1
CASSLVRGTNEKLFF	1
CASSLVGGSSYNEQFF	1
CASSLVGQVYF	1
CASSLVIGATKNIQYF	1
CASSLALAGGGDTQYF	1
CASSLARAYNEQFF	1
CASSLAGLIHQPQHF	1
CASSLAEGDYSYNEQFF	1
CASSLAAMNTEAFF	1
CASSLAGWGNIQYF	1
CASSLAGIVAEAFF	1
CASSLGPGPPSYYGYTF	1
CASSLGSSMRYGYTF	1
CASSLGQGAANEQYF	1
CASSLGVGLSGSETQYF	1
CASSLGVGAYEQYF	1
CASSLGTSGSFHEQFF	1
CASSLGLGWTTDTQYF	1
CASSLDPGVPNYGYTF	1
CASSLDPLRRMSYEQYF	1
CASSLDVTGFTDTQYF	1
CASSLDGSEQYF	1
CASSLDGNSPLHF	1
CASSLEPPGTEAFF	1
CASSLEQGWTGELFF	1
CASSLIAGANTGELFF	1
CASSLTGRRKLFF	1
CASSLTESSYNSPLHF	1
CASSLSRGNTIYF	1
CASSLKGARGQPQHF	1
CASSLFSGARYTGELFF	1
CASSLFRWPGGTNTQYF	1
CASSLFAPHPFGNQPQHF	1
CASSLLDDDYGYTF	1
CASSLLDSYGYTF	1
CASSLSAGEQFF	1
CASSLSKQGSYGYTF	1
CASSLSPAAHNYGYTF	1
CASSLSGAFMNTEAFF	1
CASSLSDPTEAFF	1
CASSLSDMGTYEQYF	1
CASSLSLAVVDEQFF	1
CASSLSRDPNEKLFF	1
CASSLWADFNYGYTF	1
CASSLWTGGIGEQYF	1
CASSLYFVIKGGRDPYEQYF	1
CASSLYGSEQFF	1
CASSLYTGPYNEQFF	1
CASSLYWSTDTQYF	1
CASSLLGSGYYNEQFF	1
CASSLPGARTALQAFF	1
CASSLPNSGTGVNYGYTF	1
CASSLRTGITDTQYF	1
CASSLVGGVGYGYTF	1
CASSLVGPTGGSPLHF	1
CASSLVQDNEQFF	1
CASSLVGSQSYEQYF	1
CASSLVGGVGEKLFF	1
CASSLVPGMNTEAFF	1
CASSLVHGGWGGDNQPQHF	1
CASSLVVDLEAFF	1
CASSLVGTSSSYEQYF	1
CASSLARYNEQFF	1
CASSLARGRRDTQYF	1
CASSLAVGYKYGYTF	1
CASSLALRPFNYGYTF	1
CASSLAPFSPLEANYGYTF	1
CASSLAQADTQYF	1
CASSLAGDGNEQFF	1
CASSLATLGTGVNTEAFF	1
CASSLARGPMNTGELFF	1
CASSLARTGANLYGYTF	1
CASSLAGPNSPLHF	1
CASSLGLSRYNSPLHF	1
CASSLGPAEASRYGYTF	1
CASSLGPGPPPLHF	1
CASSLGTGSYGYTF	1
CASSLGRQEVGPLHF	1
CASSLGLAGTDTQYF	1
CASSLGRWQGRFSGYTF	1
CASSLGRGDGRNQPQHF	1
CASSLGRDRVSNTEAFF	1
CASSLGASEQYF	1
CASSLGGETGNQPQHF	1
CASSLGRVGGQPQHF	1
CASSLGPLSGETQYF	1
CASSLGRQAKQFF	1
CASSLGQGRGYTF	1
CASSLGALGTQSQETQYF	1
CASSLGAEADTQYF	1
CASSLGAGTDYNEQFF	1
CASSLGAGSVYTF	1
CASSLGGTSGNTDTQYF	1
CASSLGGTDNYGYTF	1
CASSLGDTGNTEAFF	1
CASSLGDRVGQPQHF	1
CASSLGTVDEQFF	1
CASSLGTGFRYGYTF	1
CASSLGLAGGQETQYF	1
CASSLGRTDFSEAFF	1
CASSLGQHNQETQYF	1
CASSLGQGGRAEQYF	1
CASSLGQGPNYGYTF	1
CASSLGQGAYEQYF	1
CASSLGVGNSPLHF	1
CASSLGAGFGNTIYF	1
CASSLGTQYLMNTEAFF	1
CASSLDLGQKEKLFF	1
CASSLDPGYGYTF	1
CASSLDQARRGGTEAFF	1
CASSLDMEIGGYTF	1
CASSLDLNEQFF	1
CASSLDLNIQYF	1
CASSLDGLSNQPQHF	1
CASSLESGTAQGTGELFF	1
CASSLEAFAAAPLHF	1
CASSLEARVGKNTEAFF	1
CASSLEGHLSEAFF	1
CASSLEGQILF	1
CASSLEIVNEQFF	1
CASSLELASSYNEQFF	1
CASSLEQSKNEKLFF	1
CASSLEGGRNQPQHF	1
CASSLEITEANYGYTF	1
CASSLEMGREGTEAFF	1
CASSLISGEDTQYF	1
CASSLIGWDTQYF	1
CASSLTRSGTEAFF	1
CASSLTANQPQHF	1
CASSLTGGGYGYTF	1
CASSLTGGDSPLHF	1
CASSLSQGTFNEQFF	1
CASSLSSYNSPLHF	1
CASSLRTGGNYGYTF	1
CASSLNLRQVGNQPQHF	1
CASSLNANTGELFF	1
CASSLKVGTEAFF	1
CASSLKGEVRTDTQYF	1
CASSSGQPAEQYF	1
CASSSESGELFF	1
CASSSMDTQYF	1
CASSSTGGSYGYTF	1
CASSSFGNNRPQHF	1
CASSSLRRQGSEQYF	1
CASSSSTSRGDEQFF	1
CASSSLGSPLHF	1
CASSSPGRVLNTEAFF	1
CASSSPRRGQAFF	1
CASSSPGSHYEQYF	1
CASSSPPRRKLRPQHF	1
CASSSPGPIYEQYF	1
CASSSRRGEGSPLHF	1
CASSSQDWEGYTF	1
CASSSGTGSYNEQFF	1
CASSSGLAEYEQYF	1
CASSSGQANNQPQHF	1
CASSSDRGGQYF	1
CASSSDLAIVTDTQYF	1
CASSSDIYLEGPNYGYTF	1
CASSSEAVPRGGAYYGYTF	1
CASSSTSGTEAFF	1
CASSSTGTAVDQPQHF	1
CASSSSVVSSFYEQFF	1
CASSSRQGFSNQPQHF	1
CASSSRGLSGNTIYF	1
CASSSNQGMDSPLHF	1
CASSSRWGGTEAFF	1
CASSSGTREKLFF	1
CASSSDGNIQYF	1
CASSSYRDTYSYNEQFF	1
CASSSRHMEGYEQYF	1
CASSSQRESTYEQYF	1
CASSSVDRGVDTEAFF	1
CASSSARQGWYGYTF	1
CASSSADSTDTQYF	1
CASSSGEFDEQYF	1
CASSSGTSGIFTDTQYF	1
CASSSSPRGDYEQYF	1
CASSWSGTGFFYEQYF	1
CASSWYRGNTGELFF	1
CASSWPGQAANYGYTF	1
CASSWGPQETQYF	1
CASSWGDGENEKLFF	1
CASSWGLAGETQYF	1
CASSWEDSSNQPQHF	1
CASSYRQSFSYEQYF	1
CASSYGGRSETGELFF	1
CASSYTAANTEAFF	1
CASSYKRTGGDIQYF	1
CASSYGTPLISGNTIYF	1
CASSYGLALTGELFF	1
CASSYGPNYGYTF	1
CASSYEGGTGNIQYF	1
CASSLGLLDLNEQFF	1
CASSLGSGNTIYF	1
CASSLTLYTIEAFF	1
CASSLLQGQFSEAFF	1
CASSLRYRGFSYNEQFF	1
CASSLRGWSNQYF	1
CASSLRDTEETQYF	1
CASSLGVRNTEAFF	1
CASSLGGQRNTGELFF	1
CASSLETSPLHF	1
CASSLSYYEQYF	1
CASSLSGGADQPQHF	1
CASSLRGLTEAFF	1
CASSLATGGLNSPLHF	1
CASSLAGAHIQYF	1
CASSLGQNTRAAFF	1
CASSLDRGGNSPLHF	1
CASSLMIIQGANEKLFF	1
CASSLITVDGYTF	1
CASSLTPEANYGYTF	1
CASSLQDQPQHF	1
CASSLQTGGYEQYF	1
CASSLGQDYQPQHF	1
CASSLSGTSYNEQFF	1
CASSLRGFSNQPQHF	1
CASSPYVGTENTGELFF	1
CASSPYRGRNEKLFF	1
CASSPPSGDTQYF	1
CASSPPSKRDAYEQYF	1
CASSPPLRRDTQYF	1
CASSPPGGVNTGELFF	1
CASSPRPRGGGGETQYF	1
CASSPRTGADEQFF	1
CASSPVGWTEKETQYF	1
CASSPGGGSGELFF	1
CASSPEGGFNQPQHF	1
CASSPEELSTDTQYF	1
CASSPMAGYGYTF	1
CASSPTTQEQYF	1
CASSPTGGANYGYTF	1
CASSPSGGLAKNIQYF	1
CASSPWREANSGELFF	1
CASSPPYRLYSNQPQHF	1
CASSPPPEYGYTF	1
CASSPPAGWGETQYF	1
CASSPPQWRSEKLFF	1
CASSPRGVVVYNEQFF	1
CASSPRPKGGNTIYF	1
CASSPRHSPQETQYF	1
CASSPRGTGAFF	1
CASSPQDFSPLHF	1
CASSPAGLREQFF	1
CASSPGGRETQYF	1
CASSPGTSTYEQYF	1
CASSPGTTYNEQFF	1
CASSPGTHSNQPQHF	1
CASSPDRAGGYSNQPQHF	1
CASSPELKADTQYF	1
CASSPTGAYSNQPQHF	1
CASSPRSVSALGELFF	1
CASSPSLNTEAFF	1
CASSPPRGNTIYF	1
CASSPDTGYYGYTF	1
CASSPIMDTTDTQYF	1
CASSPMGQGYTEAFF	1
CASSPTGGTEAFF	1
CASSPTGNYGYTF	1
CASSPRTGIFYSYGSPLHF	1
CASSPYTEQYF	1
CASSPLSGTPTDTQYF	1
CASSPPSSPQPLF	1
CASSPQTGGNYGYTF	1
CASSPGYVNEQFF	1
CASSPGTGMNTEAFF	1
CASSPGTVYGYTF	1
CASSPGTDQPQHF	1
CASSPETASNEKLFF	1
CASSPIAGNTGELFF	1
CASSPTGDGYEQYF	1
CASSPNSNQPQHF	1
CASSRQGVGYGYTF	1
CASSRSQGRNEKLFF	1
CASSRRQGQTNTEAFF	1
CASSRQTAPETQYF	1
CASSRGAGPLLSEQYF	1
CASSRGTLNYEQYF	1
CASSRMETQYF	1
CASSRTSGYQPQHF	1
CASSRRWETQYF	1
CASSRRTGLGGELFF	1
CASSRVMNTEAFF	1
CASSRGDEKLFF	1
CASSRTGTYEQYF	1
CASSRTELRGSIAKNIQYF	1
CASSRYRTIEAIEAFF	1
CASSRRRGEIETQYF	1
CASSRQSVDSPLHF	1
CASSRDRRVPAYEQYF	1
CASSRRQGPEAFF	1
CASSHSGTGGPNYGYTF	1
CASSHGGTEAFF	1
CASSHSGRDYEQYF	1
CASSHLLNQGFANTGELFF	1
CASSHRLGEVNEQFF	1
CASSHGTSRGTQYF	1
CASSHRPGDPFYGYTF	1
CASSQVERADTQYF	1
CASSQAQNGQGYTF	1
CASSQESVYEQYF	1
CASSQEGQGMDTDTQYF	1
CASSQEPGLAPYNEQFF	1
CASSQMRQGARGYGYTF	1
CASSQTYNEQFF	1
CASSQTSDHTQYF	1
CASSQSEGQGNTEAFF	1
CASSQSDGGATDTQYF	1
CASSQSGTLNTGELFF	1
CASSQYPDSGTSTDTQYF	1
CASSQLPGATEAFF	1
CASSQLDGNSPLHF	1
CASSQPGQGQYTEAFF	1
CASSQPGNSPLHF	1
CASSQQGDLAKNIQYF	1
CASSQQGFGNQPQHF	1
CASSQQRVEAFF	1
CASSQVFGGQGNNSPLHF	1
CASSQVLYNSPLHF	1
CASSQAGGSYNEQFF	1
CASSQAGGPYEQYF	1
CASSQGYSSYNEQFF	1
CASSQGPDPQAQYF	1
CASSQGREPQHF	1
CASSQGDRGSGYTF	1
CASSQGNYRGTGELFF	1
CASSQGQGLNYGYTF	1
CASSQDLLTRVSYEQYF	1
CASSQDLSAGYGYTF	1
CASSQDLKREDTGELFF	1
CASSQDPPGTGAMNTEAFF	1
CASSQDRTGWAKNIQYF	1
CASSQDQIGRVEQYF	1
CASSQDVQDASTGELFF	1
CASSQDETSSYEQYF	1
CASSQDKGGWNQPQHF	1
CASSQDGGYTF	1
CASSQEDIGVYEQYF	1
CASSQERARDFGYGYTF	1
CASSQERLAGAKFF	1
CASSQEGGSGGLPQHF	1
CASSQEKRASNQPQHF	1
CASSQISQETQYF	1
CASSQTQPGHSVYF	1
CASSQRFQEVGSPLHF	1
CASSVSGVVTSGKYTGELFF	1
CASSVPRQPQHF	1
CASSVDSWSTEAFF	1
CASSVGQGGFTIYF	1
CASSVTGSRVGYTF	1
CASSVATGGFRYEQYF	1
CASSVAGYSPTYEQYF	1
CASSVAAGHTDTQYF	1
CASSVAGVPNSPLHF	1
CASSVGPSGEPYLPYEQYF	1
CASSVGTHTEAFF	1
CASSVGSGSNEQYF	1
CASSVDGYNEQFF	1
CASSVDENTGELFF	1
CASSVEPNTGELFF	1
CASSVESSGLGDEQFF	1
CASSVITRQRSRGYTF	1
CASSASWGGLNTGELFF	1
CASSAFRFINQPQHF	1
CASSASSGSVDTQYF	1
CASSASAGGPWETQYF	1
CASSAWTSATDTQYF	1
CASSAPRGGTEAFF	1
CASSAHLRYEQYF	1
CASSADNTYSNYGYTF	1
CASSARQGGGTEAFF	1
CASSAGQGFSGNTIYF	1
CASSAEPRGFSNTGELFF	1
CASSARDRDTQYF	1
CASSAQSMNTEAFF	1
CASSAGAATDTQYF	1
CASSAGTGLSYGYTF	1
CASSAEGAGVSNQPQHF	1
CASSGTGTGYEQYF	1
CASSGRQGVGELFF	1
CASSGGQGAETQYF	1
CASSGGGLVLEQYF	1
CASSGTGTTNEKLFF	1
CASSGLSGSGHEQYF	1
CASSGRRGLNTGELFF	1
CASSGQPNYGYTF	1
CASSGQGGETQYF	1
CASSGGDTFQLGYGYTF	1
CASSGRATSGSHNEQFF	1
CASSGRGSHLIGIISPLHF	1
CASSDPGTDMNTEAFF	1
CASSDIDSRDTQYF	1
CASSDPRGGLNTEAFF	1
CASSDGTGGVGYTF	1
CASSEDREASPLHF	1
CASSELQEELYGYTF	1
CASSIAGTYGYTF	1
CASSITGVDTQYF	1
CASSIRDRASPLHF	1
CASSTSVYTGELFF	1
CASSTPSGENTQYF	1
CASSTGTFTGELFF	1
CASSTGLHNNEQFF	1
CASSTEGLGNRQETQYF	1
CASSTAGQYEQYF	1
CASSTDVPTDTQYF	1
CASSTDRTNTGELFF	1
CASSTEDEQFF	1
CASSTRRDFQPQHF	1
CASSSPGANSPLHF	1
CASSSQRETHNEQFF	1
CASSSGQGVTEQYF	1
CASSRPQWRELFF	1
CASSRDGHRGFGQPQHF	1
CASSRDTPDTQYF	1
CASSREVDGYTF	1
CASSRAGTGDTGELFF	1
CASSRGTGNTDTQYF	1
CASSRTGVQPQHF	1
CASSNGFDSPGSPLHF	1
CASSNGSLQPQHF	1
CASSKQENNQPQHF	1
CASSKDRSSGRRETQYF	1
CASSKDRAGNTIYF	1
CASRLLAEAFF	1
CASRSGGGNTIYF	1
CASRSMGQGNYGYTF	1
CASRWGGGTEAFF	1
CASRYLEGKIYSNQPQHF	1
CASRPTRGNRYEQYF	1
CASRPRPGGGELFF	1
CASRRGRDTQYF	1
CASRRYTNTEAFF	1
CASRRQGQGVLAFF	1
CASRRTGGEYEQYF	1
CASRRSSRGYTF	1
CASRQGTASGNTIYF	1
CASRQDRGRGTLHF	1
CASRVTSGSVGTGELFF	1
CASRAGTGFNEQYF	1
CASRAGQGRFQPQLF	1
CASRAAVFYEQYF	1
CASRAGVPDIQYF	1
CASRGEGLYNEQFF	1
CASRGDGDQPQHF	1
CASRGDRPQPQHF	1
CASRDAGTNQPQHF	1
CASRERLAINNEQFF	1
CASREKGLGSNQPQHF	1
CASREQGLNTGELFF	1
CASRIPRQGNYGYTF	1
CASRMIAGIYNEQFF	1
CASRIHAGTEAFF	1
CASRIGEGDYEQYF	1
CASRTYTGELFF	1
CASRTTGELFF	1
CASRTTANTGELFF	1
CASRTAGSYEQYF	1
CASRRASQPQHF	1
CASRNTANYGYTF	1
CASRKGGGMDTQYF	1
CASRSGERPWEDTEAFF	1
CASRSKQGWNTEAFF	1
CASRSFRAANEQFF	1
CASRYLAGGWADTQYF	1
CASRLTGQRFQPQHF	1
CASRLAGSSGNTIYF	1
CASRLGGSPLHF	1
CASRPFGGGLTDTQYF	1
CASRPGTTNYGYTF	1
CASRPTFSYDEQYF	1
CASRPGQPDTQYF	1
CASRRRWTGQETQYF	1
CASRHDTGPNQPQHF	1
CASRQQGANEKLFF	1
CASRVGQPQHF	1
CASRGQSRSLYGYTF	1
CASRDHSDYYGYTF	1
CASRDGSQADTQYF	1
CASRDGISNQPQHF	1
CASRDTGQGGDTQYF	1
CASRESRHFVATEAFF	1
CASRETGGSEPQHF	1
CASRTGPSSHGNTIYF	1
CASRTNTEAFF	1
CASRSGGLGVTDTQYF	1
CASRRDRDYNSPLHF	1
CASRRISTNEKLFF	1
CASRKPGTSGYNEQFF	1
CASNSGNTIYF	1
CASNSGEQANTGELFF	1
CASNPQGVGYEQYF	1
CASNGVGRYEKLFF	1
CASNTDSNQPQHF	1
CASNRLQGYEQYF	1
CASNRGMATFYEQYF	1
CASNALSGARAFF	1
CASNGGLYGYTF	1
CASNDRNSPLHF	1
CASNTQGFTEAFF	1
CASNRQGVDSPLHF	1
CASNNGRENSPLHF	1
CASKLDGNSPLHF	1
CASKGQNTEAFF	1
CASKGDRNTGELFF	1
CASKGSTDYGYTF	1
CASKSGQSSHEQYF	1
CASKQGNSNQPQHF	1
CARSGTDYNSPLHF	1
CARSGPTSGTGELFF	1
CARSKTERQNQPQHF	1
CATRDGKGAEGNQPQHF	1
CASSMGSKGEQYF	1
CASAGTGSEGYTF	1
CATSSRENTGELFF	1
CATTPRGAANTGELFF	1
CASKPTSGNQPQHF	1
CASSPGQGYGYTF	1
CASSILKNTEAFF	1
CASRGGLAYEQYF	1
CASRDRGTEAFF	1
CASQKDTNTGELFF	1
CASIPGRGTGELFF	1
CASTRQGDWTEAFF	1
CASTGTGGQEQYF	1
CASTEEGHLNTEAFF	1
CASSFGFRGANTEAFF	1
CASSLTGFKYF	1
CASSPYEGVGNTEAFF	1
CASSPLDRNYGYTF	1
CASSPGTGDQPQHF	1
CASSPGQGKTQYF	1
CASSPTTSAKNIQYF	1
CASSRTVSDEQYF	1
CASSRVAGPDTQYF	1
CASSQGTRIVAGELFF	1
CASSGMGQGPKNIQYF	1
CASSGGLAGEQFF	1
CASSDREQYF	1
CASSDRKESDTQYF	1
CASSESWDSYGYTF	1
CASSESRGEQGKYF	1
CASSESPSGSHTQYF	1
CASSESGRPQETQYF	1
CASSEGRSSYNEQFF	1
CASSEGAGGVTDTQYF	1
CASSEGTGGGGEQYF	1
CASSKILDSYEQYF	1
CASSFLPPGTYYYGYTF	1
CASSFQPGQDTQYF	1
CASSFDASHEQYF	1
CASSFSGSTGELFF	1
CASSFSTVNYGYTF	1
CASSFLLAGAYEQYF	1
CASSFQRQGMGSPLHF	1
CASSFGDVSYGYTF	1
CASSFDSRSGNTIYF	1
CASSFEMMNTEAFF	1
CASSFITVNTEAFF	1
CASSFTGGQNEKLFF	1
CASSLFPGPMNTEAFF	1
CASSLSISVGAGEKLFF	1
CASSLSGNSNQPQHF	1
CASSLSGKSNQPQHF	1
CASSLSSTGIGNTEAFF	1
CASSLWPDYGYTF	1
CASSLYGDSNQPQHF	1
CASSLLPGVNTEAFF	1
CASSLLKSEQYF	1
CASSLLAGSTGELFF	1
CASSLPQSNYGYTF	1
CASSLRAGTEAFF	1
CASSLVYGQGNSPLHF	1
CASSLVLGVHYGYTF	1
CASSLVGRTEAFF	1
CASSLVVNTEAFF	1
CASSLVGRNEKLFF	1
CASSLVSWNTEAFF	1
CASSLVPVSGNTIYF	1
CASSLVAGESSGNTIYF	1
CASSLAPGATEAFF	1
CASSLAGDSFYGYTF	1
CASSLAFVTGYGNTEAFF	1
CASSLAPEQPQHF	1
CASSLAGYNSPLHF	1
CASSLAGGSNYGYTF	1
CASSLAGYSNQPQHF	1
CASSLATGQPQHF	1
CASSLAVKQFF	1
CASSLAGRNTGELFF	1
CASSLAESATNEKLFF	1
CASSLAGALTYNEQFF	1
CASSLAGADEKLFF	1
CASSLAGENTEAFF	1
CASSLGLEGSEAFF	1
CASSLGVGGSLNEKLFF	1
CASSLGDDTEAFF	1
CASSLGDGLNTEAFF	1
CASSLGDTEAFF	1
CASSLGDRGGTEAFF	1
CASSLGSSYGYTF	1
CASSLGSGAPNQPQHF	1
CASSLGQGDNQPQHF	1
CASSLGGLAEAFF	1
CASSLGIAEAYEQYF	1
CASSLGTNRAAGNTIYF	1
CASSLDFSGTQRTRGYTF	1
CASSLDQGKMSEAFF	1
CASSLDAANTEAFF	1
CASSLDAGRTEAFF	1
CASSLDGSSNYGYTF	1
CASSLDGGNTEAFF	1
CASSLDGRLDGYTF	1
CASSLDRVRDEKGTEAFF	1
CASSLDGSYGYTF	1
CASSLDRQEPTNEKLFF	1
CASSLDRAWTF	1
CASSLDKTNEKLFF	1
CASSLEPGYDQPQHF	1
CASSLEGESNQPQHF	1
CASSLEGKGNQPQHF	1
CASSLEGLAPEQFF	1
CASSLESGVPANYGYTF	1
CASSLELTNYGYTF	1
CASSLEQGNYGYTF	1
CASSLEVGGTGAYGYTF	1
CASSLTGQELYGYTF	1
CASSLTVNYGYTF	1
CASSLRSGEVETQYF	1
CASSLNPTVGKLFF	1
CASSLNGGAEAFF	1
CASSLNEGSDGYTF	1
CASSLNRNNMNTEAFF	1
CASSLSSDNEKLFF	1
CASSLQGTSGYEQYF	1
CASSLQGQGMRWDSPLHF	1
CASSLQGAGYGDTQYF	1
CASSLAGPGGRPSYGYTF	1
CASSLASVNTEAFF	1
CASSLGGYNQPQHF	1
CASSLMTMNTEAFF	1
CASSLTVPGAHRDTEAFF	1
CASSLTGQRSSGNTIYF	1
CASSSQGSGVRTEAFF	1
CASSSLDRNTEAFF	1
CASSSSPGGKNTEAFF	1
CASSSYTESSGNTIYF	1
CASSSRVDTQYF	1
CASSSGTGNQPQHF	1
CASSSGRGDTEAFF	1
CASSSDGFEQYF	1
CASSSIVTDTQYF	1
CASSSYRGSEYNSPLHF	1
CASSSPSGTGGAKNIQYF	1
CASSSPDQRLFF	1
CASSSDTYEQYF	1
CASSSTTGGTNWYGYTF	1
CASSSGGYTIYGYTF	1
CASSSSRGDNEQFF	1
CASSWGTGDNEKLFF	1
CASSWDRASTNEKLFF	1
CASSWNRGPAYEQYF	1
CASSYGQSYEQYF	1
CASSYTGTGGANSGYTF	1
CASSLGTGENSPLHF	1
CASSLSGGTQNIQYF	1
CASSLRDRVGPNTEAFF	1
CASSLGVDGSSYNSPLHF	1
CASSLGWGQPQHF	1
CASSLRAQLGTRTTGELFF	1
CASSLKIFWGRSEAFF	1
CASSLYPYDSADYSNQPQHF	1
CASSLLDYTTDTQYF	1
CASSLDRGGNTIYF	1
CASSLTGANTEAFF	1
CASSLSGQAPNTEAFF	1
CASSLRAITDTQYF	1
CASSLGTPRFSPLHF	1
CASSPLAYPAGGRDTQYF	1
CASSPSGKDTDTQYF	1
CASSPRWDSSGNTIYF	1
CASSPQGNAGKSEKLFF	1
CASSPEAHLFGSSDEAFF	1
CASSPTTGGVYGYTF	1
CASSPSTGEYYNEQFF	1
CASSPPGTATNEKLFF	1
CASSPQATRLSTDTQYF	1
CASSPGLQETQYF	1
CASSPDGSDSPLHF	1
CASSPDTSGAFF	1
CASSPDRASYGYTF	1
CASSPFGQGITNYGYTF	1
CASSPLGLSGYNEQFF	1
CASSPWTGNQPQHF	1
CASSPPRNPYEQYF	1
CASSPRTGNSPLHF	1
CASSPQASNQPQHF	1
CASSPGGYGYTF	1
CASSPTGSNQPQHF	1
CASSRGQGAPEAFF	1
CASSRRQGYQPQHF	1
CASSRVMNTEAFF	1
CASSRAVEHTEAFF	1
CASSRGLGTGELFF	1
CASSRNRVGLVRDDGYTF	1
CASSRDGGLAAFF	1
CASSRRDSMNTEAFF	1
CASSHETDGETQYF	1
CASSHPGARGFGYTF	1
CASSHRNGPLGSYEQYF	1
CASSHGRSETQYF	1
CASSHDWALNEQFF	1
CASSQPSYEQYF	1
CASSQPDRSDTQYF	1
CASSQARTDQETQYF	1
CASSQGRLSYNEQFF	1
CASSQGTAKGYNSPLHF	1
CASSQGYNEQFF	1
CASSQGQLSFTEAFF	1
CASSQTSTGTASDTQYF	1
CASSQFSWTGDNSPLHF	1
CASSQSQGQGWGQPQHF	1
CASSQSTYEIYEQYF	1
CASSQWAGGAESYGYTF	1
CASSQVWGSGINTGELFF	1
CASSQVRTAMNTEAFF	1
CASSQVPGNNQPQHF	1
CASSQVIEGAQYF	1
CASSQVTGKETQYF	1
CASSQVNRGSGELFF	1
CASSQVGTGLQETQYF	1
CASSQVGTGASRVWTF	1
CASSQVDIVRGLNQPQHF	1
CASSQASGGLLYEQYF	1
CASSQARWEGYQETQYF	1
CASSQAGSPSDGELFF	1
CASSQATDTQYF	1
CASSQGLTGSTDTQYF	1
CASSQGGSGGEQYF	1
CASSQGGGAFF	1
CASSQGWGQGEEKLFF	1
CASSQGEGVNYGYTF	1
CASSQGGVRLPGQPQHF	1
CASSQGRGMKTQYF	1
CASSQDWAGQPQHF	1
CASSQDLTASGNTIYF	1
CASSQDLGTVREYEQYF	1
CASSQDPGNSYEQYF	1
CASSQDPTYSYNSPLHF	1
CASSQDQGTGNTIYF	1
CASSQDQAGSPLEQYF	1
CASSQDVGSYNSPLHF	1
CASSQDVAGEKLFF	1
CASSQDGGVERPIGNTIYF	1
CASSQDGSSPDTQYF	1
CASSQDIRSWVYGYTF	1
CASSQDSTYYGYTF	1
CASSQDLYGTGISPLHF	1
CASSQDGWTGAIGYTF	1
CASSQEDPDTQYF	1
CASSQEEGGYDYEQYF	1
CASSQEEGSNQPQHF	1
CASSQEITRPWGEQFF	1
CASSQEWAPANEKLFF	1
CASSQELSQGPWNQPQHF	1
CASSQEQAPNTEAFF	1
CASSQEEQGANYGYTF	1
CASSQEIVGTGVLHTIYF	1
CASSQILDTQYF	1
CASSQTLQGEEAGELFF	1
CASSQTQGYTDTQYF	1
CASSQTQGTQPQHF	1
CASSVSRGDMKDNQPQHF	1
CASSVGGNEQFF	1
CASSARAGNTGELFF	1
CASSAGQRGTEAFF	1
CASSATGTVGGFENSPLHF	1
CASSAGVRNTEAFF	1
CASSDEGETQHF	1
CASSEQVGAGNTIYF	1
CASSTGAGGVGTEAFF	1
CASSRRTGAGDTEAFF	1
CASSRSGTGLSYEQYF	1
CASSKVDSTDTQYF	1
CASRSGTSGTLTGELFF	1
CASRPGGLSTDTQYF	1
CASRAASNYGYTF	1
CASRGGFSTDTQYF	1
CASRDSGPLNSPLHF	1
CASRDSYNSPLHF	1
CASREGPREYSYTF	1
CASRTLGDATGELFF	1
CASRRWANEKLFF	1
CASRLSGSSYNEQFF	1
CASRPGQGEYNEQFF	1
CASRIQVSKYNEQFF	1
CASRTGTGSQPQHF	1
CASRTGQINYGYTF	1
CASNPTGGHLYQPQHF	1
CASKLTGGVSFF	1
CASKNPDSYGYTF	1
CATRQGQDTEAFF	1
CSPQQVFGEPQHF	1
CSPGSTDTQYF	1
CSVLSGTIGFSGNTIYF	1
CSVLTRGWDQPQHF	1
CSASKGGAKNIQYF	1
CSASGVRRQPQHF	1
CSAYSGRSTDTQYF	1
CSAYPVGRGHEKLFF	1
CSALFRSSYEQYF	1
CSALTAGRMNTEAFF	1
CSAPPSPRNEQFF	1
CSARSGVAKNIQYF	1
CSARRGTSVHEQFF	1
CSAHPDSNQPQHF	1
CSAGYQGADNQPQHF	1
CSAIRRQGTGYTF	1
CSAIRAYEQYF	1
CSAMGQGNTGELFF	1
CSAITGDRYGELFF	1
CSATYRVPGELFF	1
CSATPLGPYNSPLHF	1
CSATIPDTQYF	1
CSATRTGSSYEQYF	1
CSATDEGEAFF	1
CSASEGAKNIQYF	1
CSASIREVGTDTQYF	1
CSASIGAGVSNEQFF	1
CSASSGEDLDEQYF	1
CSASYRPNQPQHF	1
CSASLGGAGNTEAFF	1
CSASPPWQPQHF	1
CSASAQARYGYTF	1
CSASGGEQYF	1
CSASKDLQGYAYEQYF	1
CSARSDRDSYEQYF	1
CSARLDSQLHNQPQHF	1
CSARGGGIGQPQHF	1
CSARGDRALSPLHF	1
CSAREQAFEFWNTEAFF	1
CSARFGGTGELFF	1
CSARSSPGVYNSPLHF	1
CSARPLVGAAPGYTF	1
CSARPANGGTEAFF	1
CSARRGAETQYF	1
CSARVSNTGELFF	1
CSARVGTSTIGYTF	1
CSARVTSGGAHNEQFF	1
CSARVPGGLNAFF	1
CSARVGVVNTEAFF	1
CSARVSFQQGASWGYTF	1
CSARVSSGIHEQYF	1
CSARAWGVGELFF	1
CSARAGGEQPQHF	1
CSARGPGGTEAFF	1
CSARGASGSGNEQFF	1
CSARGGSRTDTQYF	1
CSARGDEGYNQPQHF	1
CSARGDSNYGYTF	1
CSARGDRGRFYEQYF	1
CSARGEWGDSREAFF	1
CSARDFGGDGPLHF	1
CSARDSGGGWNGYTF	1
CSARDLEGLQPQHF	1
CSARDPLLAGRTRDTQYF	1
CSARDPGQGNQPQHF	1
CSARDPRGSYNSPLHF	1
CSARDPDTQYF	1
CSARDRLLNTEAFF	1
CSARDRAGATGSHTGELFF	1
CSARDRMGAHGYTF	1
CSARDVGRTYNEQFF	1
CSARDGGPYEQYF	1
CSARDMTVDYEQYF	1
CSARDIVAGELFF	1
CSARDSWRNTEAFF	1
CSARDSGGANTGELFF	1
CSARDRLEAFF	1
CSARDPGGLRSYEQYF	1
CSARDKESGEYGYTF	1
CSAREFGGGQPQHF	1
CSAREGGNYGYTF	1
CSAREAGGNSYEQYF	1
CSAREGSASNQPQHF	1
CSARRFRTPNTGELFF	1
CSARRPYGRRPLHF	1
CSARRTGFLVLGEKLFF	1
CSARRDPGTGGPANTEAFF	1
CSARNSGPGTRYNEQFF	1
CSARNDRAPTNYGYTF	1
CSARKDSRNQPQHF	1
CSAKGPYSTEAFF	1
CSAKGREARSVEQFF	1
CSAKNLAGGNIQYF	1
CSASDMKAYEQYF	1
CSAPPFGEGREKLFF	1
CSAHLAGAGADTQYF	1
CSAQTRSSYEQYF	1
CSAQNTGELFF	1
CSAGGHSNQPQHF	1
CSAGPGLAGDLAKNIQYF	1
CSADRGNTEAFF	1
CSADQEAALGSYEQYF	1
CSARDRDYGYTF	1
CSAKGSSGEDTQYF	1
CSALTGDDTYEQYF	1
CSAGHPSRGQVLANYGYTF	1
CSAGGGVPQQPQHF	1
CSADLGVEKLFF	1
CSATGTGQSPLHF	1
CSATGGNSPLHF	1
CSARQGTTGELFF	1
CSGEGSYNEQFF	1
CSVLVTGGYGYTF	1
CSVSVGRTSEQYF	1
CSVSGQHTQYF	1
CSVLTAYEQYF	1
CSVQGSGQPQHF	1
CSVVSGMNTEAFF	1
CSVVRDPNTEAFF	1
CSVVAGRYEQFF	1
CSVVYRFKETQYF	1
CSVVSVGELFF	1
CSVVGGGETQYF	1
CSVVSRPNTGELFF	1
CSVVGEGNEQFF	1
CSVAGTSPGELFF	1
CSVAGTGTYEQYF	1
CSVAQGADQPQHF	1
CSVGGGISYEQYF	1
CSVGGTVDGEQYF	1
CSVGDSTYEQYF	1
CSVGDRAPYEQYF	1
CSVDQGGYSLNTGELFF	1
CSVDVETQYF	1
CSVDAGANTGELFF	1
CSVDRERTDTQYF	1
CSVDGGAETQYF	1
CSVDDRDSYEQYF	1
CSVEEGTPRETQYF	1
CSVEIGSRLFYGYTF	1
CSVETAYQETQYF	1
CSVEFLRGSSYNEQFF	1
CSVESSLGDTQYF	1
CSVEPPSGRLYNEQFF	1
CSVEPSRTTYNEQFF	1
CSVERTSGKETQYF	1
CSVEHPKNIQYF	1
CSVEGWKGQGIANTGELFF	1
CSVEDFGTDPNYGYTF	1
CSVEDLSGRVFF	1
CSVEDQGRVADTQYF	1
CSVEDDRGVDGYTF	1
CSVEEGRGFRGYTF	1
CSVEETRTDTQYF	1
CSVERLRGLNEQFF	1
CSVERRNTEAFF	1
CSVIIVWDSANTGELFF	1
CSVPGPAGETQYF	1
CSVPPQGASDTQYF	1
CSVADSLNSYEQYF	1
CSVRQDLAKNIQYF	1
CSVPLSYNEQFF	1
CSVQTSYEQYF	1
CSVENTGELFF	1
CSVKAGQTNTGELFF	1
CSVFPGQGDTGELFF	1
CSVPDRPAQETQYF	1
CSAPKYTEAFF	1
CSAGQGANTGELFF	1
CSALDGTGELFF	1
CSAPTLGPPTDTQYF	1
CSAVIAGSPDEQYF	1
CSAGTSGRKSSYEQYF	1
CSATSDYPENTIYF	1
CSASGLTMWEQYF	1
CSATPGQGHYNEQFF	1
CSGYKNEKLFF	1
CSGGQETQYF	1
CSGGQGDGYTF	1
CSGTSGGGTDTQYF	1
CSGRLAADTQYF	1
CSTGGILQETQYF	1
RASSLEGEDHNEQFF	1
RASSLDAYNEQFF	1
RASSPGSWVGGELFF	1
RASSPSGMHQETQYF	1
RASSPLAGGVETQYF	1
RASSKTGQISYEQYF	1
CAIRSDFNQPQHF	2
CATSRGQAYEQYF	2
CATRGGGEQFF	2
CASFPLTGGRREGSREQYF	2
CASGTGGNEQFF	2
CASSFPAGAATDTQYF	2
CASSLFSSVSIGDEQFF	2
CASSLTSGSYNEQFF	2
CASSSSSGNYNEQFF	2
CASSPTGGAQYSYNEQFF	2
CASSFSYGYTF	2
CASSLQLSTLETQYF	2
CASSLAEPGYTDTQYF	2
CASSLAVTGDRTGELFF	2
CASSLGTGGKQYF	2
CASSLDRLHTDTQYF	2
CASSYSYEQYF	2
CASSPGTSGRASYNEQFF	2
CASSPRGSQGYTF	2
CASSQDTGELFF	2
CASSEGLAGVNIQYF	2
CASRSGGPGGYTF	2
CASKPRGLGGGRAAKNIQYF	2
CASSPTGDSYNEQFF	2
CASSFGRNYEQYF	2
CASSLARGASEQYF	2
CASSLGYSDTQYF	2
CASSLGLNTEAFF	2
CASSLEWNYEQYF	2
CASSLTYNEQFF	2
CASSWGTGGLQNQPQHF	2
CASSPRGGGRIENEQFF	2
CSARPLGAGDSDTQYF	2
CSANPEDYGYTF	2
CSVEGDGQETQYF	2
FFTGELFF	1
CATRMTGPSYGYTF	1
CAWALSGAGELFF	1
CAWSRENTEAFF	1
CAWSVPGLLHF	1
CAWSVRGAPIHF	1
CAWSAETQYF	1
CAWSGVPVVVDTQYF	1
CAWSSGLSAEQYF	1
CAWRALQQGRGVYEQYF	1
CAWRDTNTGELFF	1
CAWNRDNQPQHF	1
CAYRDTWNQETQYF	1
CAVREGGSYNSPLHF	1
CAVRDRVESYEQYF	1
CAARTSGGYEQYF	1
CAAQGRDQPQHF	1
CAARNRGQETQYF	1
CAGRQETTDTQYF	1
CAGTTGEPQHF	1
CAGGKGNRGRGYTF	1
CAIVQVFSPLHF	1
CAILDGSRYGYTF	1
CAIRQGQRPYEQYF	1
CAIAPGTAYEQYF	1
CAIGGLAGVTLTDTQYF	1
CAITDTYEQYF	1
CAITGRKNSPLHF	1
CAISSPGQGSYEQYF	1
CAISSGLAGGLGETQYF	1
CAISSGRAGATDTQYF	1
CAISSRTENYEQYF	1
CAISPNNQANYGYTF	1
CAISRGNRANTGELFF	1
CAISAEENTEAFF	1
CAISARGQGDHHEQYF	1
CAISARQDKNIQYF	1
CAISADIAKNIQYF	1
CAISGGTGKPSQQYF	1
CAISGDRNSPLHF	1
CAISGLAGTDTQYF	1
CAISGLAGDYTDTQYF	1
CAISGGTGTYEQYF	1
CAISGGETGQYF	1
CAISGDSTNQPQHF	1
CAISDFSKGVGNTEAFF	1
CAISDQGSYEQYF	1
CAISDVRDREQYF	1
CAISDEGPNNEQFF	1
CAISDSSGGTGELFF	1
CAISDHLPVRDRGYGYTF	1
CAISDGTSKKEQYF	1
CAISDERGLNGYTF	1
CAISDRGPDTGELFF	1
CAISESNEQFF	1
CAISESRRFRGYGYTF	1
CAISESGQSPQHF	1
CAISESAGGTDTQYF	1
CAISECSGTGCEQYF	1
CAISEWGPLNSKTGELFF	1
CAISEWTSRSTDTQYF	1
CAISEPGPSPGLGGSTDTQYF	1
CAISEPLTVRAVDTGELFF	1
CAISENSAAYEQYF	1
CAISEGGQETQYF	1
CAISEGSGMLYEQYF	1
CAISTGQGGNEQFF	1
CAISPVEKASGSTDTQYF	1
CAISPGQGKGINYEQYF	1
CAISATSGGTDTQYF	1
CAISAGVSTDTQYF	1
CAISGPGGHGREEYF	1
CAISGTHEQYF	1
CAISTGLAGGGNEQYF	1
CAIRPNLGGSLNEQFF	1
CAIRGQRKIYSNQPQHF	1
CAIRAQGADTQYF	1
CAIRGTGATIYEQYF	1
CAIREQGDQPQHF	1
CAIRTTRIDTGELFF	1
CAINPKGQGGTGELFF	1
CAINRQGTDDEQFF	1
CAIKVSGATEAFF	1
CAIKGPNTEAFF	1
CAIKAAPNSPLHF	1
CAIAGGYEQYF	1
CAIGQDNQPQHF	1
CAIKPGQLSSGNTIYF	1
CATHTGGAGNEQFF	1
CATERGAGVNEQFF	1
CATFRRLDWHRLPYEQYF	1
CATSRTARLGTQYF	1
CATSTYGYTF	1
CATPGLAVNTGELFF	1
CATRGERGEQYF	1
CATRDRSTDTQYF	1
CATADRGLAQYF	1
CATGQYDFGYTF	1
CATGGNTEAFF	1
CATGGHNEKLFF	1
CATGQGSSAGPQHF	1
CATTRWQGRTEAFF	1
CATSLRTGRDQETQYF	1
CATSVGLASQYF	1
CATSAGQGIVADTQYF	1
CATSAGGSNQPQHF	1
CATSDFLRDGDTQYF	1
CATSDFGALGETQYF	1
CATSDFGRVGEQFF	1
CATSDLQTDTQYF	1
CATSDLGPGQETQYF	1
CATSDSYEKLFF	1
CATSDSLPATLYF	1
CATSDSWRGDTQYF	1
CATSDSGINEKLFF	1
CATSDWDFQVWEETQYF	1
CATSDWDREDTGELFF	1
CATSDWTGGDQPQHF	1
CATSDLPASMERTDTQYF	1
CATSDPRAGKEPQHF	1
CATSDPGQVYTGELFF	1
CATSDPREVFGGELFF	1
CATSDPGQGSTDTQYF	1
CATSDPNQPQHF	1
CATSDGLAGGLEQYF	1
CATSDTDRKQETQYF	1
CATSDSPGQGDQPQHF	1
CATSDWTGSNEQFF	1
CATSDPGTGLEDDTQYF	1
CATSDRNVWPQHF	1
CATSDRGLAGGREQFF	1
CATSDNERAQHF	1
CATSEALAGANEQFF	1
CATSEGAVTGELFF	1
CATSESGTTRNSYGYTF	1
CATSPDRGRTDTQYF	1
CATSPRPTYNEQFF	1
CATSRGAESADTQYF	1
CATSTDSSSYNEQFF	1
CATSRRGGTDTQYF	1
CATSRVETVYEQYF	1
CATSRDPGGGYGYTF	1
CATSRDDRGLNEQYF	1
CATSRTNLEGPGELFF	1
CATSRTGGGTDTQYF	1
CATSKDGTSGYNEQFF	1
CATRPTGIADTQYF	1
CATRARGEDTQYF	1
CATKGLAGGPDTQYF	1
CATSGQGAYGYTF	1
CATTTDNTGELFF	1
CATRTGSYEQYF	1
CATHRWVSTDTQYF	1
CATVRRAGELFF	1
CATSGLSGNTIYF	1
CATRANGELFF	1
CASQLRDPYNEQFF	1
CASARGRMNTEAFF	1
CASTLRGELFF	1
CASTIGTGNYNEQFF	1
CASSSPRRGDLWNTEAFF	1
CASSPDRVMAQHF	1
CASSAGQGRGGNQPQHF	1
CASSIRLAGGPGEQFF	1
CASSIPQFGTAVGGYTF	1
CASRGRGRNEQFF	1
CASRNTGELFF	1
CASKLPGDHTEAFF	1
CASSRGSYEQYF	1
CASSPQTTTVPYGYTF	1
CASSPRGRDSNQPQHF	1
CASSPGGGSTDTQYF	1
CASSRLGGVNTEAFF	1
CASSGPGFYEQYF	1
CASSDDTPNTEAFF	1
CASSENYGYTF	1
CASSLPSNGYTF	1
CASSLQGSTEAFF	1
CASSPATGVGNQPQHF	1
CASSPPRTGVNQPQHF	1
CASSPQGRYEQYF	1
CASCSLEELFF	1
CASCQNSYSPLHF	1
CASYRDAYNSPLHF	1
CASLPSGGTEAFF	1
CASLAGGSTDTQYF	1
CASLGVGGNTEAFF	1
CASRGLAVIDTQYF	1
CASRLGAAYGYTF	1
CASRPGGPLTFF	1
CASRGESDTGELFF	1
CASRRGFADTQYF	1
CASRESRDSLTDTQYF	1
CASQRQGMNYGYTF	1
CASVAVASYEQYF	1
CASVLEGTEAFF	1
CASVAENVDTQYF	1
CASVTWLGGQFF	1
CASARDSNTGELFF	1
CASAGRTNTEAFF	1
CASADRGRGDTQYF	1
CASALAGEETQYF	1
CASGLGQKNQPQHF	1
CASGIAGPNEQFF	1
CASGGPRGSGSPLHF	1
CASGTGQSQPQHF	1
CASGRIEGQKPF	1
CASGARGAGELFF	1
CASGGHPQYF	1
CASGTSGRYKDEQFF	1
CASGLAGGHSYEQYF	1
CASGGGGTGELFF	1
CASGTGKSPQETQYF	1
CASDTGQNEAFF	1
CASEAGLNTEAFF	1
CASEAEHTDTQYF	1
CASEIAVFLYNEQFF	1
CASELEQGRSEQYF	1
CASIKGPYRLWTTNEKLFF	1
CASISPDSSYEQYF	1
CASIPRVSSGIGELFF	1
CASIRRLGNSNQPQHF	1
CASIGTGLLGAFF	1
CASINPGVMEKLFF	1
CASIKRGHRDEQYF	1
CASMARGPSTDTQYF	1
CASMGGISTDTQYF	1
CASMRINSPLHF	1
CASILGGVRRETQYF	1
CASISDKSYEQYF	1
CASITSVGDVQYF	1
CASTRGQGYTDTQYF	1
CASTRTGKNSGEQYF	1
CASTQLAGGPFEQFF	1
CASTFTGTGQETQYF	1
CASTLSSDRETQYF	1
CASTLGRPTTGELFF	1
CASTSRRGSDTQYF	1
CASTSGRVNYGYTF	1
CASTSNAGETQYF	1
CASTYYRGYNEQFF	1
CASTYRDVGQYGYTF	1
CASTLGGDYPYEQYF	1
CASTLGTTDTQYF	1
CASTLGDRPRGEAFF	1
CASTLDRVIYGYTF	1
CASTLTSGRATDTQYF	1
CASTPPGPYGNTIYF	1
CASTPRAGPLHF	1
CASTPGQSYGYTF	1
CASTPGGGASQPQHF	1
CASTPTGSYYGYTF	1
CASTPTGNTEAFF	1
CASTPRVTDTQYF	1
CASTRQNGQPQHF	1
CASTHGTGITGNTIYF	1
CASTQEGRSNSPLHF	1
CASTQQATNEKLFF	1
CASTQGLAGPDAGELFF	1
CASTQTYSVVEEETQYF	1
CASTVVQSEQYF	1
CASTVGQVYTEAFF	1
CASTTGTGATNEKLFF	1
CASTTGTSRSPLHF	1
CASTTGITENQPQHF	1
CASTRGRSNQPQHF	1
CASTNGTRKNIQYF	1
CASTRGIRVYGYTF	1
CASTRPTSEIPLIISTDTQYF	1
CASTKEASGNQPQHF	1
CASSFLRGLLNTEAFF	1
CASSFSPDNYGYTF	1
CASSFSAEANTGELFF	1
CASSFWGTVNEKLFF	1
CASSFLPNSGGQNTGELFF	1
CASSFRDTAGELFF	1
CASSFAGANTGELFF	1
CASSFGPEEKLFF	1
CASSFGPGGRDYGYTF	1
CASSFDRGLDGYTF	1
CASSFSGGTNLETQYF	1
CASSFRQKDGYTF	1
CASSFSIRGRSYGYTF	1
CASSFSRTGLTDTQYF	1
CASSFSPTLAGDATDTQYF	1
CASSFLSSTDTQYF	1
CASSFPNRDSYEQYF	1
CASSFPGPKSGYGYTF	1
CASSFRTGGSDTQYF	1
CASSFGGQGADTQYF	1
CASSFGREAPYEQYF	1
CASSFGRSNQPQHF	1
CASSFGTSSTDTQYF	1
CASSFGTDRGYTF	1
CASSFGSEQFF	1
CASSFDWSSYNEQFF	1
CASSFDPNEKLFF	1
CASSFEARDRGHYGYTF	1
CASSFEGIQETQYF	1
CASSFSSNIQYF	1
CASSFSPNTEAFF	1
CASSLSQGLGYTF	1
CASSLVGGKNTIYF	1
CASSLADSNQPQHF	1
CASSLGEKLFF	1
CASSLGGFSPLHF	1
CASSLGGTGIERIYEQYF	1
CASSLGAGNTIYF	1
CASSLGASYEQYF	1
CASSLGGAQVETQYF	1
CASSLGTDTQYF	1
CASSLGQGGYTF	1
CASSLTGLYFSGNTIYF	1
CASSLTIHTGELFF	1
CASSLFGGHNEQFF	1
CASSLFLGPNTEAFF	1
CASSLLWPHYNEQFF	1
CASSLLSLGQGNSPLHF	1
CASSLLRRTFHF	1
CASSLSLNTEAFF	1
CASSLSQGLNTEAFF	1
CASSLSAGKRTPLHF	1
CASSLSLHAREQYF	1
CASSLSGFQPQHF	1
CASSLSAGSYNEQFF	1
CASSLSGGNTIYF	1
CASSLSDRGLRNIQYF	1
CASSLSIGGRGELFF	1
CASSLSNSQNTEAFF	1
CASSLSAGEADTQYF	1
CASSLWGCNQPQHF	1
CASSLYHSNQPQHF	1
CASSLLGTQSYEQYF	1
CASSLLRGQGGYTF	1
CASSLPQGREPQHF	1
CASSLRPGVMNTEAFF	1
CASSLRLAVTSNTGELFF	1
CASSLRGAREKLFF	1
CASSLRGDGYTF	1
CASSLRGHYNSPLHF	1
CASSLHTGVGAYEQYF	1
CASSLHRAVKVAGTEAFF	1
CASSLQGALSGYTF	1
CASSLQGSEETQYF	1
CASSLQGNQPQHF	1
CASSLVHDFYEQYF	1
CASSLVDAEAFF	1
CASSLAWRGGAYNEQFF	1
CASSLALLEDTEAFF	1
CASSLALTENSNQPQHF	1
CASSLAGQPQHF	1
CASSLAGEKGYTF	1
CASSLAEGVRHEKLFF	1
CASSLGVHTDTQYF	1
CASSLGRGLDSPLHF	1
CASSLGLQVSSTF	1
CASSLGSGIQLGEQYF	1
CASSLGGTQYF	1
CASSLGGILANEKLFF	1
CASSLGTANSPLHF	1
CASSLGTVPPLHF	1
CASSLGTGELFF	1
CASSLGQSSGNTIYF	1
CASSLGQLYGYTF	1
CASSLGSYRAWANQPQHF	1
CASSLDRGQPQHF	1
CASSLEGFEGDTQYF	1
CASSLEDRGDEKLFF	1
CASSLIAANNEQYF	1
CASSLIFGGGISSYNEQFF	1
CASSLIQGSPNQPQHF	1
CASSLISYGYTF	1
CASSLMGLAAGQTQYF	1
CASSLTRVQPQHF	1
CASSLTDLAGGGSNEQFF	1
CASSLTEMNTEAFF	1
CASSLSGQVYGYTF	1
CASSLRGPNTEAFF	1
CASSLRGLNTEAFF	1
CASSLRDGRSYEQYF	1
CASSLNPGSLRVAGYEKLFF	1
CASSLKTTGITEQFF	1
CASSSSGGWQPQHF	1
CASSSPGTGGNQPQHF	1
CASSSRQAYTGELFF	1
CASSSQGYYGYTF	1
CASSSAGTGYYEQYF	1
CASSSGTGKLTYEQYF	1
CASSSETDTQYF	1
CASSSTRGTRPSEAFF	1
CASSSSRQGAGELFF	1
CASSSSGRLNTEAFF	1
CASSSLYRSTNEKLFF	1
CASSSPVSNTEAFF	1
CASSSPQKQYF	1
CASSSPGGNQPQHF	1
CASSSRDPGSNQPQHF	1
CASSSAGRGGQETQYF	1
CASSSGIAGETQYF	1
CASSSGVSNQPQHF	1
CASSSDRGLIDTQYF	1
CASSSETQYF	1
CASSSESGRPLNQPQHF	1
CASSSERGDTQYF	1
CASSSEGGPLNIQYF	1
CASSSMGLAYEQYF	1
CASSSTSGSMYEQYF	1
CASSSTPTGRPNEKLFF	1
CASSSTRFYEQYF	1
CASSSRGRSSYEQYF	1
CASSSNTGLAYEQYF	1
CASSSKGQGDRNTIYF	1
CASSSLQGTYEQYF	1
CASSSARSRYNSPLHF	1
CASSSGPRRYGYTF	1
CASSSDQPQHF	1
CASSSDGKSNQPQHF	1
CASSSDRPANHEQYF	1
CASSSTSGGTGELFF	1
CASSSQGTDTQYF	1
CASSSGLETQYF	1
CASSSGADYNEQFF	1
CASSSTNNEQFF	1
CASSSTGLPQHF	1
CASSWYTEYGYTF	1
CASSWVAGTSDTQYF	1
CASSWAVAGSFYGYTF	1
CASSWGVDQPQHF	1
CASSWTGGIPDTQYF	1
CASSWSVSSYEQYF	1
CASSYSGQGVEGYTF	1
CASSYSRSYNEQFF	1
CASSYSDRAYNEQFF	1
CASSYGTAYNEQFF	1
CASSYRQREGYEQYF	1
CASSYREEQFF	1
CASSYNPGDSYEQYF	1
CASSYSGQGLYF	1
CASSYSGDQPQHF	1
CASSYSLPTGRSNQPQHF	1
CASSYSYANNEQFF	1
CASSYSQGMNTEAFF	1
CASSYSGAGHSGNTIYF	1
CASSYSGQGTEAFF	1
CASSYSIGQGALLKYF	1
CASSYSMVLILDEQFF	1
CASSYSMNRGLSEAFF	1
CASSYSTGQDLGETQYF	1
CASSYSNQPQHF	1
CASSYSKATSVTGELFF	1
CASSYSVGQGGSQPQHF	1
CASSYSEAGELFF	1
CASSYSRGFSTQETQYF	1
CASSYYHGGSSYNEQFF	1
CASSYPPPGDGYTF	1
CASSYPPRRLTGELFF	1
CASSYPTGSYGYTF	1
CASSYRDRLYGYTF	1
CASSYRTGQETQYF	1
CASSYRNTDTQYF	1
CASSYRQGAGDEQFF	1
CASSYHGGPARGTEAFF	1
CASSYVGGNSGELFF	1
CASSYVGLASTGELFF	1
CASSYAFGARRGDTQYF	1
CASSYGGDSYEQYF	1
CASSYDLTGGGNTIYF	1
CASSYDSGTGELFF	1
CASSYDRGYEQYF	1
CASSYEGQGIHEQYF	1
CASSYTGRYSPLHF	1
CASSYSDGSSYEQYF	1
CASSYRPENTEAFF	1
CASSYRGQKLFF	1
CASSYRGETQYF	1
CASSYRQGLNEQFF	1
CASSLRGPNEQFF	1
CASSLSDTQYF	1
CASSLLRDSPLHF	1
CASSLRPRDTQYF	1
CASSLRRELFF	1
CASSLVGTGRPGELFF	1
CASSLASGVGTDTQYF	1
CASSLGRSGGAGQPQHF	1
CASSLGTAGLMNTEAFF	1
CASSLTPNQPQHF	1
CASSLRGGSGELFF	1
CASSLDSLNYGYTF	1
CASSLKPGQEGLGNQPQHF	1
CASSLWALWGYTF	1
CASSLVAPRGYTF	1
CASSLAEQETQYF	1
CASSLTSWGYTF	1
CASSPWGSLYTF	1
CASSPWETGLYGYTF	1
CASSPPGLSDSPLHF	1
CASSPDRGRQPQHF	1
CASSPRTSTDTQYF	1
CASSPSKTGLYGYTF	1
CASSPLRQFLAEAFF	1
CASSPPYAGGRSQAFF	1
CASSPPTGEGNQPQHF	1
CASSPRVASYEQYF	1
CASSPRVALNTEAFF	1
CASSPHYSNQPQHF	1
CASSPGPQPGNTIYF	1
CASSPGQGNWGNEKLFF	1
CASSPDRGHTGELFF	1
CASSPTSWRARNKGAHNEQFF	1
CASSPTGELFF	1
CASSPTGRVYEQYF	1
CASSPTTDTQYF	1
CASSPRLAGGFYNEQFF	1
CASSPEGTRWADEQFF	1
CASSPSYEQYF	1
CASSPSVTFQYF	1
CASSPRTGELGNTIYF	1
CASSPGGGYGYTF	1
CASSPDPADQLLHF	1
CASSRHGGEAFF	1
CASSRKTSGKETQYF	1
CASSRTRTSGSRTDTQYF	1
CASSHRDRANTEAFF	1
CASSHGTSGRTYEQYF	1
CASSHTGTSGTSGELFF	1
CASSQMGTNTIYF	1
CASSVLTGTHLDEQYF	1
CASSVTSGRTGGELFF	1
CASSVRTGVADTQYF	1
CASSVGDRWGSGYTF	1
CASSVGLDYAEAFF	1
CASSVGQGYGYTF	1
CASSVTRGGHGYTF	1
CASSARQVPTPQHF	1
CASSASYNSPLHF	1
CASSASPGTGEGYTF	1
CASSAQLNTEAFF	1
CASSAAVNTEAFF	1
CASSAWWGEGNQPQHF	1
CASSARENYGYTF	1
CASSAVNTYEQYF	1
CASSAGDRGSNQPQHF	1
CASSARQGRVKNIQYF	1
CASSARGLGTGELFF	1
CASSGRSNEQFF	1
CASSGRAGELFF	1
CASSGGNQYF	1
CASSGTAASGLNEQFF	1
CASSGLAGVRTGELFF	1
CASSGGRVSQPQHF	1
CASSDFLGRVGSSNQPQHF	1
CASSDFPGPLSGNTIYF	1
CASSDSRNTGELFF	1
CASSDGGSSYNSPLHF	1
CASSDDVEQFF	1
CASSDNTYTGELFF	1
CASSDSQDRATEYSNQPQHF	1
CASSDSNGDTDTQYF	1
CASSDSNTGELFF	1
CASSDRDRGPNSPLHF	1
CASSDGSNQPQHF	1
CASSDRGNTEAFF	1
CASSESGVREKLFF	1
CASSERGPSSSYEQYF	1
CASSEQGGRQPQHF	1
CASSEGGNEKLFF	1
CASSEGQGAPGYTF	1
CASSETSGSPDTQYF	1
CASSETFSVGGEGYTF	1
CASSETGSGNTIYF	1
CASSEFEQFF	1
CASSEFRQVNSPLHF	1
CASSEYFTGNTGELFF	1
CASSELTRTGTTGELFF	1
CASSELGVSGYTF	1
CASSERSSSNQPQHF	1
CASSEQGTSYEQYF	1
CASSEQPPEGRPQHF	1
CASSEVVNPYEQYF	1
CASSEAWLNYGYTF	1
CASSEAEGIAEAFF	1
CASSEAMGLYGYTF	1
CASSEAEDSRSDTQYF	1
CASSEGSARLNEQFF	1
CASSEGGKGSSGNTIYF	1
CASSEGAGRFDTIYF	1
CASSEDQGVSGDEQFF	1
CASSEDSGNTGELFF	1
CASSEESGAYNEQFF	1
CASSEEVGYTF	1
CASSEESGTGGNEQFF	1
CASSEESGSSYEQYF	1
CASSEIQFGNQPQHF	1
CASSETAGTNYGYTF	1
CASSESASGSGTGELFF	1
CASSENTGSSNQPQHF	1
CASSENRGISYEQYF	1
CASSMSTDTQYF	1
CASSIQSSGELFF	1
CASSIAGTGNEQYF	1
CASSIIGDEQYF	1
CASSTARGAGAEAFF	1
CASSTSGNPYEQYF	1
CASSTRTGAYGYTF	1
CASSTGMNTEAFF	1
CASSTTDTQYF	1
CASSTQENQPQHF	1
CASSTGAGETDTQYF	1
CASSSYTEAFF	1
CASSSDRTEAFF	1
CASSSNREESGSPLHF	1
CASSRDSSYEQYF	1
CASSRSDVAGPNEKLFF	1
CASSNRGIFSYTF	1
CASSKDSLEKLFF	1
CASSKSTGNQYQPQHF	1
CASSFFETASNQPQHF	1
CASSFLRGTDTQYF	1
CASSFSEKGSPGNSYTEAFF	1
CASSFWANRAETQYF	1
CASSFWGPTTADTQYF	1
CASSFLAQGANPYGYTF	1
CASSFPAGAQYF	1
CASSFGSGTGYTF	1
CASSFGMNTEAFF	1
CASSFKGSSYEQYF	1
CASSFSQGNYGYTF	1
CASSFWTGNTEAFF	1
CASSFLRLAKNIQYF	1
CASSFPATSYEQYF	1
CASSFPRVAGDTQYF	1
CASSFPLAGGREQYF	1
CASSFRQRGYTF	1
CASSFQPVQEQYF	1
CASSFGSQETQYF	1
CASSFGTSGSSYNEQFF	1
CASSFGTGIGQPQHF	1
CASSFGTGEKPQHF	1
CASSFDESYNEQFF	1
CASSFMTSGSTGELFF	1
CASSFTRITDTQYF	1
CASSFNLQVHQPQHF	1
CASSLFASSYTGELFF	1
CASSLLGLVETQYF	1
CASSLSTGGGYTF	1
CASSLSFRTTLSLYGYTF	1
CASSLWWGPSSYEQYF	1
CASSLYESSYEQYF	1
CASSLPGSISYEQYF	1
CASSLRPRGGIQYF	1
CASSLRRLAGETQYF	1
CASSLRPHSTNEKLFF	1
CASSLVGYSNQPQHF	1
CASSLVSGGNKNIQYF	1
CASSLVGVGNQPQHF	1
CASSLVDGDDSYEQYF	1
CASSLAGTGGAELFF	1
CASSLAGSFITDTQYF	1
CASSLAGRRGGELFF	1
CASSLAEAGSTDTQYF	1
CASSLGLGSRSEKLFF	1
CASSLGWIDEQFF	1
CASSLGASTYEQYF	1
CASSLGHMGGTQYF	1
CASSLGVDTQYF	1
CASSLGVGNNEQYF	1
CASSLGTGLRTNEKLFF	1
CASSLGTGIQPQHF	1
CASSLGRSTDTQYF	1
CASSLGQGDQPQHF	1
CASSLDGGVEGNTEAFF	1
CASSLDRGPGELFF	1
CASSLELGYTF	1
CASSLEGAGNQPQHF	1
CASSLEGSTEAFF	1
CASSLEGPEEQFF	1
CASSLTVSNSPLHF	1
CASSLSVGGSTGELFF	1
CASSLRGYSQPQHF	1
CASSLRGGGTEAFF	1
CASSLRGLASLTGELFF	1
CASSLRRGGTEAFF	1
CASSLRVRGDFTDTQYF	1
CASSLRGVNSPLHF	1
CASSLNSGELFF	1
CASSLNDYEQYF	1
CASSLKTGGYNSPLHF	1
CASSLFHRTNNEQFF	1
CASSLFFGVDTDTQYF	1
CASSLFVLAGRGSGELFF	1
CASSLLGATNEKLFF	1
CASSLSSGSSNQPQHF	1
CASSLSSGGEHTQYF	1
CASSLSWGAEETQYF	1
CASSLSVGTGELFF	1
CASSLSGQGARNQPQHF	1
CASSLSRGSEQYF	1
CASSLSYGGELFF	1
CASSLWEGQEETQYF	1
CASSLYFGYGYTF	1
CASSLRGTIQETQYF	1
CASSLRSGDRGNQPQHF	1
CASSLHSRTGRSKETQYF	1
CASSLQQAPGELFF	1
CASSLVLTDTQYF	1
CASSLVPGGQLNTEAFF	1
CASSLVVRLAGTDTQYF	1
CASSLVASSSPLHF	1
CASSLVIGGELFF	1
CASSLVSIHEQYF	1
CASSLVQGGNSPLHF	1
CASSLVTGRAGQGYGYTF	1
CASSLVRGLDEQYF	1
CASSLVSNQPQHF	1
CASSLVRNTGELFF	1
CASSLVVGVGSPLHF	1
CASSLVGTSGDRDTQYF	1
CASSLVGDRNSPLHF	1
CASSLVEDTQYF	1
CASSLVPRGRASPLHF	1
CASSLVGGTGELFF	1
CASSLASHGELFF	1
CASSLASGSDTDTQYF	1
CASSLASGYTYEQYF	1
CASSLAPREGAGNTIYF	1
CASSLAGFEKLFF	1
CASSLAGSLEAFF	1
CASSLAGTGANEKLFF	1
CASSLAEGSTGYF	1
CASSLATGADTQYF	1
CASSLATGKAFF	1
CASSLALAGGDTQYF	1
CASSLAEQGGNQPQHF	1
CASSLGGTGGQGELFF	1
CASSLGGNEETQYF	1
CASSLGTPRGEKLFF	1
CASSLGSVSYEQYF	1
CASSLGFGRGYGYTF	1
CASSLGGDTEAFF	1
CASSLGGNTDTQYF	1
CASSLGFGAGGDTQYF	1
CASSLGSFNSPLHF	1
CASSLGSPTDTQYF	1
CASSLGSGQSSYNSPLHF	1
CASSLGQGQGYTF	1
CASSLGGENTEAFF	1
CASSLGGAYSNQPQHF	1
CASSLGGNADTQYF	1
CASSLGGSGELFF	1
CASSLGTGNTGELFF	1
CASSLGTGLAGASYEQYF	1
CASSLGSGRNTEAFF	1
CASSLGLMNTEAFF	1
CASSLGLAASLSTDTQYF	1
CASSLGLAANTGELFF	1
CASSLGQRGTEAFF	1
CASSLGQGSLNQETQYF	1
CASSLGQTNQPQHF	1
CASSLGDWDNEKLFF	1
CASSLGETQYF	1
CASSLGNEQFF	1
CASSLDSGTDYGYTF	1
CASSLDLASHGYTF	1
CASSLDQGTLYEQYF	1
CASSLDAVTGELFF	1
CASSLDGGEQYF	1
CASSLDGDGGYTF	1
CASSLDGKHTDTQYF	1
CASSLDSRNTEAFF	1
CASSLEFRAFQGAWNTEAFF	1
CASSLELGTGKYQETQYF	1
CASSLEWGTEAFF	1
CASSLEAGQPYGYTF	1
CASSLEGSNEKLFF	1
CASSLEEGRGADTQYF	1
CASSLENQPQHF	1
CASSLELNTEAFF	1
CASSLESSGNTIYF	1
CASSLESGGLDGYTF	1
CASSLIQGVPDTQYF	1
CASSLIGQANGYTF	1
CASSLIGRDTGELFF	1
CASSLMSPPETGELFF	1
CASSLMGPANYGYTF	1
CASSLTGLDTIYF	1
CASSLRRITGELFF	1
CASSLRAGGGETQYF	1
CASSLNSPDTQYF	1
CASSLNGVLEKLFF	1
CASSLNSHGVVVDTQYF	1
CASSLKKGTGKSPLHF	1
CASSSSLTADTYNEQFF	1
CASSSSGGGGELFF	1
CASSSAPAEGPVPF	1
CASSSGRGGQETQYF	1
CASSSDGGNQPQHF	1
CASSSTRGVGEQYF	1
CASSSTGGNPLNTEAFF	1
CASSSRERGDYGYTF	1
CASSSRTGNQPQHF	1
CASSSKRESYEQYF	1
CASSSKDIGFGQPQHF	1
CASSSSQAHYGYTF	1
CASSSLGGTGSYGYTF	1
CASSSLLALGTLHGYTF	1
CASSSLGDVRAKNIQYF	1
CASSSPRGGRETQYF	1
CASSSPQWTSGNTDTQYF	1
CASSSPVRDTQYF	1
CASSSPDRGRGGYTF	1
CASSSPGQGLSSPLHF	1
CASSSRVGLREETQYF	1
CASSSRDRRSNQPQHF	1
CASSSRQARFYNEQFF	1
CASSSQAGTGGSGYTF	1
CASSSQGQGTYEQYF	1
CASSSQNYRDRVLGYTF	1
CASSSQVRGQGTYEQYF	1
CASSSAGTSGYNEQFF	1
CASSSASRRGEAFF	1
CASSSGGNQPQHF	1
CASSSGDRSGNTIYF	1
CASSSGTLGINEQFF	1
CASSSDLIGGSNSPLHF	1
CASSSDPNSNQPQHF	1
CASSSDVWREMFF	1
CASSSEWGGETQYF	1
CASSSTSTGMNTEAFF	1
CASSSTGANQPQHF	1
CASSSYLRDTGELFF	1
CASSSRTGHGEKLFF	1
CASSSQGDLDTIYF	1
CASSSGLVSTDTQYF	1
CASSSGQGVDSPLHF	1
CASSSGQDSFTDTQYF	1
CASSSDRAPRPQHF	1
CASSSDSDKAFF	1
CASSSDRANTEAFF	1
CASSSEGYEQYF	1
CASSSTGDPSGNTIYF	1
CASSSTGSRVSGNTIYF	1
CASSSRQAPEKLFF	1
CASSSNRVSGELFF	1
CASSSQGASGNTIYF	1
CASSSQGASTEAFF	1
CASSSVTEAGSPLHF	1
CASSSGATPNEKLFF	1
CASSSGQYGYTF	1
CASSSNVGVYTF	1
CASSCPKRENTDTQYF	1
CASSWLAGEQYF	1
CASSWAPGQPQHF	1
CASSWGPLAGRPTDTQYF	1
CASSWGATPSETEAFF	1
CASSWGQGGSPLHF	1
CASSWDGDTKNIQYF	1
CASSWTGLKFF	1
CASSWTENYGYTF	1
CASSYWTGATNTGELFF	1
CASSYYVTGEAFF	1
CASSYGTSGSTDTQYF	1
CASSYYNEQFF	1
CASSYHGNTNTEAFF	1
CASSYSLAGGRSNQPQHF	1
CASSYSALAKNIQYF	1
CASSLRGGTNEKLFF	1
CASSLRTGENEKLFF	1
CASSLNSFNQPQHF	1
CASSLYKGQGRMNTEAFF	1
CASSLPTGGSSYEQYF	1
CASSLPLSGRYEQYF	1
CASSLGTVNEKLFF	1
CASSLTGFEQYF	1
CASSLTDTQYF	1
CASSLPGPTGNTGELFF	1
CASSLGLGNYEQYF	1
CASSLGQGWGTEAFF	1
CASSLGQTVYGYTF	1
CASSLTGTQPQHF	1
CASSLPEGRDEAFF	1
CASSLADPTDTQYF	1
CASSLGGTEAFF	1
CASSLGTDNQPQHF	1
CASSLMLGQEKLFF	1
CASSPWPLGQGPYGYTF	1
CASSPWTGGGYTF	1
CASSPLLSGNYGYTF	1
CASSPPGTGVNTEAFF	1
CASSPISGSSYNEQFF	1
CASSPTGLYTEAFF	1
CASSPTGGNSPLHF	1
CASSPFMGQKNTEAFF	1
CASSPLDRGGGYGYTF	1
CASSPLTGELFF	1
CASSPLGAGEETQYF	1
CASSPPGQVGQPQHF	1
CASSPPTTGEDGYGYTF	1
CASSPPSGVNTGELFF	1
CASSPRTLNQPQHF	1
CASSPQQGVGEKLFF	1
CASSPVKGAYTGELFF	1
CASSPAQSYEQYF	1
CASSPAGGIRYTGELFF	1
CASSPGLIRDQPQHF	1
CASSPGPDRGLWGATNEKLFF	1
CASSPGTSTNEQFF	1
CASSPGTAILNTEAFF	1
CASSPGTALGYGYTF	1
CASSPGTGQFQPQHF	1
CASSPGLAGSYEQYF	1
CASSPGQGARLYGYTF	1
CASSPGRGGRETQYF	1
CASSPDRFPRDGNTIYF	1
CASSPDRGPDAEAFF	1
CASSPTTSGGNNEQFF	1
CASSPRRFGTDTQYF	1
CASSPRTGRVNQPQHF	1
CASSPPGGDQPQHF	1
CASSPGATGNTIYF	1
CASSPGQGLEKLFF	1
CASSPGAGTDTQYF	1
CASSPDIWEYF	1
CASSPDRGAEAFF	1
CASSPIRSTDTQYF	1
CASSPMTSGNTGELFF	1
CASSPILSANYGYTF	1
CASSPNKNTGELFF	1
CASSPYRRDLYGYTF	1
CASSPRYSEQFF	1
CASSPAAGANSPLHF	1
CASSPGWGGTDTQYF	1
CASSPGGPQETQYF	1
CASSPGGGTEAFF	1
CASSPGWLGAGKGNNEQFF	1
CASSPGQGEYNSPLHF	1
CASSPRSGLYGYTF	1
CASSPNRGPGQPQHF	1
CASSPKGGRTTDTQYF	1
CASSRRGSQETQYF	1
CASSRPSGAAETQYF	1
CASSRPGQGTYGYTF	1
CASSRGRPTNTGELFF	1
CASSRRGQSTEAFF	1
CASSRLEDSPLHF	1
CASSRGPLGGANVLTF	1
CASSRGRAQETQYF	1
CASSRGQLNSPLHF	1
CASSRDYGYTF	1
CASSRDRGRDNQPQHF	1
CASSRDREAFF	1
CASSRTSGPYNEQFF	1
CASSRTGEFQYF	1
CASSRTGLVKDGYTF	1
CASSRNYGTASTDTQYF	1
CASSRSAGGFVGYTF	1
CASSRQGRVTGELFF	1
CASSRAKGRPVSNQPQHF	1
CASSRDASPQYF	1
CASSRRTEAYGYTF	1
CASSRRTVLGWNTGELFF	1
CASSHRLARRETQYF	1
CASSHDYEQYF	1
CASSHMTGATYEQYF	1
CASSHTGDGREETQYF	1
CASSHTAEENYEQYF	1
CASSHTSNRGAKTQYF	1
CASSHLGAGPSTDTQYF	1
CASSHRNDRARGNQPQHF	1
CASSHMRVTNTGELFF	1
CASSQLEGRNYGYTF	1
CASSQGGGGRDYGYTF	1
CASSQGQGTGNTIYF	1
CASSQGQGIIETQYF	1
CASSQDDQPQHF	1
CASSQELAGGEETQYF	1
CASSQSLAGSVHEQFF	1
CASSQSRGMFNYGYTF	1
CASSQSSGTDQPQHF	1
CASSQRQSNSPLHF	1
CASSQRGGGANTEAFF	1
CASSQHYRDRVKGYSGNTIYF	1
CASSQQGTGELFF	1
CASSQVLGGGTEAFF	1
CASSQVRGNTIYF	1
CASSQVTGRNEQFF	1
CASSQVPQPEVDEQYF	1
CASSQVGGSGGGYTF	1
CASSQVSASGRNRYYEQYF	1
CASSQAAGGAYEQYF	1
CASSQAPKLSYEQYF	1
CASSQGPGANEKLFF	1
CASSQGIWTRPGNQPQHF	1
CASSQGSGMNTEAFF	1
CASSQDLGPVAFF	1
CASSQDSGRGRPQHF	1
CASSQDWLAGNMRTDTQYF	1
CASSQDLSGAGRAFF	1
CASSQDRGTGELFF	1
CASSQDATSGVSEQYF	1
CASSQDEYEQYF	1
CASSQDNGGLAGEYEQFF	1
CASSQEVGERMAFF	1
CASSQEGAYGYTF	1
CASSQMAYNEQFF	1
CASSQTDSYEQYF	1
CASSVSWGYQETQYF	1
CASSVAGGSYNEQFF	1
CASSVTTGYEQFF	1
CASSVGQGYYGYTF	1
CASSVGVTNTGELFF	1
CASSVGAFGELFF	1
CASSVTSGGSTSSYEQYF	1
CASSVSWGRAEAFF	1
CASSVLAGTRDEQYF	1
CASSVYRTQGEQFF	1
CASSVVGTSGETQYF	1
CASSVVIGGNEQFF	1
CASSVAEPGRVKNNEQFF	1
CASSVAPGGYGYTF	1
CASSVGSGGSYEQYF	1
CASSVGGYGYGYTF	1
CASSVGVRGIDEQYF	1
CASSVDASPYEQYF	1
CASSVDGGSTDTQYF	1
CASSVESPAGELFF	1
CASSVMTSRETQYF	1
CASSVTGGARGFYGYTF	1
CASSVNQGAGGKETQYF	1
CASSAIGRYGPDTQYF	1
CASSAMRGTEAFF	1
CASSARRHLAGGNSGGETQYF	1
CASSAVVNEQFF	1
CASSAAREYNEQFF	1
CASSATSGDTQYF	1
CASSAGRAVGNYEQYF	1
CASSAGQGLGTEAFF	1
CASSAIGGVNQPQHF	1
CASSATGRLGWDSPLHF	1
CASSATGIGELFF	1
CASSATDSYEQYF	1
CASSAKPGANTGELFF	1
CASSGDRGYGYTF	1
CASSGPPGLNQPQHF	1
CASSGVEQFF	1
CASSGGSNEKLFF	1
CASSGTGGQPQHF	1
CASSGQRNQPQHF	1
CASSGGSYNEQFF	1
CASSGGVDSYNSPLHF	1
CASSDRDSSYNEQFF	1
CASSDRDRGKYF	1
CASSEQDYEQYF	1
CASSETANYGYTF	1
CASSENPRRAFSPLHF	1
CASSEGAYQPQHF	1
CASSIRGTGDNEQFF	1
CASSILNTGELFF	1
CASSMTGGGEKLFF	1
CASSIRQGGAYNEQFF	1
CASSTSGRFTDTQYF	1
CASSTRDNSYNEQFF	1
CASSTVGQASSYNSPLHF	1
CASSTGTPSYEQYF	1
CASSTIRVNTEAFF	1
CASSTPDRFEYGYTF	1
CASSTGSASQPQHF	1
CASSTGQGGGKNTEAFF	1
CASSSPRDRVRKNSPLHF	1
CASSSPKLAGYNEQFF	1
CASSSRDGSYEQYF	1
CASSSGVVSEQFF	1
CASSRSAVGEKLFF	1
CASSRGWGQSSSYEQYF	1
CASSRDTGKPQHF	1
CASSNHSRVGAYEQYF	1
CASSKTGAYNSPLHF	1
CASSKQVNTEAFF	1
CASSKAAFNEQFF	1
CASSKGGADTQYF	1
CASSKTGGTDTQYF	1
CASSKRIGFTYEQYF	1
CASRLDSHNEQFF	1
CASRSLRGVGPKNYGYTF	1
CASRSLGFAGSPLHF	1
CASRSRDREKLFF	1
CASRLLSGNTIYF	1
CASRLGQPDQPQHF	1
CASRPRTGSSGNTIYF	1
CASRPQVRSYNEQFF	1
CASRRPTGELFF	1
CASRRNTVTYEQYF	1
CASRQSGQGNEKLFF	1
CASRQVWDTQYF	1
CASRQGQLNEKLFF	1
CASRVGTSDEFF	1
CASRVGTGELFF	1
CASRGLRYEQYF	1
CASRGDRYNSPLHF	1
CASRGEGYEQYF	1
CASRGTTNTGELFF	1
CASRGQGSTEAFF	1
CASRGDRYNEQFF	1
CASRDGSGTGVDQPQHF	1
CASRDGDEQYF	1
CASRDGTYYEQYF	1
CASREQGLSGNTIYF	1
CASREAYEQYF	1
CASRETTGGVEEKLFF	1
CASRIRGTAGELFF	1
CASRTSGGPYNEQFF	1
CASRTSLYEQYF	1
CASRTGQGETYEQYF	1
CASRRDSGEAFF	1
CASRRTGATEAFF	1
CASRRLAGNYEQYF	1
CASRKEGNTEAFF	1
CASRKQGAGGYTF	1
CASRKVGATGSISNQPQHF	1
CASRKDSNQPQHF	1
CASRSVLDQPQHF	1
CASRSIFGPSSDEQFF	1
CASRYSTGELFF	1
CASRLDLAGGPVELFF	1
CASRLDPNRNTIYF	1
CASRPPGNTEAFF	1
CASRPARQRGYLYTEAFF	1
CASRPGLAGESNEQFF	1
CASRPQYVGETQYF	1
CASRPGGAYTEAFF	1
CASRPEKQGTGNTIYF	1
CASRPTGGNQPQHF	1
CASRRGGLAETDTQYF	1
CASRRTGKDEKLFF	1
CASRRTASGNTIYF	1
CASRHGEGGAEAFF	1
CASRQGSSNQPQHF	1
CASRQGQTNQPQHF	1
CASRQDRVYNEQFF	1
CASRQWDQPQHF	1
CASRQPGLASDTQYF	1
CASRQDTSGLTDTQYF	1
CASRAYEINYGYTF	1
CASRARQGYNSPLHF	1
CASRGDSNTGELFF	1
CASRGGATVYGYTF	1
CASRGSSGSETQYF	1
CASRDLAGGSMRETQYF	1
CASRDPGQGGYGYTF	1
CASRDRSYEQYF	1
CASRESGTGVDEQYF	1
CASRERTGEGENTEAFF	1
CASRELNRDRGTYEQYF	1
CASRTTGTGEGSGSSYNEQFF	1
CASNPQQGYYGYTF	1
CASNPGQGRNEQFF	1
CASNQRDHSYEQYF	1
CASNDGQGPETQYF	1
CASNERRQGAFSAFF	1
CASNKIKTGDTGELFF	1
CASNLGMTERNIQYF	1
CASNPRLAEETQYF	1
CASNPGTGGSYGYTF	1
CASNPNQYQETQYF	1
CASNRGGSQPQHF	1
CASNQGPGQGDNEQFF	1
CASNTGTSLYSNQPQHF	1
CASKSTLNTGELFF	1
CASKRQGTETQYF	1
CASKHLIDGTSSGNTIYF	1
CASKGRDGYNEQFF	1
CASKERGLGMNTEAFF	1
CAPNRVSNQPQHF	1
CASSRNLGEKLFF	1
CASRRDRHPPQPQHF	1
CASRHQQIPTDTQYF	1
CASREAGGTGELFF	1
CASAGGGPYGYTF	1
CASGPRDNYGYTF	1
CASGTGGLNTEAFF	1
CASESGTGNYGYTF	1
CASIPSNQPQHF	1
CASIPGTSREQFF	1
CASTDGGSYNSPLHF	1
CASTLGQASGNTIYF	1
CASTRHGNTEAFF	1
CASTQAGNSYNEQFF	1
CASTQGSRGYTF	1
CASTAGTGDEKLFF	1
CASTGTVTGELFF	1
CASTGTGDGYTF	1
CASTEKQNTGELFF	1
CASTNGFTEAFF	1
CASSSREVSGNTIYF	1
CASSLTGIGELFF	1
CASSLTSGPTGELFF	1
CASSLSGWETQYF	1
CASSPLPLADTQYF	1
CASSPTSGMNTGELFF	1
CASSPTPGTTKDGYTF	1
CASSPAGLAARSSTDTQYF	1
CASSVRGGLLNTGELFF	1
CASSAGRNTEAFF	1
CASSDSGGNQPQHF	1
CASSELNSRYEQFF	1
CASSESSGGTTGELFF	1
CASSESGGTSIDEQYF	1
CASSESGFYEQYF	1
CASSEQRRSEQYF	1
CASSEAPSGYNEQFF	1
CASSEAVHSTDTQYF	1
CASSEAGTTSTDTQYF	1
CASSEGGSFAGHETQYF	1
CASSEMVAGPPGEQYF	1
CASSFWDRQSSYNSPLHF	1
CASSFYAAGENEQYF	1
CASSFRLVIAGNEQFF	1
CASSFQGDMNTEAFF	1
CASSFVGSPLHF	1
CASSFATGEGTEAFF	1
CASSFGQVGQPQHF	1
CASSFGQGRTDTQYF	1
CASSFDRGNGYTF	1
CASSFEVQGLMNTEAFF	1
CASSFRGIGTGELFF	1
CASSFQGQGATGNTIYF	1
CASSFGRRVYGYTF	1
CASSFGGTIEKLFF	1
CASSLFLEGYGYTF	1
CASSLLPAGGSEKLFF	1
CASSLLGAANTGELFF	1
CASSLLTARYTF	1
CASSLLGSSSGASYGYTF	1
CASSLSWTDTQYF	1
CASSLSPDREHSPLHF	1
CASSLSRRNNEQFF	1
CASSLWDGNTEAFF	1
CASSLLAPGDEAFF	1
CASSLRSGANNSPLHF	1
CASSLRAGDGYTF	1
CASSLRQGDSPLHF	1
CASSLHRDAEAFF	1
CASSLQGIDGYTF	1
CASSLQGMNTEAFF	1
CASSLVLLGLRTEAFF	1
CASSLVRDTTMATEAFF	1
CASSLVSQKNIQYF	1
CASSLVQGMGNIQYF	1
CASSLVGQGVSDEQFF	1
CASSLVARELTEAFF	1
CASSLATAENEKLFF	1
CASSLASRGTGSNSPLHF	1
CASSLAPKTEAEAFF	1
CASSLAQVAGVTEAFF	1
CASSLAGGSLGSSGYTF	1
CASSLAPDSNYGYTF	1
CASSLAGHPSPLHF	1
CASSLALAEADTQYF	1
CASSLGWENTGELFF	1
CASSLGRRMNTEAFF	1
CASSLGGPPINIQYF	1
CASSLGGDTQYF	1
CASSLGSLGGYGYTF	1
CASSLGGGRLGFTGTEAFF	1
CASSLGGNSNQPQHF	1
CASSLGANTGELFF	1
CASSLGGSGDPQHF	1
CASSLGGYGYTF	1
CASSLGNTEAFF	1
CASSLGQGPDSPLHF	1
CASSLGGTGEANTEAFF	1
CASSLDSGGQPQHF	1
CASSLDYRGPGNTIYF	1
CASSLDLPVAGNTIYF	1
CASSLDRNTEAFF	1
CASSLDTQWGEAFF	1
CASSLEVGSPTEAFF	1
CASSLEALSYNSPLHF	1
CASSLEGASTQYF	1
CASSLEGMRRQYF	1
CASSLEGPPYEQYF	1
CASSLEQGGEKLFF	1
CASSLEDRSREQYF	1
CASSLEIGRTTEAFF	1
CASSLETGGSGNTIYF	1
CASSLTSGNTGELFF	1
CASSLTFGEWGTEAFF	1
CASSLRTAGREKLFF	1
CASSLWTPNTEAFF	1
CASSLGRIRNSPLHF	1
CASSLTGQGAGYEQYF	1
CASSSYRGGTEAFF	1
CASSSGPVNTEAFF	1
CASSSGEGYYGYTF	1
CASSSSVVNTGELFF	1
CASSSLIGVGTEAFF	1
CASSSPGPGNEKLFF	1
CASSSRDRGYQPQHF	1
CASSSQGTAPGGYTF	1
CASSSGGGYLTEAFF	1
CASSSGTLFYNEQFF	1
CASSSGTANTEAFF	1
CASSSGTGISPQHF	1
CASSSDLEGQPQHF	1
CASSSTGDSNQPQHF	1
CASSSSLTGNTEAFF	1
CASSSSQRKQYF	1
CASSSGPANEQFF	1
CASSSAGVSGELFF	1
CASSSGIVTGLTEAFF	1
CASSWMVDRGQGYTF	1
CASSYRDPRDYGYTF	1
CASSYRRREQFF	1
CASSYGDRAIASGELFF	1
CASSLSGQGAEAFF	1
CASSLVTDTQYF	1
CASSLITGGNTEAFF	1
CASSLRARNYGYTF	1
CASSLGTALEAFF	1
CASSPYQGDYGYTF	1
CASSPGAGWFQETQYF	1
CASSPRGLPGAFF	1
CASSPGTSGIYEQYF	1
CASSPTPQGGGLSNQPQHF	1
CASSPTTGRADTQYF	1
CASSPTGSPLHF	1
CASSPTGATNEKLFF	1
CASSPWTGNYGYTF	1
CASSPYPRGDAFF	1
CASSPRLAGITDTQYF	1
CASSPVAVAVDTQYF	1
CASSPAASVYNEQFF	1
CASSPGAKDTEAFF	1
CASSPGPSHHF	1
CASSPGRWTGQPQHF	1
CASSPTGVDGPLHF	1
CASSPTGGQYQPQHF	1
CASSPKVQILSGNTIYF	1
CASSPGQTANTEAFF	1
CASSRDTGEQFF	1
CASSRDEEGSEQYF	1
CASSRTGFGVYQPQHF	1
CASSRRIGPNGYTF	1
CASSRSTSSTTDTQYF	1
CASSRTIDRALNSPLHF	1
CASSRRAGQGTYGYTF	1
CASSHLTGPVNEQFF	1
CASSHGTAEAFF	1
CASSHFWESETQYF	1
CASSHLGLNTEAFF	1
CASSHPTDTQYF	1
CASSHAWPGQGPRGELFF	1
CASSHALTSATRSYEQYF	1
CASSQSSSGRRTDTQYF	1
CASSQPNGYGYTF	1
CASSQPYDGSSGNTIYF	1
CASSQPNTDTQYF	1
CASSQVRDPGETQYF	1
CASSQGRGIVTGEAFF	1
CASSQGNGELFF	1
CASSQRQGDEKLFF	1
CASSQNLGGTNYGYTF	1
CASSQNHEKLFF	1
CASSQLRGGNQPQHF	1
CASSQPTFGHSPLHF	1
CASSQPEADRRHEQYF	1
CASSQRVGNADTQYF	1
CASSQVGGLGYGYTF	1
CASSQVPFHSYNEQFF	1
CASSQVPVLDTEAFF	1
CASSQVGGGGYTF	1
CASSQVLGTRGYTF	1
CASSQVNLREYSGNTIYF	1
CASSQVGGEENIQYF	1
CASSQALDRVVGYTF	1
CASSQGWTGGETQYF	1
CASSQGTPEQYF	1
CASSQGPVTDTQYF	1
CASSQGGRDRVSPLHF	1
CASSQGWGRGIGQPQHF	1
CASSQGKPFGGYTF	1
CASSQDFGRINQPQHF	1
CASSQDSSGGAQETQYF	1
CASSQDPGPSGVRDTQYF	1
CASSQDGSSYEQYF	1
CASSQDSDIPYGYTF	1
CASSQDRGVFF	1
CASSQDGGQGVRKDWIQYF	1
CASSQERNTDTQYF	1
CASSQERQTEAFF	1
CASSQEGRNEQFF	1
CASSQEGTPQETQYF	1
CASSQEGVGTGRGETQYF	1
CASSQEWSGNQPQHF	1
CASSQEYGRVGNTEAFF	1
CASSQERRTSGTDTQYF	1
CASSQEVSGGEGEQYF	1
CASSQTFPGHRITGELFF	1
CASSVVGPSTEAFF	1
CASSVGVGNGYTF	1
CASSVTEATDTQYF	1
CASSALGHSGHGYTF	1
CASSARTINTPSNQPQHF	1
CASSAGQGVDGYTF	1
CASSADRGYGYTF	1
CASSAGGTNEKLFF	1
CASSGQGANTEAFF	1
CASSDAPAGSLTDTQYF	1
CASSEAGDPYNEQFF	1
CASSTTGKTGNSPLHF	1
CASSTSAQGNTEAFF	1
CASSTLTGPYEQYF	1
CASSTRTSGDEQFF	1
CASSTKQGANTEAFF	1
CASSRDNSPLHF	1
CASSKYNALTYEQYF	1
CASRFGSKGNTEAFF	1
CASRPTGTPVTGELFF	1
CASRVGRPYTNYGYTF	1
CASRAGPKYEQYF	1
CASRDTGGFSYEQYF	1
CASREIADLSYEQYF	1
CASRKRDRAGNTIYF	1
CASRPGQNTEAFF	1
CASRDPGTLYF	1
CASRDLNTGELFF	1
CASNLGQYSNYGYTF	1
CASNRDPQNTEAFF	1
CASKRGGAGEAEAFF	1
CASKEFTGDQPQHF	1
CASKPGFSSYEQYF	1
CTSSQNDGTGDQPQHF	1
CSYGTQDQETQYF	1
CSVSPGSAGYEQYF	1
CSVPDREAFF	1
CSVQVLSYEQYF	1
CSVTSGMINEQFF	1
CSALDRGHEQYF	1
CSASSTGGVGGELFF	1
CSALGLAGKGGTGELFF	1
CSAPRTSGDYEQYF	1
CSAPRAQETQYF	1
CSARRQGEQYF	1
CSARNGETQYF	1
CSAQRLGGRFQPQHF	1
CSAQNEPGTGNTLAKNIQYF	1
CSAVAVRTGAWNEQFF	1
CSAAVDSTDTQYF	1
CSAGSGGTDTQYF	1
CSAGATSGPYNEQFF	1
CSADPTGGRSQSGYTF	1
CSADGTSGGAAYNEQFF	1
CSADRADEQYF	1
CSAERTGGHDYGYTF	1
CSAIGTGVYQPQHF	1
CSAIIGGQGYSNQPQHF	1
CSAILPGGTETQYF	1
CSAIVGYNEQFF	1
CSATYSTRGNQPQHF	1
CSATYRVSEQYF	1
CSATRQGLTDTQYF	1
CSATSGGQLGEQFF	1
CSATGQLFNQPQHF	1
CSATGSSYNSPLHF	1
CSASFPGQRYNEQFF	1
CSASLAGDTEAFF	1
CSASPGRRIGYTF	1
CSASPGHASTDTQYF	1
CSASVLRTDTQYF	1
CSASVGQAYNSPLHF	1
CSASASRGWDSPLHF	1
CSASMGRWEKLFF	1
CSASTTGTTYEQYF	1
CSASRHSADTQYF	1
CSASRDSASGELFF	1
CSASPQGREQYF	1
CSASRRGRGEAFF	1
CSASADRAYNQPQHF	1
CSASGGGGNQPQHF	1
CSASGVSGGELFF	1
CSARPPDRGQETQYF	1
CSARPTGRNSGNTIYF	1
CSARQGLKPDTQYF	1
CSARVPRDPGNTIYF	1
CSARVDRGNYEQYF	1
CSARAKSTGELFF	1
CSARDSGGSYEQYF	1
CSARDNEPYEQYF	1
CSARETLAAQYF	1
CSARTSGRVNNEQFF	1
CSARTRDYPTYEQYF	1
CSARTSVNQPQHF	1
CSARTTTNEKLFF	1
CSARPGTSGRRQYF	1
CSARVRLAGVHNEQFF	1
CSARVAGGGRGYTF	1
CSARVVGNSPLHF	1
CSARVTDNQPQHF	1
CSARVRQQETQYF	1
CSARASMGVRSYNSPLHF	1
CSARARQGSGTEAFF	1
CSARAGGLGEQYF	1
CSARARTLAKNIQYF	1
CSARGQENQPQHF	1
CSARGGDVDQPQHF	1
CSARGTGDPLYEQYF	1
CSARGSDRPANYGYTF	1
CSARGASSGTDTQYF	1
CSARGGLGNQPQHF	1
CSARDFAGDTQYF	1
CSARDLERDLSTDTQYF	1
CSARDLLAVTDTQYF	1
CSARDLRLAEETQYF	1
CSARDPGRDNEQFF	1
CSARDQGELLTGELFF	1
CSARDQGQAGTQYF	1
CSARDGRGWGEQYF	1
CSARDGPIRDIQYF	1
CSARDEREVGGSYEQYF	1
CSARDRDRDYGYTF	1
CSARDISGSGGDTQYF	1
CSAREVAGEQETQYF	1
CSAREATTDTQYF	1
CSAREWAGREDEQFF	1
CSARERALNIQYF	1
CSAREGIKNIQYF	1
CSARIWGVSSYGYTF	1
CSARTGGSYEQYF	1
CSARTAGTRGREQYF	1
CSARREGTSYEQYF	1
CSAKSTGELFF	1
CSALEIPRGATDTQYF	1
CSAPITAGEEQFF	1
CSAPRGLAGYNEQFF	1
CSAPGQQDTEAFF	1
CSAPASAGVGSPLHF	1
CSAPTGAEAFF	1
CSARAVEGRAEAFF	1
CSARGRNNEKLFF	1
CSAQGGRIEKLFF	1
CSAQEGGASGLTDTQYF	1
CSAAEISPLHF	1
CSAGGGHLNTEAFF	1
CSAEIFMNTEAFF	1
CSAIHGLAGRLFF	1
CSASPGDQPQHF	1
CSARRASSYNEQFF	1
CSAKKGLAGGPGPTDTQYF	1
CSAKTGGNQPQHF	1
CSACQVRVSLC	1
CSARATGPEEKLFF	1
CSAGGVGSGQPQHF	1
CSAGQGQEFYGYTF	1
CSAPQETQYF	1
CSAEDRADEQYF	1
CSGLGNTGELFF	1
CSGSTYRDRPFPDTQYF	1
CSTRGLAKNIQYF	1
CSLTDRGYTDTQYF	1
CSVSNIPNEQYF	1
CSVYDSHSYEQYF	1
CSVRTAVGYEQYF	1
CSVQGLEELFF	1
CSVVRVLAGTGGETQYF	1
CSVVRDRTNTEAFF	1
CSVVVQANTGELFF	1
CSVVGGNEQYF	1
CSVVGTDHSNTEAFF	1
CSVAAGGWFTGELFF	1
CSVAAGTNTDTQYF	1
CSVGGSSSTDTQYF	1
CSVGAQYF	1
CSVGSPSGSYNEQFF	1
CSVGDTGAETQYF	1
CSVDWDRGGEQYF	1
CSVDAGRRVETQYF	1
CSVDLPQYGLDTQYF	1
CSVDPGLGNGYTF	1
CSVDGTSGRAGDTQYF	1
CSVEWLAGEKDEQYF	1
CSVEATSGRTGELFF	1
CSVEGARRTEAFF	1
CSVEPIRTGLGRGYTF	1
CSVEQQNSYEQYF	1
CSVEVLSSVDTQYF	1
CSVEAPFVHEQFF	1
CSVEGAQARTDTQYF	1
CSVEDGQGRRETQYF	1
CSVEEQRDQPQHF	1
CSVERWAVLDTQYF	1
CSVEKGDGKETQYF	1
CSVEKTGFYEQYF	1
CSVISGTKGADTQYF	1
CSVTLTYSTDTQYF	1
CSVTGSGEQFF	1
CSVRYTNYEQYF	1
CSVGVGNEQFF	1
CSVASGTGSYEQYF	1
CSVIATRTAYEQYF	1
CSAQVGAERLYEQYF	1
CSALSSANTEAFF	1
CSARRRDEQYF	1
CSAQRAAGFTEAFF	1
CSAATGSGGYTF	1
CSAGGRDGDTQYF	1
CSAGTGNTGELFF	1
CSADNTGELFF	1
CSARITGTYEQYF	1
CSATGQDNQPQHF	1
CSALIVAGGYEQYF	1
CSADRSSGSSYEQYF	1
CSGDRGSTDTQYF	1
CSGERIGGYGYTF	1
CSGSGTGGYEQYF	1
CSGTGQTSTDTQYF	1
CSDPQREGTDTQYF	1
CSILRLAGISYEQYF	1
RASIIGRGPIIFQPQHF	1
RASSFTGQPTWGTQYF	1
RASSLFWSTDTQYF	1
RASSLTSTDTQYF	1
RASSSTSGGTSYEQYF	1
RASSPRQGEETQYF	1
RASSEERVTEQTGELFF	1
RASSKGRQETQYF	1
CASSERGPYEQYF	3
CASSRDSAQETQYF	3
CASSFQETQYF	3
CASSLGNYQETQYF	3
CAWSVRRGGNEQFF	2
CAISRRTSEVEQYF	2
CASSGSANTEAFF	2
CASGETGVWQPQHF	2
CASMGPAYEQYF	2
CASTVGGTGLYNEQFF	2
CASSSLQGAQPQHF	2
CASSSGQGTDTQYF	2
CASSYSIPASGTITDTQYF	2
CASSLSGGSPAGGYEQYF	2
CASSPPAGGAPSYEQYF	2
CASSGLAGALNTGELFF	2
CASSETSGRGIYEQYF	2
CASSLDYEQYF	2
CASSLRRLGASGSVQYF	2
CASSLRQGNEQFF	2
CASSSGLAGLQETQYF	2
CASSPPGLAGHTDTQYF	2
CASSPRQFF	2
CASSHRDPLNTGELFF	2
CASSQDLSRAYEQYF	2
CASSGGVQPQHF	2
CASRGLAGGLNEQFF	2
CASREPGTDTQYF	2
CASTRTGDANEQFF	2
CASSLGSGPDNEQFF	2
CASSLEGNEQFF	2
CASSLTGFYEQYF	2
CASSLSPGALSEQFF	2
CASSPPGGYEQYF	2
CASSPDSPTDTQYF	2
CSAKGTSGDSYEQYF	2
CSAGGGDQPQHF	2
RASSLRGSIHEQYF	2
CLAVATETQYF	1
CASGDCCRHRNSPLHF	1
CASGDSLQETQYF	1
CASSLNPLTGTDTQYF	1
CASSSAGGSLETQYF	1
CASSPRRGGTDTQYF	1
CASSPKLGDPTYF	1
CASSRGPIGVGYEQYF	1
CASSTPGTAIRDF	1
CASSWEQYF	1
CASHPRQGGFKTPNEQFF	1
CASGQNTEAFF	1
CASQDRGPYEQYF	1
CACSFSGRAQFF	1
CACSWRGGTAYEQYF	1
CAWLPTNEKLFF	1
CAWPRAVTSVFF	1
CAWSSRAGETQYF	1
CAWSSGQLYEQYF	1
CAWSRSLSGTGHGYTF	1
CAWSVQGGQPQHF	1
CAWSVQTEAFF	1
CAWSLSSREYEQFF	1
CAWRVLLPYEQYF	1
CAWRATVSMNTEAFF	1
CAPPGWVWEDEQFF	1
CAVARGLGTDTQYF	1
CAAVGHPLTDTQYF	1
CAAGGGLAGGDEQFF	1
CAAPGLAGLEQFF	1
CAGGRAGTSTDTQYF	1
CAGGQGPQETQYF	1
CAIRRASGTYEQYF	1
CAIRDFTDTQYF	1
CAIVSAGQGDKETQYF	1
CAIATEGRLGDTDTQYF	1
CAIGTSEETQYF	1
CAIGRDLEQYF	1
CAIGGIEGRYYEQYF	1
CAISFSGTSGTDTQYF	1
CAISRDGLNNSPLHF	1
CAISVFWTGRSYGYTF	1
CAISVQGRTQYF	1
CAISVEQGSYEQYF	1
CAISVGGGEQYF	1
CAISAPGAGDTQYF	1
CAISAGLDPIYNEQFF	1
CAISADLDWGETQYF	1
CAISAMRQGIDTAQYF	1
CAISGFTGEVGELFF	1
CAISGVGQGVRTYNEQFF	1
CAISGQGSSYEQYF	1
CAISGDSPIETQYF	1
CAISGDRQETQYF	1
CAISGGTENQPQHF	1
CAISGDSTEQYF	1
CAISGTGTLLYEQYF	1
CAISDPRLADYEQYF	1
CAISDRLDSYNEQFF	1
CAISDQGRETQYF	1
CAISDQGQGAGELFF	1
CAISDADRSDEQYF	1
CAISESSGRGSYNSPLHF	1
CAISESPRHEQYF	1
CAISESSGRPPGNEQFF	1
CAISESPMPGVSHEQYF	1
CAISESAPVGEQFF	1
CAISESGDPRYNEQFF	1
CAISESMGLAGRQFF	1
CAISESKGGMNTEAFF	1
CAISESKGSYEQYF	1
CAISEWADRNEQFF	1
CAISEYGGEGEQYF	1
CAISELIMQSDTQYF	1
CAISEPPYQETQYF	1
CAISEPDSADTQYF	1
CAISEGPGQGVHEQYF	1
CAISEDVVGSDQPQHF	1
CAISENRVTYEQYF	1
CAISELRHMGGAFF	1
CAISESGSSYEQYF	1
CAISEPKGGSETQYF	1
CAISERELAYPMKQYF	1
CAISEGTSGHYEQYF	1
CAISEGVGTFNSPLHF	1
CAISEGIEQYF	1
CAISRGPSGPFDQETQYF	1
CAISKRGPAADEQFF	1
CAISLNPGNEQFF	1
CAISPTSGGNNEQFF	1
CAISPGQGAADTQYF	1
CAIRPSTGPPRNEQFF	1
CAIRGGENTEAFF	1
CAIRGTGWAYEQYF	1
CAIRTGGYYGYTF	1
CAIRNPTGTGELFF	1
CAIRNGYEQYF	1
CAIRSGTGENYEQYF	1
CAINTGRGDYEQYF	1
CAINPGLADYEQYF	1
CAIKRGGIDEQYF	1
CATTGTSGKSTDTQYF	1
CATFPKGPLAEENNEQFF	1
CATSTGAGDIQYF	1
CATSLVGATNEKLFF	1
CATWGADTQYF	1
CATWDSTRNGTKNIQYF	1
CATWTGKEETQYF	1
CATLEGGVYEQYF	1
CATPPGRTEAFF	1
CATPGPEETQYF	1
CATRLAGGDEQFF	1
CATRPSGNIQYF	1
CATRGLEGSEQFF	1
CATHWTDTQYF	1
CATQTPYYEQYF	1
CATASGTPNEQFF	1
CATATGLYYGYTF	1
CATAELAGVHQFF	1
CATGGPSYEQYF	1
CATGLGPQPQHF	1
CATGRQDIYEQYF	1
CATGQGTDTQYF	1
CATESQAETQYF	1
CATERAVTDTQYF	1
CATERGQGETQYF	1
CATEPSGDPYNEQFF	1
CATEGGPGSPLHF	1
CATSATPRGHTGELFF	1
CATSGGYTSNTDTQYF	1
CATSGIGTGAADTQYF	1
CATSDFSRDTGELFF	1
CATSDFSGQPPNTEAFF	1
CATSDFAGGLADTQYF	1
CATSDFGTANNEQFF	1
CATSDLLRDTDTQYF	1
CATSDLSQNEQFF	1
CATSDLQNTEAFF	1
CATSDSPDSGLDWDWDQPQHF	1
CATSDSGGFVYGYTF	1
CATSDSPVGGSYNEQFF	1
CATSDSQGPRTDTQYF	1
CATSDSGQGKETQYF	1
CATSDSYNEQFF	1
CATSDLSPGLVVPAPTMIFTGELFF	1
CATSDPGTSFEQFF	1
CATSDPGTSGTDTQYF	1
CATSDRLDYPGDTQYF	1
CATSDRRGQFQETQYF	1
CATSDHGRDRGWQETQYF	1
CATSDAGIFQETQYF	1
CATSDIRLAGDLTDTQYF	1
CATSDLGSNQPQHF	1
CATSDPRERAQPQHF	1
CATSDEPYYGYTF	1
CATSETSTGELFF	1
CATSEPGQGGQPQHF	1
CATSERAPNAQYF	1
CATSETGTGEADTQYF	1
CATSESGTAGEQYF	1
CATSIGHNTGELFF	1
CATSTRKANTGELFF	1
CATSKQGDQPQHF	1
CATSLSGPQVQQFF	1
CATSSRVNYNEQFF	1
CATSRDRYQETQYF	1
CATSRNPTGLGQVTQYF	1
CATSGTNQETQYF	1
CATSEASGADEQYF	1
CATSMGVAGGPGELFF	1
CATSTVGPQETQYF	1
CATSSHWGEETQYF	1
CATSRFSGTESYEQYF	1
CATSRLVADYEQYF	1
CATSRLTRGLRFHEQYF	1
CATSRVGGHTDTQYF	1
CATSRVTPEWEYQPQHF	1
CATSRARGGTDTQYF	1
CATSRGVTGRYIQYF	1
CATSRDRVTFYEQYF	1
CATSRERTVSDTQYF	1
CATRGGEAFF	1
CATRPYMNTEAFF	1
CATRQGADTGELFF	1
CATLPLKGQPNYGYTF	1
CATQQGYYEQYF	1
CATTRGQTEETQYF	1
CATQGNGGSGYTF	1
CATQTSGGAWTDTQYF	1
CATTVRRSYNSPLHF	1
CASFNF	1
CASGDPDETQYF	1
CASTTYKGTDTQYF	1
CASSPSFYEQYF	1
CASSIGGGWTGELFF	1
CASSMGPRETQYF	1
CASSIGNGYTF	1
CASSIDWNNSYEQYF	1
CASSSQGASPLHF	1
CASRSGQRNQPQHF	1
CASFSREFSETQYF	1
CASFQRGREWIGYTF	1
CASFRGAKANEQFF	1
CASLLVYEQYF	1
CASSRPGQEYYEQYF	1
CASSSGIAYGYTF	1
CASSPRGGTGGTQYF	1
CASSRERETQYF	1
CASSKAGELFF	1
CASSLASPGSPGGQPQHF	1
CASSLGTPDTQYF	1
CASSPRPFTDTQYF	1
CASSPTSLSGNTIYF	1
CASSPDAFGASGELFF	1
CASSPLEGVYQPQHF	1
CASSPPSLRDTEAFF	1
CASSKGTVNSPLHF	1
CASCPPDSTDTQYF	1
CASWAADTQYF	1
CASWSTVSSDYGYTF	1
CASYSMGTLNSYNEQFF	1
CASLMRGGKTTNYGYTF	1
CASLGGIHSNQPQHF	1
CASLPPLSETQYF	1
CASLSSERGGLSEQYF	1
CASPRRDDTDTQYF	1
CASRSQEGQGFQPQHF	1
CASRPGATYNSPLHF	1
CASRTGYHQPQHF	1
CASREDRAGEQYF	1
CASRERNTEAFF	1
CASAPPGNTIYF	1
CASAGRRGWHGYTF	1
CASAPEGSPPMFF	1
CASGFGGTEAFF	1
CASGSSGQGYEKLFF	1
CASGSGVSNEQFF	1
CASGWDRGLGTDTQYF	1
CASGLRSSYEQYF	1
CASGKIENTEAFF	1
CASGAHGVGNTIYF	1
CASGGTGRSSPLHF	1
CASGQGGGNQPQHF	1
CASGEGFITDTQYF	1
CASGTPQETQYF	1
CASGTGGLYGYTF	1
CASGNLRGGEQYF	1
CASGSRGGDQPQHF	1
CASGPGTVAYGGYTF	1
CASGDSGSSSYEQYF	1
CASEANEQFF	1
CASENPDQETQYF	1
CASITEAGNEQFF	1
CASIPRSGSNTGELFF	1
CASIGQLTDTQYF	1
CASIGQGESYNEQFF	1
CASIGGGRGREQFF	1
CASMAAGYTEAFF	1
CASTFRASITEAFF	1
CASTSGGVPPLHF	1
CASTSGITDTQYF	1
CASTWANTGELFF	1
CASTTAGFAKNIQYF	1
CASTSTDTQYF	1
CASTLVGGAYTEAFF	1
CASTLGLASDTQYF	1
CASTSRRDVRGYTF	1
CASTSDSYGYTF	1
CASTYGRQGNQPQHF	1
CASTLRGVLYQETQYF	1
CASTLGTGGLVTEAFF	1
CASTLRTGGTGPQHF	1
CASTPNDNYGYTF	1
CASTPGGNLNTEAFF	1
CASTPGAGTEAFF	1
CASTPGGPLGAGELFF	1
CASTPGGETQYF	1
CASTRTQNSPLHF	1
CASTHEGTEAFF	1
CASTQGETQYF	1
CASTASGGTNTGELFF	1
CASTAGAVQKPPYGYTF	1
CASTGPGSDYEQYF	1
CASTDGIMNTEAFF	1
CASTENRVGILFPEAFF	1
CASTTQGGGYEQYF	1
CASTTTGLEAFF	1
CASTRGGDIQYF	1
CASTKGLRAGQPQHF	1
CASTAAGALNTEAFF	1
CASTKRINTGELFF	1
CASTFLSSSYNEQFF	1
CASTAGQAEQYF	1
CASSFFRSTEAFF	1
CASSFLLNTEAFF	1
CASSFLRTSNYGYTF	1
CASSFRGGEKLFF	1
CASSFHSQGSNSPLHF	1
CASSFGRVGNEQYF	1
CASSFGGQGTYEQYF	1
CASSFGTNDEQFF	1
CASSFGGGTDTQYF	1
CASSFEGGQPQHF	1
CASSFMSMSTDTQYF	1
CASSFIPSGPTGELFF	1
CASSFSQHYGYTF	1
CASSFSPQPQHF	1
CASSFSRTGHYGYTF	1
CASSFLGTSGTDTQYF	1
CASSFPPHRDFSYNSPLHF	1
CASSFVVRVSNYGYTF	1
CASSFAREDAQETQYF	1
CASSFGRDYGYTF	1
CASSFGGSEQFF	1
CASSFGAGTSGYEQYF	1
CASSFDRASRQPQHF	1
CASSFEGQRLAIPYEQYF	1
CASSFTRRGGTQYF	1
CASSFTQGGISNQPQHF	1
CASSFRGSPLHF	1
CASSFNRGGQPQHF	1
CASSLSSDWERDTEAFF	1
CASSLSTGTSNQPQHF	1
CASSLWGQGGNQPQHF	1
CASSLPGTGNEQFF	1
CASSLRPSSYNEQFF	1
CASSLRQGLNQPQHF	1
CASSLRGANYGYTF	1
CASSLVLDTIYF	1
CASSLADRGLGYTF	1
CASSLGWGELFF	1
CASSLGGEQYF	1
CASSLGLYSNQPQHF	1
CASSLGGRGSYEQYF	1
CASSLGGKNQPQHF	1
CASSLGTGDSPLHF	1
CASSLDPGAYEQYF	1
CASSLEGGNQPQHF	1
CASSLIGGYSNQPQHF	1
CASSLTSGGTGNYGYTF	1
CASSLSYNEQFF	1
CASSLSDSYGYTF	1
CASSLRGSTEAFF	1
CASSLRQTGHEQYF	1
CASSLNNQPQHF	1
CASSLFSGPTDTQYF	1
CASSLLAGTVNSPLHF	1
CASSLLPSSYNEQFF	1
CASSLSPERGMPDTQYF	1
CASSLSRDGESYEQYF	1
CASSLSPPEAFF	1
CASSLSGTRNYGYTF	1
CASSLSGQGASQPQHF	1
CASSLSIGSNEQFF	1
CASSLSRDRGSSYNSPLHF	1
CASSLWPDAPQAFF	1
CASSLWVRGSYHEKLFF	1
CASSLLYNEQFF	1
CASSLLTPYEQYF	1
CASSLLSQVTYEQYF	1
CASSLLAGAAETGTQYF	1
CASSLPRGPGLFF	1
CASSLPQEDGDRSYGYTF	1
CASSLPGATEAFF	1
CASSLRGQAGYTF	1
CASSLRGTNEKLFF	1
CASSLRTEIFEQYF	1
CASSLQGAYSNQPQHF	1
CASSLVAGQAYEQYF	1
CASSLAPISRSNQPQHF	1
CASSLAGLNYGYTF	1
CASSLAGTTLAKNIQYF	1
CASSLAVGARLFF	1
CASSLAGSTDTQYF	1
CASSLAEGGRGSPLHF	1
CASSLAVLAKNIQYF	1
CASSLGPSLNTEAFF	1
CASSLGWGANEKLFF	1
CASSLGQPQHF	1
CASSLGGTPGTQYF	1
CASSLGRRDIQYF	1
CASSLGQRNTEAFF	1
CASSLGAGGLSPLHF	1
CASSLGGADTEAFF	1
CASSLGGSNQPQHF	1
CASSLGDPTGEPNEKLFF	1
CASSLGQGSMNTEAFF	1
CASSLDGRINQPQHF	1
CASSLDSYYGYTF	1
CASSLDRFGYNEQFF	1
CASSLEVWVGNTEAFF	1
CASSLEGPTEAFF	1
CASSLISGGGSPLHF	1
CASSLIRTVRFRETQYF	1
CASSLIEGDGYTF	1
CASSLIRLDRVSSVSSPLHF	1
CASSLMYTEAFF	1
CASSLMAGEQPQHF	1
CASSLMGAAREAFF	1
CASSLMGARGETQYF	1
CASSLMGGARLPQHF	1
CASSLIAGDTGELFF	1
CASSLIGAGELFF	1
CASSLTGAEAFF	1
CASSLTITDYGYTF	1
CASSLTVYGYTF	1
CASSLSLGGNEQYF	1
CASSLSSSSAGELFF	1
CASSLRPRDRGLETQYF	1
CASSLRALAGSYEQYF	1
CASSLRGVVQTQYF	1
CASSSQQNFRDTQYF	1
CASSSGTGYGYTF	1
CASSSIGDQPQHF	1
CASSSFSPTSGRFVDTQYF	1
CASSSSVAGMETQYF	1
CASSSSVGNTIYF	1
CASSSWTDGNTIYF	1
CASSSLIDRAYEQYF	1
CASSSPSEQFF	1
CASSSPLDRWALHF	1
CASSSPFIQGELYSNQPQHF	1
CASSSRDGREKLFF	1
CASSSRPRTGLGETQYF	1
CASSSHGGRRGYTF	1
CASSSQGGRRGDTQYF	1
CASSSATGTYEQYF	1
CASSSGLVPPDGYTF	1
CASSSEAGLGGNTIYF	1
CASSSTSGGAHTGELFF	1
CASSSLRGRRGNTIYF	1
CASSSSSDGYEQYF	1
CASSSYRGQPPHDQPQHF	1
CASSSQVYGYTF	1
CASSSTGAQPQHF	1
CASSSRDRGNTEAFF	1
CASSSSRDRTYEQYF	1
CASSSPRTGYTYEQYF	1
CASSSNTNQPQHF	1
CASSSKGDYEQYF	1
CASSWASDYEQYF	1
CASSWENQPQHF	1
CASSWEGGYTF	1
CASSWTAGELFF	1
CASSYPGNTGELFF	1
CASSYGGQGAYEQYF	1
CASSYEGEGSYEQYF	1
CASSYFPDRPSYEQYF	1
CASSYLGSNEKLFF	1
CASSYSWASGSTDTQYF	1
CASSYSLNSPLHF	1
CASSYSGKPNQPQHF	1
CASSYSLYRGPDYGYTF	1
CASSYSAGQNTGELFF	1
CASSYSEDLETGLNTEAFF	1
CASSYSADRLQPQHF	1
CASSYSGYAGNTIYF	1
CASSYSGRLTNEKLFF	1
CASSYSGRLNSPLHF	1
CASSYSGQGFHNEQFF	1
CASSYSDRGTQPQHF	1
CASSYSDREYEQYF	1
CASSYSIETDTQYF	1
CASSYSTLGTTYEQYF	1
CASSYSTGALGYTF	1
CASSYSSWTLTDTQYF	1
CASSYSSPPGTEAFF	1
CASSYSRGGYTF	1
CASSYSFGLPYEQYF	1
CASSYSGVFETQYF	1
CASSYSGVNSPLHF	1
CASSYSTGPLNTEAFF	1
CASSYWGDSRGEQFF	1
CASSYPPVGGGELFF	1
CASSYPQVVNEQFF	1
CASSYPGQGDSPLHF	1
CASSYPMTANYGYTF	1
CASSYRKRVGQETQYF	1
CASSYHDRNSPLHF	1
CASSYQRYNEQFF	1
CASSYQTGAPAYEQYF	1
CASSYQRVEGIFTEAFF	1
CASSYVPNTEAFF	1
CASSYAGTGELFF	1
CASSYATGLGNQPQHF	1
CASSYARDRFNTEAFF	1
CASSYGKIQYF	1
CASSYEGQGEAFF	1
CASSYTRKGGNTIYF	1
CASSYRGSPLHF	1
CASSYKGTQETQYF	1
CASSLRQLNYGYTF	1
CASSLDVISYEQYF	1
CASSLTAGGITEAFF	1
CASSLQVGTQYF	1
CASSLSSYEQYF	1
CASSLGQRQPQHF	1
CASSPQAGRTNYGYTF	1
CASSPGGDDTGELFF	1
CASSPTPLELTF	1
CASSPTPPGGSGNTIYF	1
CASSPSVEATQYF	1
CASSPRSGTGRFNNSPLHF	1
CASSPQRNTGELFF	1
CASSPQVGYTF	1
CASSPVPRGTQYF	1
CASSPVGNSPLHF	1
CASSPAGTVSTDTQYF	1
CASSPAGNPNYGYTF	1
CASSPGGTKNIQYF	1
CASSPGRFYGYTF	1
CASSPDSPLRGYTF	1
CASSPEIGGYTF	1
CASSPIPETQYF	1
CASSPTLTSAHTQYF	1
CASSPTGDTYEQYF	1
CASSPTKDYGYTF	1
CASSPSHSDPYEQYF	1
CASSPNGHQPQHF	1
CASSPSYEQYF	1
CASSPGQSEAFF	1
CASSPDRKNYGYTF	1
CASSPTGESIYSSL	1
CASSPRGIDGEKLFF	1
CASSPQTGVLGYTF	1
CASSPGTGTADTQYF	1
CASSPTRTPYNSPLHF	1
CASSPNEQFF	1
CASSRNSQGDTQYF	1
CASSRPPPSYNEQFF	1
CASSRGTVNYGYTF	1
CASSRPPGQGLTDTQYF	1
CASSRQGAVNEQFF	1
CASSHREVYEKLFF	1
CASSHGSSSYEQYF	1
CASSQLGGGAQETQYF	1
CASSQGFYYGYTF	1
CASSQGVQPQHF	1
CASSQSLSRAEKLFF	1
CASSQDREKLFF	1
CASSQDRAKRVHQPQHF	1
CASSVGPWGGKLFF	1
CASSVLASGNNEQFF	1
CASSVQEGADNIQYF	1
CASSVGQWVNEQFF	1
CASSVTGVRLDTQYF	1
CASSVGGINEQYF	1
CASSVGDTGELFF	1
CASSATGAETQYF	1
CASSASGRAVTGELFF	1
CASSAWGEKNTEAFF	1
CASSALPGLDSTDTQYF	1
CASSAAGGGYEQYF	1
CASSAESRQGYTGELFF	1
CASSATGTGFF	1
CASSAGDRRAYEQYF	1
CASSADPGGNQPQHF	1
CASSATVNSYSPLHF	1
CASSARDRGYHTF	1
CASSAKGQDMNTEAFF	1
CASSGGRVRREKLFF	1
CASSGNIEQFF	1
CASSGNTFSGNTIYF	1
CASSGLSRNTGELFF	1
CASSGPITGNTIYF	1
CASSGHPGTSGGDEQFF	1
CASSGHRPTGELFF	1
CASSGQKGLAVNIQYF	1
CASSGAGGIAFNQPQHF	1
CASSGTGRGFTDTQYF	1
CASSGNRVEQFF	1
CASSDTGNTEAFF	1
CASSDLSGGAHNEQFF	1
CASSDSLAGPYNEQFF	1
CASSDSASGSTDTQYF	1
CASSDSGQGFYGYTF	1
CASSDSTSGGADTQYF	1
CASSDYEQYF	1
CASSDLAGGLGSDTQYF	1
CASSDPRRNEKLFF	1
CASSDRIRVAGNTIYF	1
CASSDQGNYGYTF	1
CASSDDYEQYF	1
CASSDNRGLGNTEAFF	1
CASSESTYPGNTIYF	1
CASSELYEQFF	1
CASSERWVDTQYF	1
CASSEAGYQPQHF	1
CASSEGETEAFF	1
CASSEFSGVAGYTF	1
CASSEFKGETGELFF	1
CASSEWDSSYEQYF	1
CASSEYFGTIYEQYF	1
CASSEYHLSNQPQHF	1
CASSELEMWNIQYF	1
CASSERGIQETQYF	1
CASSERGEGYNEQFF	1
CASSEQNSRKDGYTF	1
CASSEVWVAGELFF	1
CASSEVAGLYEQYF	1
CASSEVEAFF	1
CASSEVAGYNEQFF	1
CASSEVRRGEQFF	1
CASSEALGATATDTQYF	1
CASSEGQGGMNTEAFF	1
CASSEGGSGGNTIYF	1
CASSEGTVQETQYF	1
CASSEDRTVNTEAFF	1
CASSEEPYRGNEQFF	1
CASSEEFGSPEAFF	1
CASSETSGINEQYF	1
CASSETGLLYEQYF	1
CASSETRSDSYYEQYF	1
CASSERRGAYGYTF	1
CASSENYGYTF	1
CASSENRVYTEAFF	1
CASSISRAWDQPQHF	1
CASSIPGGFPYEQYF	1
CASSIDTRVNTIYF	1
CASSISGTSNPQHF	1
CASSITGYEQYF	1
CASSTGQFYNSPLHF	1
CASSTLGFEQYF	1
CASSTRTGQPQHF	1
CASSTHRDRGTDTQYF	1
CASSTHRVTGELFF	1
CASSTGPRGTEAFF	1
CASSTGPQKLGQPQHF	1
CASSTGGNIQYF	1
CASSTGTTGELFF	1
CASSRASRSEFHF	1
CASSRATSGSPTDTQYF	1
CASSRGPNYGYTF	1
CASSRTGYRYGYTF	1
CASSRTGVTEAFF	1
CASSNQETQYF	1
CASSKGTEAFF	1
CASSKHQGYSNQPQHF	1
CASSFFPHQETQYF	1
CASSFSNDEQYF	1
CASSFSRETQYF	1
CASSFPPRAATANYGYTF	1
CASSFPDRGRTDTQYF	1
CASSFRRVDEQFF	1
CASSFQGTDTQYF	1
CASSFGTSFFGQYF	1
CASSFIYGKIAGELFF	1
CASSFSFTDTQYF	1
CASSFLAGGRADTQYF	1
CASSFSNEQFF	1
CASSFWTSHNEQFF	1
CASSFPTSGSTDTQYF	1
CASSFVGSGASLNTDTQYF	1
CASSFAAGVGQETQYF	1
CASSFGWADTQYF	1
CASSFGRAPYEQYF	1
CASSFGGYEQYF	1
CASSFDGLDTQYF	1
CASSFIGFTGELFF	1
CASSFTGLKGGNTEAFF	1
CASSFTGLNSGNTIYF	1
CASSFTGASYNEQFF	1
CASSFRGDSLNEQFF	1
CASSLFFGGARNNEQFF	1
CASSLLLPSYEQYF	1
CASSLLLADTDTQYF	1
CASSLLQGTYEQYF	1
CASSLSRQGHYYGYTF	1
CASSLSGTTEAFF	1
CASSLSMSADTQYF	1
CASSLYRGGSDTQYF	1
CASSLYSNTGELFF	1
CASSLPYGNYGYTF	1
CASSLPTGGSTGELFF	1
CASSLRKPGTGNTGELFF	1
CASSLVGQNYEQYF	1
CASSLVASVRETQYF	1
CASSLVDQPQHF	1
CASSLVPVWEQYF	1
CASSLAGGQGYEQYF	1
CASSLALGAVEKLFF	1
CASSLANEYPQYF	1
CASSLAGLSSNQPQHF	1
CASSLAGGTQYF	1
CASSLGKGNQPQHF	1
CASSLGLTDTQYF	1
CASSLGPRNTEAFF	1
CASSLGGAATTMEGYTF	1
CASSLGGGPSTDTQYF	1
CASSLGRGTEAFF	1
CASSLGQSNQPQHF	1
CASSLGARTYNEQFF	1
CASSLGDRGPYEQYF	1
CASSLGTGDYEQYF	1
CASSLGTGTNYGYTF	1
CASSLGRALEQFF	1
CASSLGRQGGYEQYF	1
CASSLGPVGVNTIYF	1
CASSLGQGFNYGYTF	1
CASSLGQGGNQPQHF	1
CASSLGQGDYGYTF	1
CASSLGRLAGGVETQYF	1
CASSLDPDLAKNIQYF	1
CASSLDSYNEQFF	1
CASSLDYNEQFF	1
CASSLDRVRAFF	1
CASSLDGEGTQYF	1
CASSLDRRNTGELFF	1
CASSLEYQVTNQPQHF	1
CASSLIGGQVDIQYF	1
CASSLTSGTGNEQYF	1
CASSLTGQGTDTQYF	1
CASSLRIGTGGVYGYTF	1
CASSLNTGELFF	1
CASSLNRDQETQYF	1
CASSLKGNWNREQYF	1
CASSLFSMVATNQPQHF	1
CASSLFLGKGPTNEKLFF	1
CASSLFQGANYGYTF	1
CASSLFISVSNSPLHF	1
CASSLFRVNPLEQYF	1
CASSLLGLAGAQFSYEQYF	1
CASSLSPGAPYEQYF	1
CASSLSTTGRQPQHF	1
CASSLSPGIRTEAFF	1
CASSLSVEQYF	1
CASSLSGTDNSPLHF	1
CASSLSDDTTYEQYF	1
CASSLWVGLAVASQYF	1
CASSLWGPGDQPQHF	1
CASSLYVPGVDGYTF	1
CASSLYGDTQYF	1
CASSLLAGESNQPQHF	1
CASSLLAGGTGNYGYTF	1
CASSLLVTYGYTF	1
CASSLLAGLEPYEQYF	1
CASSLLAGNTGELFF	1
CASSLLGNEQFF	1
CASSLPLETQYF	1
CASSLRLREADTQYF	1
CASSLRERLGGNTEAFF	1
CASSLQGEKPYEQYF	1
CASSLVLGELFF	1
CASSLVGDRGRGYTF	1
CASSLVTSGSIEQFF	1
CASSLVSVNTEAFF	1
CASSLVHRSSGNTIYF	1
CASSLVTGGVPPYEQYF	1
CASSLVGRASSYEQYF	1
CASSLVDKNTGELFF	1
CASSLVRTKFYGYTF	1
CASSLVGTDTQYF	1
CASSLVEGQSYGYTF	1
CASSLAPFSGELFF	1
CASSLAVVGYIEEKLFF	1
CASSLALGTQDTQYF	1
CASSLARQYEQYF	1
CASSLARDPTDTQYF	1
CASSLAGTSMVEQFF	1
CASSLASPGDNEQFF	1
CASSLALSGRPPDREGSEKLFF	1
CASSLAPGDNEQFF	1
CASSLAPTSHEQFF	1
CASSLAGTGRQETQYF	1
CASSLAGLKTDTQYF	1
CASSLAGQITDTQYF	1
CASSLAGGPDTQYF	1
CASSLAIAASSYNEQFF	1
CASSLATGVNQPQHF	1
CASSLAKNEQFF	1
CASSLASRAGPLNTEAFF	1
CASSLAQGTNQPQHF	1
CASSLAASTDTQYF	1
CASSLGWGQKKYNEQFF	1
CASSLGRRNSRGSFF	1
CASSLGHGGWWKHTEAFF	1
CASSLGAGGSFATEAFF	1
CASSLGGLRDEKLFF	1
CASSLGGGAYEQYF	1
CASSLGGRENTEAFF	1
CASSLGTVTYEQYF	1
CASSLGRRGFHSPLHF	1
CASSLGGNTGELFF	1
CASSLGDGSYNEQFF	1
CASSLGIGRQNYGYTF	1
CASSLGTGENQPQHF	1
CASSLGFGTEAFF	1
CASSLGSPGGYNEQFF	1
CASSLGSQSFGGEQFF	1
CASSLGLAYEQFF	1
CASSLGPAGSPLHF	1
CASSLGPASASNYGYTF	1
CASSLGASGRNEQFF	1
CASSLGGLARSDEQFF	1
CASSLGGTQETQYF	1
CASSLGEGAEAFF	1
CASSLGTSSSYNEQFF	1
CASSLGTGFNEQYF	1
CASSLGTGRSGNTIYF	1
CASSLGNEQFF	1
CASSLGLAAYEQYF	1
CASSLGQNTGELFF	1
CASSLGTRYWTEAFF	1
CASSLGRKGINQPQHF	1
CASSLDSVMNTEAFF	1
CASSLDLSSYNEQFF	1
CASSLDVGQGYNEQFF	1
CASSLDAGRIDTQYF	1
CASSLDGSYSSSGNTIYF	1
CASSLDRGADTQYF	1
CASSLDRGYNEQFF	1
CASSLDGDPYGYTF	1
CASSLDRFYTGELFF	1
CASSLEAGTGETQYF	1
CASSLEGSVLNEQFF	1
CASSLEGTGRNSPLHF	1
CASSLESYGYTF	1
CASSLERRGPVGEKLFF	1
CASSLEVGLALETQYF	1
CASSLEGSSYEQYF	1
CASSLILSGGGQPQHF	1
CASSLTGRLMKKLFF	1
CASSLSWAGGIFADTQYF	1
CASSLSLAGTDTQYF	1
CASSLSLGTGGRGYTF	1
CASSLSGLAGTTGELFF	1
CASSLRLSEYNEQFF	1
CASSLNRDHGYTF	1
CASSLKENNSPLHF	1
CASSSHNTGELFF	1
CASSSIIGQSYEQYF	1
CASSSRILGETQYF	1
CASSSFSVNTGELFF	1
CASSSLSSYNEQFF	1
CASSSSGTGAGELFF	1
CASSSSTGNFNYGYTF	1
CASSSLNEKLFF	1
CASSSLPGTDLDNEQFF	1
CASSSPGLAGGPLYF	1
CASSSPTTKTLEQYF	1
CASSSRPGGTDTQYF	1
CASSSRVLAGNNEQFF	1
CASSSRRPVSGNTIYF	1
CASSSQGNPYNEQFF	1
CASSSAGIGEETQYF	1
CASSSGLYEQYF	1
CASSSGGRASGREQFF	1
CASSSGTSDYEQYF	1
CASSSGTASTDTQYF	1
CASSSEPTGYGYTF	1
CASSSISLPDTQYF	1
CASSSTGGEAFF	1
CASSSTPGELFF	1
CASSSLQRVGGYTF	1
CASSSRRGLAASYNEQFF	1
CASSSASSTDTQYF	1
CASSSAVGSGYGYTF	1
CASSSEQTGEHYGYTF	1
CASSSRGTGELFF	1
CASSSNYEQYF	1
CASSSPVGQGNTEAFF	1
CASSSRQGAFYGYTF	1
CASSSRQGASSNEQFF	1
CASSSGPGNEETQYF	1
CASSSETGTDYTF	1
CASSSMTRSNQPQHF	1
CASSSSVGSYNEQFF	1
CASSWYGGGSGNTIYF	1
CASSWLGTPNTGELFF	1
CASSWGGSVSHIEKLFF	1
CASSWTRGYSNQPQHF	1
CASSWTGGLNEKLFF	1
CASSWRSGGETQYF	1
CASSWKTGTPHNEQFF	1
CASSYRKASGGETQYF	1
CASSYRTPRRDYGYTF	1
CASSYHGTRRDEQFF	1
CASSYQTGTGETQYF	1
CASSYAYEQYF	1
CASSYGIGGELFF	1
CASSYEANYGYTF	1
CASSYTGELFF	1
CASSYRGRDYGYTF	1
CASSYNRLARDTQYF	1
CASSLQGGVDSPLHF	1
CASSLGVAGGPRNEQFF	1
CASSLGGGFQPQHF	1
CASSLEGDTQYF	1
CASSLTSLARGPNVRAFF	1
CASSLRHDSNQPQHF	1
CASSLGHRGIYGYTF	1
CASSLGRGLANYGYTF	1
CASSLDRGQPQHF	1
CASSLTALRAEAFF	1
CASSLTGELFF	1
CASSLTGVLNYGYTF	1
CASSLLRQGIGKNIQYF	1
CASSLGQKNQPQHF	1
CASSLGGATSGNTIYF	1
CASSLDRAFTEAFF	1
CASSLRVGSPLHF	1
CASSLLLTGGADGYTF	1
CASSLLAGGSKETQYF	1
CASSLRQSGTYNEQFF	1
CASSLMNRGRGPDEKLFF	1
CASSLTSSGPEAFF	1
CASSLRDRGNYGYTF	1
CASSPFGRNEKLFF	1
CASSPGGGGNGYTF	1
CASSPDFAVAQPQHF	1
CASSPERGLAGARTDTQYF	1
CASSPIMTRDTQYF	1
CASSPTVGTGGPAYEQYF	1
CASSPSGGTYEQYF	1
CASSPLASYEQYF	1
CASSPLSGGPYNEQFF	1
CASSPSSGSVYGYTF	1
CASSPSSVDTQYF	1
CASSPYGQGAETQYF	1
CASSPLSPQGTQYF	1
CASSPLPDHDYEQYF	1
CASSPPLPEAFF	1
CASSPPGTPEAFF	1
CASSPPEAGRYYEQYF	1
CASSPPQSVQYYGYTF	1
CASSPRGSEGNQPQHF	1
CASSPRDGDYNEQFF	1
CASSPRTSGGPNEFF	1
CASSPQTSAITGELFF	1
CASSPAVGTTGDDEQFF	1
CASSPGLNTEAFF	1
CASSPGVRITLSGNTIYF	1
CASSPGGLAGASEQFF	1
CASSPGTGDYGYTF	1
CASSPGRIEAFF	1
CASSPDSPWEGGNQPQHF	1
CASSPTRTGTGGNEQYF	1
CASSPLTDTQYF	1
CASSPSSGVDQPQHF	1
CASSPPDRSSYNEQFF	1
CASSPRQGPPNEQYF	1
CASSPGRAQYF	1
CASSPGPNPSGYTF	1
CASSPGVVNYGYTF	1
CASSPGVQETQYF	1
CASSPGQGYNEQFF	1
CASSPGQDYNEQFF	1
CASSPGAGENSDTQYF	1
CASSPTSNGVRVSYNEQFF	1
CASSPTGPALVYGYTF	1
CASSPTRNYGYTF	1
CASSPLTTSGSLYEQYF	1
CASSPPGNQPQHF	1
CASSPQGGGAEAFF	1
CASSPVAQGASPLHF	1
CASSPAAEQTNLWFF	1
CASSPAGGPNEQFF	1
CASSPGQGDDEKLFF	1
CASSPERTSGGRADTQYF	1
CASSPSGAGETTGELFF	1
CASSPKGPTGWNSPLHF	1
CASSRTEGTAGNTIYF	1
CASSRNDPKETQYF	1
CASSRPERGSSGELFF	1
CASSRPGDYGYTF	1
CASSRAGDGGQKYF	1
CASSRGTDTQYF	1
CASSRGAGTDTQYF	1
CASSRDRSTEAFF	1
CASSRDRGQIEKLFF	1
CASSRMPRSNEKLFF	1
CASSRGPYSNQPQHF	1
CASSRGRSTDTQYF	1
CASSRGDTQYF	1
CASSRGQGWNEQFF	1
CASSRESF	1
CASSRTGGTGELFF	1
CASSRRASWEKLFF	1
CASSRLAGGGKNIQYF	1
CASSRLAEKEETQYF	1
CASSRPARAETNEKLFF	1
CASSRVMGVPMNTEAFF	1
CASSRGGRGWVGYTF	1
CASSRDSNQPQHF	1
CASSRDRSTDTQYF	1
CASSHPGTSVTQYF	1
CASSHGQGNTIYF	1
CASSHSPRNYGYTF	1
CASSHGTEAFF	1
CASSHGISTLYEQYF	1
CASSQGASTDTQYF	1
CASSQGAGREKLFF	1
CASSQDILNQPQHF	1
CASSQETSGRTGELFF	1
CASSQIRDNPGYTF	1
CASSQIDRMNTEAFF	1
CASSQTRLEQYF	1
CASSQTRDAGWLFF	1
CASSQLTGGQNTEAFF	1
CASSQSQRTGYGYTF	1
CASSQSAGQSNYGYTF	1
CASSQLAGGKYEQYF	1
CASSQPGLSRGELFF	1
CASSQPALATGETQYF	1
CASSQVWAEANTGELFF	1
CASSQVQGDEKLFF	1
CASSQVRTDEQYF	1
CASSQVGTGPSSNEQFF	1
CASSQVLGRTDTQYF	1
CASSQVAPLAGGLDTQYF	1
CASSQAWGGGSLTGELFF	1
CASSQAGQGAETQYF	1
CASSQGSGPQETQYF	1
CASSQGRLGQRTQYF	1
CASSQGWQRSNQPQHF	1
CASSQGGPLRGPRENQETQYF	1
CASSQGDRAYNEQFF	1
CASSQGRGAQPQHF	1
CASSQGQETNEKLFF	1
CASSQGTINRQFNYGYTF	1
CASSQDLGGEPTGKLFF	1
CASSQDLRDLPYNEQFF	1
CASSQDLDQPQHF	1
CASSQDPGGKSYNEQFF	1
CASSQDRELAGNEQFF	1
CASSQDEQGNTDTQYF	1
CASSQDRGQPGEQYF	1
CASSQEWTANYNEQFF	1
CASSQESPSDEQYF	1
CASSQEYGTGQGAYNEQFF	1
CASSQEPGLLHNEQFF	1
CASSQEQALNIQYF	1
CASSQEVRRGTQYF	1
CASSQMRGAGGYTF	1
CASSQTEHYEQYF	1
CASSVDGRYGYTF	1
CASSVEETQYF	1
CASSVQGIRNEQFF	1
CASSVDRVENIQYF	1
CASSVLPGTVYTDTQYF	1
CASSVQPSGYNIQYF	1
CASSVVLAGLNEQFF	1
CASSVATLGGETQYF	1
CASSVAWESYNEQFF	1
CASSVADTQYF	1
CASSVGPPQYEQYF	1
CASSVGRDLRTQYF	1
CASSVGGSNTGELFF	1
CASSVGVAPRHEQFF	1
CASSVGSLDEQYF	1
CASSVDGSPYNEQFF	1
CASSAGTARHEKLFF	1
CASSAVGSGPQHF	1
CASSAGQGAGTEAFF	1
CASSAMAASTDTQYF	1
CASSAPYLGNTGELFF	1
CASSAGGLGYEQYF	1
CASSGAGTGSFLKFF	1
CASSGTYSRPDTQYF	1
CASSGFSSNQPQHF	1
CASSGGYGTKNIQYF	1
CASSGGTSGYEQYF	1
CASSGSGLALGYTF	1
CASSGRIAPWGDTQYF	1
CASSGGFEAFF	1
CASSDLQGPETQYF	1
CASSDVGAGKPQHF	1
CASSDGLAGERHTGELFF	1
CASSDGAFTDTQYF	1
CASSDTAHVLTVYEQYF	1
CASSDRGRRTGNTIYF	1
CASSEAPIPSGGHNEQFF	1
CASSEDNEQFF	1
CASSETSGRGNEQFF	1
CASSEAGGRWNEQFF	1
CASSISTSGTGYF	1
CASSISGTYDVYGYTF	1
CASSIREREKLFF	1
CASSITGGTGTGELFF	1
CASSMGATYGYTF	1
CASSIRVGGVVNSPLHF	1
CASSTSGSRSDTQYF	1
CASSTPGGIQPQHF	1
CASSTHYGYTF	1
CASSTPGLGQPQHF	1
CASSTARGNTGELFF	1
CASSTGTAVLYF	1
CASSTTGFQYF	1
CASSSQAKNIQYF	1
CASSSNPGGARTGELFF	1
CASSSNYNQPQHF	1
CASSSQGQGLTGELFF	1
CASSSQQRSGSYEQYF	1
CASSSAGTSGPLAKNIQYF	1
CASSRTPYEQYF	1
CASSRTAINQPQHF	1
CASSRNLRGAGTQYF	1
CASSRHTDTQYF	1
CASSRQGLDQPQHF	1
CASSRQGARSNQPQHF	1
CASSRGPGDGYTF	1
CASSRDHRGVEQYF	1
CASSRRQGEVRTEAFF	1
CASSNLNTEAFF	1
CASSNRQGGEAFF	1
CASSNTQRTDTQYF	1
CASSKKRGGQITDTQYF	1
CASSKLADLYF	1
CASSKPGTSGRVANEQFF	1
CASSKVEGGADTQYF	1
CASSKASSPSTGELFF	1
CASSKAQGDEQYF	1
CASSKAVRDYQPQHF	1
CASSKGQGPSGYTF	1
CASSKIARKETQYF	1
CASSKRGGNTGELFF	1
CASSKKGEEGGNTEAFF	1
CASRFERGFQETQYF	1
CASRSTGIGGNTIYF	1
CASRSRGANSPLHF	1
CASRLTSGNTGELFF	1
CASRPGLNTEAFF	1
CASRPQSATGNTIYF	1
CASRPGQGIHQPQHF	1
CASRPTGGSYNEQFF	1
CASRPPGQGLSGNTIYF	1
CASRQVLNTGELFF	1
CASRVTASGNTGELFF	1
CASRAGLVWGMEQYF	1
CASRGWRDYGYTF	1
CASRGLIQETQYF	1
CASRGGLSTDTQYF	1
CASRGPGPQHF	1
CASRGTAGANEKLFF	1
CASRGTEDSPLMNTEAFF	1
CASRGQGAWETQYF	1
CASRDRQGYGYTF	1
CASRDRGYYEQYF	1
CASRERSGDGETQYF	1
CASRTFGFLAKNIQYF	1
CASRTRGHLNTEAFF	1
CASRTQGNTEAFF	1
CASRTGGGGTEAFF	1
CASRSRENTEAFF	1
CASRSRDGYGELFF	1
CASRKLAGGTDTQYF	1
CASRKGQGAGEQYF	1
CASRKLAEAHNEQFF	1
CASRKGTSVSTDTQYF	1
CASRFTSAGGGTGELFF	1
CASRYGLAGDPGRQYF	1
CASRLLAGESPETQYF	1
CASRPSLRRTDTQYF	1
CASRPAGVRGETQYF	1
CASRPKEGVSYYGYTF	1
CASRPGTNNEQFF	1
CASRRTENTEAFF	1
CASRRSGRALSYEQYF	1
CASRRLAGTYEQYF	1
CASRRRQGYNSPLHF	1
CASRVIPWPVNEQFF	1
CASRGGNTEAFF	1
CASRDGNTEAFF	1
CASRIQGAANEKLFF	1
CASRTSGSTYEQYF	1
CASRTDTEAFF	1
CASRKSWRGKQETQYF	1
CASRKTGNVEAFF	1
CASNSRQGGYQPQHF	1
CASNPGAIETQYF	1
CASNVLVRTEAFF	1
CASNTGITDTQYF	1
CASNLREARETQYF	1
CASNLNSGNTIYF	1
CASNAGGNTIYF	1
CASNNPSGGGDTQYF	1
CASKYKGELFF	1
CASKQGRNQGYTF	1
CASKGGDGSNQPQHF	1
CASKGKGATNEKLFF	1
CASKPGRVGGNTIYF	1
CASKQTGTGISYNSPLHF	1
CASKGLQGLGTGELFF	1
CASKSPGGNYGYTF	1
CARIRVRLGIQYF	1
CARRREGGQNIQYF	1
CANLAYTGELFF	1
CANDPAAYGGPGPYGYTF	1
CANSKFCPGGIYEQFF	1
CAAGQGDKSSTDTQYF	1
CADGGAGTEAFF	1
CASSGVAGLMDF	1
CPLQLGGGIAQHF	1
CASYSDTKNIQYF	1
CARRPRGPFVNQPQHF	1
CATQISPRTGNTIYF	1
CASSRLAGYNEQFF	1
CASSRQDSYQETQYF	1
CASQLRVNTEAFF	1
CASAGSANYGYTF	1
CASATAVALGTYEQYF	1
CASATGGNSGNTIYF	1
CASGSGYEKLFF	1
CASGQDRGGRYGYTF	1
CASGQEGGSRNEQFF	1
CASGSGAYEQYF	1
CASIRGGLSVF	1
CASMPSSANNEQFF	1
CASMVGANYNEQFF	1
CASTSTGGTSGELFF	1
CASTEGQGVNYEQYF	1
CASTVTGELFF	1
CASTNEAPNTEAFF	1
CASSSRQGIYYGYTF	1
CASSYIAETYNEQFF	1
CASSPSNQGTDYTF	1
CASSPERANTGELFF	1
CASSPGQAISEQYF	1
CASSRDGYNEQFF	1
CASSQSMDRASTDTQYF	1
CASSQQGRWDNEQFF	1
CASSAWGGDEKTQYF	1
CASSGRSGSYNEQFF	1
CASSDVASFTDTQYF	1
CASSDSSYNEQFF	1
CASSESRAGTDTQYF	1
CASSESVGTWYQETQYF	1
CASSESKEAGDADTQYF	1
CASSESRGPAYEQYF	1
CASSEPTGIQETQYF	1
CASSEEPGLAGITDTQYF	1
CASSEKGLRTDTQYF	1
CASSEGVGEQYF	1
CASSTGTGADGYTF	1
CASSTGQGASNEQFF	1
CASSTTSGGQETQYF	1
CASSKGGYLRETQYF	1
CASSKDAFANTEAFF	1
CASSKVSDTEAFF	1
CASSFLAENTEAFF	1
CASSFGQDGYTF	1
CASSFDDTQYF	1
CASSFESGEYGYTF	1
CASSFIGRSYGYTF	1
CASSFTQQGDGYTF	1
CASSFGNSDTQYF	1
CASSFGIGYTF	1
CASSFGTQPLGYTF	1
CASSFETDTQYF	1
CASSFRGRNEKLFF	1
CASSFNGDRANYGYTF	1
CASSLFSPGSEAFF	1
CASSLFTGDYGYTF	1
CASSLSLPGATEAFF	1
CASSLSGRDQPQHF	1
CASSLRHGTGYTF	1
CASSLRIQGNTEAFF	1
CASSLVPDQPQHF	1
CASSLVARMNTEAFF	1
CASSLVAVTYEQYF	1
CASSLVGRDTEAFF	1
CASSLVGGPTDTQYF	1
CASSLVPKIRGNSPLHF	1
CASSLVPVNYGYTF	1
CASSLVVLSGTNTEAFF	1
CASSLVAGTTYGYTF	1
CASSLVASYGYTF	1
CASSLVGGKHQPQHF	1
CASSLVGDQQPQHF	1
CASSLVLGLGYTF	1
CASSLASLVGGVQGNTIYF	1
CASSLAGGRNTGELFF	1
CASSLALGNSPLHF	1
CASSLASTGNTEAFF	1
CASSLASGMPGELFF	1
CASSLARGIGDGYTF	1
CASSLAAGTSNEKLFF	1
CASSLAGGNSPLHF	1
CASSLADPGTEAFF	1
CASSLAEQVSGYTF	1
CASSLAGVVNQPQHF	1
CASSLGRVKAFF	1
CASSLGTYTDTQYF	1
CASSLGATNEKLFF	1
CASSLGDRREEAFF	1
CASSLGEYTEAFF	1
CASSLGTSRRSGNTIYF	1
CASSLGSAYGYTF	1
CASSLGYRGQQNTEAFF	1
CASSLGLEAFF	1
CASSLGGGEGNQPQHF	1
CASSLGGTTGELFF	1
CASSLDPGTRYEQYF	1
CASSLDSGWSSYEQYF	1
CASSLDSQGRTEAFF	1
CASSLDSNTGELFF	1
CASSLEGGHSPLHF	1
CASSLEGTRNEKLFF	1
CASSLEGLSYGYTF	1
CASSLETGRGKLFF	1
CASSLERKPGNTIYF	1
CASSLERSGGRTGELFF	1
CASSLEGWDEKLFF	1
CASSLEGLNTEAFF	1
CASSLEGGLRQPQHF	1
CASSLEGEWTDTQYF	1
CASSLEGGGNTIYF	1
CASSLIGPNSGNTIYF	1
CASSLMDWDTSNYGYTF	1
CASSLTDYNSPLHF	1
CASSLSGPHNEQFF	1
CASSLRTGSGYEQYF	1
CASSLNMAMNTEAFF	1
CASSLKGVGTDTQYF	1
CASSLSSNTGELFF	1
CASSLWTGPTDTQYF	1
CASSLLELFGEQFF	1
CASSLLAGDIYEQYF	1
CASSLPGTNYGYTF	1
CASSLQGSTGELFF	1
CASSLQGVSNQPQHF	1
CASSLGLRENTGELFF	1
CASSLGTGGGNSPLHF	1
CASSLDTTNTEAFF	1
CASSSRQGRAEQYF	1
CASSSGAGELFF	1
CASSSTGGRFLYGYTF	1
CASSSPGLHTEAFF	1
CASSSRPRGKDQPQHF	1
CASSSRTANGEGYTF	1
CASSSHLNRGSSYEQYF	1
CASSSGGQNTEAFF	1
CASSSGGNTEAFF	1
CASSSGTDISYEQYF	1
CASSSGQINQPQHF	1
CASSSNSPGQKAFF	1
CASSSSSYNEQFF	1
CASSSNRGDSYGYTF	1
CASSSQGQGAPTGELFF	1
CASSWGLNEKLFF	1
CASSWGQKNTEAFF	1
CASSWDGPPYEQYF	1
CASSWDRAHTEAFF	1
CASSWTGAQHF	1
CASSWTGGLGTEAFF	1
CASSWTGEDTEAFF	1
CASSWKAGTEDTGELFF	1
CASSYNTEAFF	1
CASSYVPDSYEQYF	1
CASSLFSGQKAFF	1
CASSLGGFEKLFF	1
CASSLRAGADEKLFF	1
CASSLRTSGGSNEQFF	1
CASSLASGNTIYF	1
CASSLGQGTDTQYF	1
CASSLRGRYEKLFF	1
CASSLRGVVDSPLHF	1
CASSLDGRNNQPQHF	1
CASSLMGGLANEQFF	1
CASSPLGGRAGETQYF	1
CASSPLAGTEYGYTF	1
CASSPPRQDATNEKLFF	1
CASSPRTTYTDTQYF	1
CASSPMAPGQETQYF	1
CASSPNPSGPNQPQHF	1
CASSPFLGRVNTQYF	1
CASSPWTDAEAFF	1
CASSPLRQGAANEKLFF	1
CASSPLKGERGTQETQYF	1
CASSPAAQTLTGELFF	1
CASSPGYTGELFF	1
CASSPGTYNEKLFF	1
CASSPGTENTEAFF	1
CASSPNSGKAVNEQYF	1
CASSPLPASGQMNTEAFF	1
CASSPGAGFHTDTQYF	1
CASSPGAGSNQPQHF	1
CASSPGDRNEKLFF	1
CASSPGTVGYTF	1
CASSPGTGVAETQYF	1
CASSPTSGRGYEQFF	1
CASSPTGGVNTEAFF	1
CASSPNPGGGQPQHF	1
CASSPPRTGVNTGELFF	1
CASSPQGSYEQYF	1
CASSPDLGTEAFF	1
CASSPDRRTSSDIQYF	1
CASSPDGTVGVGYTF	1
CASSPRTENTEAFF	1
CASSRLGTNYGYTF	1
CASSRPTGPNYGYTF	1
CASSRGTGQGADTQYF	1
CASSHPPRDFIVYEQFF	1
CASSHGFNQPQHF	1
CASSHGDRENQPQHF	1
CASSHPGKGGGYTF	1
CASSHIPNTGELFF	1
CASSQRLLAKNIQYF	1
CASSQAWESYNEQFF	1
CASSQAGSPSKGYGYTF	1
CASSQGPTSYEQYF	1
CASSQLRGDSYEQYF	1
CASSQPSGSSYNEQFF	1
CASSQPGGRQDTQYF	1
CASSQPRRGPYGYTF	1
CASSQPTGGRNQPQHF	1
CASSQRDRGPYEQYF	1
CASSQRGQVYNEQFF	1
CASSQQGTDTQYF	1
CASSQVDSHNQPQHF	1
CASSQVRGLSDTQYF	1
CASSQVQGSNEQFF	1
CASSQVVAGFTDTQYF	1
CASSQVRGNTYEQYF	1
CASSQVDLGLSYNEQFF	1
CASSQAADTQYF	1
CASSQAHPTSGRETQYF	1
CASSQAQGYEQYF	1
CASSQAQGNNQPQHF	1
CASSQGPTRPPATDTQYF	1
CASSQGPGQGRKNTEAFF	1
CASSQGGQAIFSTDTQYF	1
CASSQDSWYIQYF	1
CASSQDSGIYEQYF	1
CASSQDWRGNEKLFF	1
CASSQDWRDEQYF	1
CASSQDPYNEQFF	1
CASSQDPAGWETQYF	1
CASSQDRTGGGYEQYF	1
CASSQDRVAGYSQYF	1
CASSQDRAGDTDTQYF	1
CASSQDHAGGPYEQYF	1
CASSQDSGGITGELFF	1
CASSQDRGGNQPQHF	1
CASSQDRDRDFSDGYTF	1
CASSQDRSRPPDYEQYF	1
CASSQDGQGRLEQYF	1
CASSQERNPQYF	1
CASSQEARGGTGELFF	1
CASSQEKGNVYGYTF	1
CASSQEFVSTDTQYF	1
CASSQEAAGTGMGYEQYF	1
CASSQETRTGSSYNSPLHF	1
CASSQERNRTMDNEQYF	1
CASSQTLTQTGELFF	1
CASSQSKTGLYGYTF	1
CASSQRFDRVMNIQYF	1
CASSVPTGPPGYGYTF	1
CASSVENYGYTF	1
CASSVGGRTTNEKLFF	1
CASSVQADTGELFF	1
CASSVGDRENTEAFF	1
CASSASPKDLILPQHF	1
CASSARQWQETQYF	1
CASSAGQVDTEAFF	1
CASSAGQGNFNYGYTF	1
CASSATTVGELFF	1
CASSAQTGLGDTEAFF	1
CASSGRDSAHIDTQYF	1
CASSGAHQEGYTF	1
CASSGGQGRFGNQPQHF	1
CASSGRYNSPLHF	1
CASSDGQRNEQFF	1
CASSDRVGNSPLHF	1
CASSETGVGEAFF	1
CASSIHDRPNTEAFF	1
CASSMRTSGTDTQYF	1
CASSTYNSVGAEAFF	1
CASSTTQGKNTEAFF	1
CASSNRELNTEAFF	1
CASSKDRGNEKLFF	1
CASRRQDSGNTIYF	1
CASRGVGKTEAFF	1
CASRGTDTQYF	1
CASRGASIEAFF	1
CASRGQGAEKLFF	1
CASRDRANTEAFF	1
CASRLAGGPGETQYF	1
CASRLGGGELFF	1
CASRPGQRNTEAFF	1
CASRPNTGELFF	1
CASRRQGRDTEAFF	1
CASRGTGVMSPLHF	1
CASNLAPNTGELFF	1
CASNPTGRWTDTQYF	1
CASNSGNEQFF	1
CASKEGERLDQPQHF	1
CSSSTGWWETQYF	1
CSSGLRVLETQYF	1
CSVPTSGGYEQYF	1
CSVEPLSRRAYNEQFF	1
CSVEEYNEQFF	1
CSASAGTNQPQHF	1
CSASRLGTSGRADTGELFF	1
CSASVQGSMNTEAFF	1
CSALRGGGEREVIAKNIQYF	1
CSALPPGGGNYGYTF	1
CSAPGLAGPYNEQFF	1
CSAPKGGGQTDTQYF	1
CSAPRERGYQETQYF	1
CSAPGTKYNQPQHF	1
CSAPEPGTGGYTEAFF	1
CSAPGPYENIQYF	1
CSARRTGTGELFF	1
CSARTPGASYNEQFF	1
CSARTSGTGELFF	1
CSAQVRGTYEQYF	1
CSAQLGNEQFF	1
CSAQSGGDQETQYF	1
CSAVEGYLSGNTIYF	1
CSAAGTGTYEQYF	1
CSAGTTLKGNTGELFF	1
CSAGQSTGYGETQYF	1
CSAELSYEQYF	1
CSAEHGGDTQYF	1
CSAIGQSYQPQHF	1
CSAIRTSGTETQYF	1
CSAIRGQGGSSPLHF	1
CSAIAELAGERADTQYF	1
CSAMGQGDSPLHF	1
CSAMRTGFTDTQYF	1
CSAMNQETQYF	1
CSATSAISYEQYF	1
CSATSFGEGTDTQYF	1
CSATMWDRSVNNQPQHF	1
CSATSAGGDQETQYF	1
CSASLDKTNYGYTF	1
CSASPGQQYGYTF	1
CSASAPGGGGETQYF	1
CSASGGPGNQPQHF	1
CSASGSSYNEQFF	1
CSASDPYSYNSPLHF	1
CSASSIGTGVYEQYF	1
CSASLLGTYEQYF	1
CSASPPGGWTDTQYF	1
CSASRGVTGELFF	1
CSASVGLGGYEQYF	1
CSASAGGNYGYTF	1
CSASGPTYEQYF	1
CSASGRSYEQYF	1
CSASEPLKEQYF	1
CSASSRYPNTGELFF	1
CSARFGMDTQYF	1
CSARSETQYF	1
CSARPPRRSNTGELFF	1
CSARVLAVNTGELFF	1
CSARGVGYTF	1
CSARGTSDYEQYF	1
CSAREPTGRYEQYF	1
CSAREGVYTGELFF	1
CSARTGSSNQPQHF	1
CSARTVNTDTQYF	1
CSARSYNEQFF	1
CSARFGGGGETQYF	1
CSARLTGGGVNTEAFF	1
CSARSGWNTGELFF	1
CSARLRTRVYEQYF	1
CSARLYSVNSPLHF	1
CSARPQSNQPQHF	1
CSARPGQPYEQYF	1
CSARPTSGGFYEQYF	1
CSARRGETQYF	1
CSARQGPNQPQHF	1
CSARQGTGELFF	1
CSARVLGGLETQYF	1
CSARVPGGRGTDTQYF	1
CSARVKGTSYNSPLHF	1
CSARVRYTEAFF	1
CSARVGSEGTEAFF	1
CSARVGRGRNQPQHF	1
CSARVTGGEVDEQFF	1
CSARAPTGGTKNIQYF	1
CSARAGTSGYEQYF	1
CSARAGTASYEQYF	1
CSARAGLGPDTQYF	1
CSARGGQGSSYNSPLHF	1
CSARGSGGAPDTQYF	1
CSARGPETYEQYF	1
CSARGAEGYQETQYF	1
CSARGGLAGGPLDEQFF	1
CSARGSQGANTGELFF	1
CSARGPSNTEAFF	1
CSARGEGQMSSYNSPLHF	1
CSARDLLSGGWETQYF	1
CSARDSQGGTGELFF	1
CSARDSRGYGAQYF	1
CSARDLGQGESYEQYF	1
CSARDLAGGSYEQYF	1
CSARDLERWYF	1
CSARDPRGVNQPQHF	1
CSARDPRTALNQPQHF	1
CSARDPRGLNEQFF	1
CSARDRTNLAETQYF	1
CSARDARGNGYTF	1
CSARDGARGVTDTQYF	1
CSARDGGVIYGYTF	1
CSARDGGLISIEQYF	1
CSARDGTSGSYEQYF	1
CSARDEIGEKLFF	1
CSARDTSTDTQYF	1
CSARDTGAPGELFF	1
CSARDPGQYYEQYF	1
CSARELAGGLEQYF	1
CSAREAPGREGTQYF	1
CSAREGSGTDTQYF	1
CSAREGVYEQYF	1
CSAREGTEQFF	1
CSARETISGRSNEQFF	1
CSARIRRGGLGTDTQYF	1
CSARMSVADTQYF	1
CSARTAYNEKLFF	1
CSARTSGTSTDTQYF	1
CSARTDSVDGEKLFF	1
CSARSGTKRGYEQYF	1
CSARRGGEQFF	1
CSARRTSVPYEQYF	1
CSARNPGQTDYEQYF	1
CSARKDEETQYF	1
CSANSGLALYTGELFF	1
CSALRDRGNQPQHF	1
CSAPNRENYGYTF	1
CSARSDPSRTDTQYF	1
CSARDPGPDTQYF	1
CSAQHQGSGNTIYF	1
CSAGDRGHEKLFF	1
CSAGEYGYTF	1
CSATSSGRADTQYF	1
CSASRLAGGKDTQYF	1
CSAPGAENRETQYF	1
CSAPGLAGNTDTQYF	1
CSAVAANEKLFF	1
CSAASSTGSGWGYTF	1
CSAGPLAGAGEQYF	1
CSARDSLRSENQPQHF	1
CSASRLALSTDTQYF	1
CSARGGGPTAFF	1
CSGNRDTEAFF	1
CSGWDSSTDTQYF	1
CSTQNRGSVDGYTF	1
CSVFTGLNTGELFF	1
CSVLPGTADTGELFF	1
CSVSHRDGGELFF	1
CSVPLAGFKNEQFF	1
CSVRQGNQPQHF	1
CSVVTSGRARSYNEQFF	1
CSVVWDVPYEQYF	1
CSVVPNTGELFF	1
CSVALIRDSQGETQYF	1
CSVAPGAGASDEQYF	1
CSVARDLSYEQYF	1
CSVAGESYEQYF	1
CSVAGLAGHNEQFF	1
CSVATEFSYNEQFF	1
CSVAVGKETQYF	1
CSVGVGSKLSEAFF	1
CSVGGYREGPNTEAFF	1
CSVGGQTDTQYF	1
CSVGTDLNEKLFF	1
CSVGLDEYEQYF	1
CSVGVLGEGNEQFF	1
CSVDLAGTDTQYF	1
CSVDSDFTDTQYF	1
CSVDPGVAGGKTYNEQFF	1
CSVDRASGPTYNEQFF	1
CSVEYPESYEQYF	1
CSVETGTGGNEQFF	1
CSVEWRAGNPYEQYF	1
CSVEPRGLTDTQYF	1
CSVEPTGGLNYEQYF	1
CSVEPAYPTRDTQYF	1
CSVEVAYMREQYF	1
CSVEVQPGGDYGYTF	1
CSVEAGSYEQYF	1
CSVEGWVNPGELFF	1
CSVEGPSTVWGNYGYTF	1
CSVEGEGGSYEQYF	1
CSVEDSGRGRTEAFF	1
CSVEDLLGTSGSKSQETQYF	1
CSVEDPSGRGDGSYEQYF	1
CSVEDRSGPQHF	1
CSVEDSYSGNTIYF	1
CSVEDRHSYEQYF	1
CSVEERSYEQYF	1
CSVEEGGSLNTQYF	1
CSVETESANTGELFF	1
CSVEKRNRGSYEQYF	1
CSVTSGSYNEQFF	1
CSVNSVSQGGSYEQYF	1
CSVWTITSGSYNEQFF	1
CSVPTGAQETQYF	1
CSVPGGAGVHEQYF	1
CSVHPPGPDTQYF	1
CSVQSSESYEQYF	1
CSVGGLVERETQYF	1
CSVISGTEGSYNEQFF	1
CSVRGRRELFF	1
CSVRLAGVFEQYF	1
CSVAPGTWYQETQYF	1
CSVEQGGKNIQYF	1
CSVIRDSEQFF	1
CSVTKGTGETQYF	1
CSVRGRENQETQYF	1
CSVAGGLGNEQFF	1
CSVEDRVNSDTQYF	1
CSAFRGADTGELFF	1
CSASFRGVYEQYF	1
CSARISGETQYF	1
CSAQPGTTDPGETQYF	1
CSAPARGGYGYTF	1
CSAEGPSGSNNLGVAQYF	1
CSAKHSANTGELFF	1
CSAGVYYEQYF	1
CSAGLAGVIDTQYF	1
CSATTGGNTEAFF	1
CSGPTDTQYF	1
CSGQAGPLGSEQYF	1
CSDRGRCAGSLFPLPNEYEQYF	1
CSEDSYGYTF	1
CRGISGAQETQYF	1
RASSLQDSPYEQYF	1
RASSLVVPHFRGSYEQYF	1
RASSLILITGDSCIRSYNEQFF	1
RASSLMVAGGTDTQYF	1
RASSPGGPASKGDGYTF	1
CAWSRLAGDFLNTGELFF	3
CASSYVQQETQYF	3
CSARGKVSGLNNEQFF	3
CAEGPRTDTQYF	2
CASGIQANNEQFF	2
CASSFLAGENNEQFF	2
CASSLVAGGHEQFF	2
CASSYTGTANTGELFF	2
CASSRRGGRPSQETQYF	2
CASSEAPSGAQETQYF	2
CASSTLQGSSSYNEQFF	2
CASSFRHEQFF	2
CASSLFGGPDEQYF	2
CASSYGRRGQDYGYTF	2
CASSPGLVGTQYF	2
CASSRWDSVEQFF	2
CASSQDIEQFF	2
CASRRGVSVGELFF	2
CATEKGQGGDEQFF	2
CASMQGGDEQFF	2
CASSEAGGPSYEQYF	2
CASSLFSADTQYF	2
CASSLVAGEINNEQFF	2
CASSLVLMIHTQYF	2
CASSLGVGGGSYNEQFF	2
CASSLELDTQYF	2
CASSLEDRIQYF	2
CASSLARGDEQFF	2
CASSLVLGRGGIQYF	2
CASSPSSDTGELFF	2
CASSPGTSVDTQYF	2
CSAPRTSGDYNEQFF	2
CSATSGSYGYTF	2
CSATQSFPGLASSADTQYF	2
CSARDQGLRRVWGYF	2
CSARETSGRETQYF	2
SQGNTLTDTQYF	1
CASAGADTQYF	1
CASGETPGRGYTF	1
CASSFTSGPGELFF	1
CASSLGQGQGEETQYF	1
CASSPQGTGELFF	1
CASSPGGEYGETQYF	1
CASSRRVGTDTQYF	1
CASSRGEHTIYF	1
CASCAGGPKNIQYF	1
CAWFGARGGGGYTF	1
CAWVQGARRETQYF	1
CAWATGDNSPLHF	1
CAWSSPQETQYF	1
CAWSPRSNQPQHF	1
CAWSVRLMNTEAFF	1
CAWSVKYGYTF	1
CAWSVGQGTEAFF	1
CAAGLWNEQFF	1
CAAGGSSYEQYF	1
CAASNLRERHTDTQYF	1
CAGEPQLGYEQFF	1
CAGRTGGGYTF	1
CAIPPTGASYNEQFF	1
CAIHTSRGRTEAFF	1
CAISRGSGGSNEQFF	1
CAIPWGGGYTF	1
CAIQRGGSYNEQFF	1
CAIGPYNEQFF	1
CAIGPNRGREQYF	1
CAIGRETYNEQFF	1
CAIGQGGIEQYF	1
CAIGDQSLFSYEQYF	1
CAIGQDNEQFF	1
CAIERDTGELFF	1
CAISFGLPNNEQFF	1
CAISSRQGHNSPLHF	1
CAISPNGVRTDTQYF	1
CAISPDTGEDTQYF	1
CAISVGSGGTGELFF	1
CAISVKGGDGYTF	1
CAISAPDRFTDTQYF	1
CAISADRQNSPLHF	1
CAISGDRGGQETQYF	1
CAISGSTSGIANYEQYF	1
CAISDLADSSYNEQFF	1
CAISDQGANYEQYF	1
CAISDRTGVATDTQYF	1
CAISDRVSSYEQYF	1
CAISDKYQETQYF	1
CAISESTEETQYF	1
CAISESSLAGVTDTQYF	1
CAISESQYREVSNTIYF	1
CAISESGFTYEQYF	1
CAISESGQVPYEQYF	1
CAISESITYEQYF	1
CAISESVPGGGNEKLFF	1
CAISESAGYEQYF	1
CAISESGQPYEQYF	1
CAISESTLGGSADTQYF	1
CAISESTSGTSKGETQYF	1
CAISESTAGRNTQYF	1
CAISESTGGSNQPQHF	1
CAISEPEGLAGCSVTDTQYF	1
CAISEPGQPRSYEQYF	1
CAISEPIGGDYNEQFF	1
CAISEVGAGGHIRRGTQYF	1
CAISEESGSYEQYF	1
CAISETFDGTQYF	1
CAISETTSYEQYF	1
CAISELWGLALSYEQYF	1
CAISITSGSKNTGELFF	1
CAISTGYQETQYF	1
CAISRDRGSSYNEQFF	1
CAISPGADTQYF	1
CAISRDLNNEQFF	1
CAISRTGPPLYGYTF	1
CAISRAAGGITDTQYF	1
CAISQREGHVETQYF	1
CAISGGPNNEQFF	1
CAIRFGQEAGYEQYF	1
CAIRPGRYEVETQYF	1
CAIRQAGIYEQYF	1
CAIRVSGGVYEQYF	1
CAIRVGGTETQYF	1
CAIRVGQQSETQYF	1
CAIRGPGELFF	1
CAIRDAGGGAGDTQYF	1
CAIRPGTGQETQYF	1
CAIRPLGAPTDTQYF	1
CAIRGTDQETQYF	1
CAIRKAGTAEAFF	1
CAIKASGSRGEQFF	1
CAIRRAGGQETQYF	1
CATSARAIGSSAQHF	1
CATSGGATDTQYF	1
CATLFGGRVNEQFF	1
CATLTSGSYNEQFF	1
CATLRRLVYNEQFF	1
CATRAAGSRETQYF	1
CATAQGGGGTEAFF	1
CATAPVMAGGGECEQYF	1
CATGAGETLYYGYTF	1
CATGTSPLDTQYF	1
CATELQDTQYF	1
CATIYQETQYF	1
CATTERDSGNTIYF	1
CATTGTDQETQYF	1
CATTGLAGRGETQYF	1
CATTGLGNWGEQFF	1
CATTPGLGETQYF	1
CATSGGGLELQETQYF	1
CATSDFWDSGTGELFF	1
CATSDFQGASDTQYF	1
CATSDFGLAGTYNEQFF	1
CATSDLLGEANEQFF	1
CATSDLGNSEQFF	1
CATSDSKPSSYNEQFF	1
CATSDSSGVGTQYF	1
CATSDSGSHHEQYF	1
CATSDSDRVFDTQYF	1
CATSDSTGLEAFF	1
CATSDWRTNTGELFF	1
CATSDWKGDEAFF	1
CATSDPGEGAETQYF	1
CATSDPDRVSTDTQYF	1
CATSDPRTGPGAFF	1
CATSDASTDPYQETQYF	1
CATSDAGTENSPLHF	1
CATSDGGVGQPQHF	1
CATSDGNDRTYEQYF	1
CATSDEGGQPQHF	1
CATSDLGLAGGFRQFF	1
CATSDPGTGRETQYF	1
CATSDPGAHNEQFF	1
CATSDGYLNQPQHF	1
CATSDTGTGEGYGYTF	1
CATSDNWFGDTQYF	1
CATSEPGRTDTQYF	1
CATSNLQTGGHTDTQYF	1
CATSLPRGSGDTQYF	1
CATSLAGGTTYEQYF	1
CATSRRLGREQYF	1
CATSVLITKQGWEKGETQYF	1
CATSGGDRDNSPLHF	1
CATSERGNNEKLFF	1
CATSMGYRQPQHF	1
CATSTDRRDTQYF	1
CATSSGPRSTDTQYF	1
CATSSDRPDNEQFF	1
CATSSTAYNEQFF	1
CATSRSGTGVYNEQFF	1
CATSRVSTDTQYF	1
CATSRVPRVTQETQYF	1
CATSRVGPTSSYEQYF	1
CATSRVSGGAGTDTQYF	1
CATSRVALTYNSPLHF	1
CATSRAGTGFNEQFF	1
CATSRGGLGGIYEQFF	1
CATSRDPVSSEQYF	1
CATSRDRSQPANYGYTF	1
CATSRDQAGTGPTNEKLFF	1
CATSRDGGRRETQYF	1
CATSRDPHSARHF	1
CATSRDREDYGYTF	1
CATSREPGQQETQYF	1
CATSREGKFSYSNQPQHF	1
CATSRETTIYNEQFF	1
CATSREGWRAIVTDTQYF	1
CATSRTSGKETQYF	1
CATSNAGGIDTQYF	1
CATRAGTSEIDEQYF	1
CATRDNTYNEQFF	1
CATRPKFDEQYF	1
CATKGLAGVNEQFF	1
CATKGGTDTQYF	1
CATTSGGVQYF	1
CATIIWGLSYTF	1
CASCPDPDYGYTF	1
CASQLAGGGRNEQYF	1
CASTGTSGAKETQYF	1
CASSDDRAHQPQHF	1
CASSKNTEAFF	1
CASSQRDTYNEQFF	1
CASNTGLAVSYEQYF	1
CASKWGQNTEAFF	1
CASFGVGELFF	1
CASFWTGAKNIQYF	1
CASFQTESSYNEQFF	1
CASFTGGRETQYF	1
CASLDYGYTF	1
CASSLIGEGPYEQYF	1
CASSPTEDTQYF	1
CASSNLGSQPQHF	1
CASSATLAANTGELFF	1
CASSGGVNREDQPQHF	1
CASSLMEGIGQKLFF	1
CASSPRTSGGAGEQFF	1
CASSPTTSGGAFEQYF	1
CASSPDSDSYEQYF	1
CASSPDRNTGELFF	1
CASSPLREVGTQYF	1
CASSPPGHPEKLFF	1
CASSPQADGYTF	1
CASSPGLDRPYGYTF	1
CASSPSRAPEAFF	1
CASSPREDSLGGSAFF	1
CASSRTSVFLGTQYF	1
CASSREDRGTNQPQHF	1
CASSRTLAEYYEQYF	1
CASSGTGGARLYGYTF	1
CASSGIRGDSYEQYF	1
CASCSTRDLRGYTF	1
CASCRAPDAHEQYF	1
CASLRQGGYEQYF	1
CASLALTGGVSYEQYF	1
CASLGWIVNNEQFF	1
CASLLGGSYEQYF	1
CASLVGTRGYTF	1
CASLPSGNTEAFF	1
CASLGEPGTNNEQFF	1
CASPPGGGRGSYNEQFF	1
CASPWRSPPEAFF	1
CASPEDVNTEAFF	1
CASRYALIYEQYF	1
CASREQGALNEQFF	1
CASRLAGRYQETQYF	1
CASRRAASTDTQYF	1
CASRVRGDEQYF	1
CASRTASTDTQYF	1
CASRTPLPAGTSTDTQYF	1
CASRRPRGSTTDTQYF	1
CASRRTGILETQYF	1
CASHGLGLPGNQPQHF	1
CASHGRGGNSPLHF	1
CASHRGTPTDTQYF	1
CASQDRLAKNIQYF	1
CASQAPGQGADTQYF	1
CASVPGHGETQYF	1
CASVGLTGESVDEKLFF	1
CASAGSGAYNEQFF	1
CASASDSATNEKLFF	1
CASAQAGNEQFF	1
CASAENSGGDRTGELFF	1
CASATFTRYYNEQFF	1
CASAERGGKYNEQFF	1
CASGWGGSISYNSPLHF	1
CASGLAGTGGDEQYF	1
CASGGNRAGELFF	1
CASGRGDTQYF	1
CASGRTPNYGYTF	1
CASGGTGELFF	1
CASGTAFQDTQYF	1
CASGRGTQYF	1
CASGFGTSGPYEQYF	1
CASGSPGGGSQPQHF	1
CASGRWGAAFF	1
CASGHPASSYEQYF	1
CASGGGYNSPLHF	1
CASEGWTSGSSEQYF	1
CASEPISGVRNQPQHF	1
CASEAGPGIGTDTQYF	1
CASIRADTGELFF	1
CASIATGTGSGYTF	1
CASIDRANSPLHF	1
CASIRTDLVMSYEQYF	1
CASISSGGQEQYF	1
CASIPKGIGFGGSYEQYF	1
CASIITAGAGNIQYF	1
CASIRQSSTDTQYF	1
CASMRSSNQPQHF	1
CASMVVSRQGVGPQYF	1
CASILSETQYF	1
CASIGTLGETQYF	1
CASTFRLAGANYEQYF	1
CASTLRGPTGEKLFF	1
CASTSNGQINQPQHF	1
CASTWNTGELFF	1
CASTLRGAPGELFF	1
CASTQGHANTEAFF	1
CASTGGLASFEQFF	1
CASTTTRWDQPQHF	1
CASTKAGSNQPQHF	1
CASTFAGNTIYF	1
CASTFSGRIGETQYF	1
CASTLGGAEAFF	1
CASTLRGQPQHF	1
CASTSRTGGFSRDGYTF	1
CASTSTSGSGYEQYF	1
CASTSWGEQYF	1
CASTYGLAETYEQYF	1
CASTYTGELFF	1
CASTLSSYEQYF	1
CASTLGGPSAEAFF	1
CASTLGHLNTEAFF	1
CASTLTGGTSPLHF	1
CASTLLNTEAFF	1
CASTPSGPRNYGYTF	1
CASTPGTGPYGYTF	1
CASTPGQAAGNTIYF	1
CASTPRGATDTQYF	1
CASTPGARWETQYF	1
CASTPWGTGDYGYTF	1
CASTRGALKTQYF	1
CASTHPRGNTEAFF	1
CASTQLAGVAGELFF	1
CASTQPGRAQHF	1
CASTVTYKSPRAFF	1
CASTGWEGNQPQHF	1
CASTGGPGTGELFF	1
CASTDTNSYQPQHF	1
CASTIIGGAYEQYF	1
CASTTGPLANEQYF	1
CASTSDRVYEQYF	1
CASTREEGTDTQYF	1
CASTNRRSYEQYF	1
CASTYRTGSGNQPQHF	1
CASTGTSGRVNEQFF	1
CASTSVYGYTF	1
CASTDRVVSPLHF	1
CASSFFGGELFF	1
CASSFLRGHGELFF	1
CASSFYRGGLAAETQYF	1
CASSFYRQGNTEAFF	1
CASSFLAGGVNEQFF	1
CASSFPPTGGYTF	1
CASSFPGRDNGYTF	1
CASSFAGQNTGELFF	1
CASSFGWTEAFF	1
CASSFGARQPQHF	1
CASSFGAHQPQHF	1
CASSFGVTYEQYF	1
CASSFDRGNEKLFF	1
CASSFMRGSSSYNSPLHF	1
CASSFTGLGNYEQYF	1
CASSFSSGELFF	1
CASSFSRNYEQYF	1
CASSFRSRGGLRIINEQFF	1
CASSFRAGTGPNQPQHF	1
CASSFRDRGSPLHF	1
CASSFKGGVTEAFF	1
CASSFFLRGRPLNTEAFF	1
CASSFFQGHSNYGYTF	1
CASSFFQDSSYEQYF	1
CASSFSGYEQYF	1
CASSFSISSYEQYF	1
CASSFSGNTIYF	1
CASSFSGGLAYEQYF	1
CASSFSTNTEAFF	1
CASSFWGRGANEKLFF	1
CASSFLQDTEAFF	1
CASSFPGGDTQYF	1
CASSFPRVQVGNTIYF	1
CASSFRNRNTEAFF	1
CASSFRDIYNEQFF	1
CASSFHSDGGISYRRYGYTF	1
CASSFQGYQPQHF	1
CASSFQGGGEKLFF	1
CASSFAARNSPLHF	1
CASSFAGPPQETQYF	1
CASSFGQSNTEAFF	1
CASSFGGAMNTGELFF	1
CASSFGEGPQPQHF	1
CASSFGGSTDTQYF	1
CASSFGSQPQHF	1
CASSFSPYEQYF	1
CASSFRPGIKNEQFF	1
CASSFRGNYGYTF	1
CASSFRNTGELFF	1
CASSLFVGSSYEQYF	1
CASSLLGQGSGEQYF	1
CASSLSGSNIQYF	1
CASSLLGSSAYEQYF	1
CASSLPGELFF	1
CASSLHLGGQGGNTIYF	1
CASSLVGWNTEAFF	1
CASSLVGGGPQHF	1
CASSLANLNTEAFF	1
CASSLGVHRGELFF	1
CASSLGPQYGYTF	1
CASSLGQNSYEQYF	1
CASSLGAGVNYGYTF	1
CASSLGTNYGYTF	1
CASSLGSTDTQYF	1
CASSLGLAGYNEQFF	1
CASSLGQGRDTQYF	1
CASSLGEGEQFF	1
CASSLDSTDEKLFF	1
CASSLDRGYGYTF	1
CASSLEGQYQPQHF	1
CASSLTTGYTGELFF	1
CASSLTGYLYNEQFF	1
CASSLRWGDRENSPLHF	1
CASSLKDTQYF	1
CASSLFSGTATQETQYF	1
CASSLFEGISTDTQYF	1
CASSLFPPTTQYF	1
CASSLFGGKLHEQYF	1
CASSLSPRGGGYTF	1
CASSLSYSPNQPQHF	1
CASSLSGAGFTKETQYF	1
CASSLSGRGHEQYF	1
CASSLSGNTEAFF	1
CASSLSSPYQPQHF	1
CASSLSGGASYNEQFF	1
CASSLWGRGLGVNTEAFF	1
CASSLWGTGSVSYEQYF	1
CASSLYTGGPDTQYF	1
CASSLYSYNEQFF	1
CASSLYSRSSLGELFF	1
CASSLYPGQSGDEQFF	1
CASSLYRGGGYTF	1
CASSLLGEGANRYGYTF	1
CASSLPGSPLHF	1
CASSLPGAGELFF	1
CASSLPGTLSNNEQFF	1
CASSLRGIGQPQHF	1
CASSLRGGQPQHF	1
CASSLRSTDTQYF	1
CASSLQGASNQPQHF	1
CASSLVVRSIGNTIYF	1
CASSLVVTSGSGKNIQYF	1
CASSLVGAAEKLFF	1
CASSLVGGHRNEQYF	1
CASSLVRSNEQYF	1
CASSLALRNTIYF	1
CASSLAGQRATEAFF	1
CASSLAPGRENYGYTF	1
CASSLAGELFF	1
CASSLAGTGNEQFF	1
CASSLARTGLIGRTEAFF	1
CASSLALGGLNQPQHF	1
CASSLGLGTEAFF	1
CASSLGPIGTQYF	1
CASSLGQYNSPLHF	1
CASSLGVTEAFF	1
CASSLGGSSYNEQFF	1
CASSLGQGGSNQPQHF	1
CASSLGGLTGELFF	1
CASSLGDTGGFTEAFF	1
CASSLDERSPLHF	1
CASSLDFYGYTF	1
CASSLDNAGNTIYF	1
CASSLEGNYNSPLHF	1
CASSLEQSNQPQHF	1
CASSLIWETQYF	1
CASSLTPDSNTEAFF	1
CASSLTGHSYEQYF	1
CASSLTDRGRGNEKLFF	1
CASSLTESYEQYF	1
CASSLSQGMSTEAFF	1
CASSLSGSRSGNTIYF	1
CASSLRSTNEKLFF	1
CASSLRPGEEENTEAFF	1
CASSLRQSNQPQHF	1
CASSLRGMSTEAFF	1
CASSLRQGANYEQYF	1
CASSLNPDTQYF	1
CASSLKGSGQGYGYTF	1
CASSLKDRPGKLFF	1
CASSLKNTIYF	1
CASSSRTGGVGYTF	1
CASSSHTTTGPEQYF	1
CASSSAGTENSPLHF	1
CASSSDRVSNIQYF	1
CASSSIGQGWTGELFF	1
CASSSSRNEQFF	1
CASSSRDTSNYGYTF	1
CASSSWTSGGFKGAEQFF	1
CASSSLDSSYNEQFF	1
CASSSPSTALNTEAFF	1
CASSSPQGKGTGELFF	1
CASSSPRGGPQHF	1
CASSSQPNTGELFF	1
CASSSQGRNQPQHF	1
CASSSVGGLPYNEQFF	1
CASSSGTGPGSEFF	1
CASSSSGGSSYNEQFF	1
CASSSSGTGIEKLFF	1
CASSSLGDATDTQYF	1
CASSSPGLAGPHSYEQYF	1
CASSSGRGPYLYF	1
CASSSTGLAGGNEQFF	1
CASSSTSAHQETQYF	1
CASSSTAEGNQPQHF	1
CASSSTGGAETQYF	1
CASSSTGGYTF	1
CASSSLGSSYNSPLHF	1
CASSSTDNTNIYEQYF	1
CASSSTGGPNNEQFF	1
CASSSRTSGTGELFF	1
CASSWGGGSYNEQFF	1
CASSWDRGNWELFF	1
CASSWDRFTDTQYF	1
CASSWTGLNEKLFF	1
CASSWTGRNEQFF	1
CASSWTGAYEQYF	1
CASSYSDRGFEQYF	1
CASSYLDAFTGELFF	1
CASSYLTGTSGETQYF	1
CASSYQPADDTEAFF	1
CASSYGTGPMEQFF	1
CASSYIGSALPDSTF	1
CASSYFGGGGRQPQHF	1
CASSYSFLEPYEQYF	1
CASSYSPGTDTQYF	1
CASSYSGAGRPGELFF	1
CASSYSGDGRTQYF	1
CASSYSPTLDQPQHF	1
CASSYSQDRDSPPTYEQYF	1
CASSYSAGTSGGRSDTQYF	1
CASSYSGGRRDTQYF	1
CASSYSTGGDPTDTQYF	1
CASSYSRQSTDTQYF	1
CASSYSSRDRVARLYSPLHF	1
CASSYSGRSYGYTF	1
CASSYSGSGNNSPLHF	1
CASSYSIRAYGYTF	1
CASSYSMVSVYEQYF	1
CASSYSSPRGRTGELFF	1
CASSYSRGQGDTEAFF	1
CASSYSRQSLNGYTF	1
CASSYSNWREGAGELFF	1
CASSYSKTVYEQYF	1
CASSYSYLEGYEQYF	1
CASSYSVRVGGETQYF	1
CASSYYGTGRDNEQFF	1
CASSYLGNYIRGNEQFF	1
CASSYPVPRDDGYGYTF	1
CASSYPGGGQPQHF	1
CASSYPTSPDKDTDTQYF	1
CASSYRTPGELFF	1
CASSYVGGETQYF	1
CASSYVWGGWATVKSQLSDDEQFF	1
CASSYARAGGTDTQYF	1
CASSYADSYEQYF	1
CASSYGWGGGETQYF	1
CASSYGGRSTDTQYF	1
CASSYGFGANTEAFF	1
CASSYGSAGDNSPLHF	1
CASSYGDEQFF	1
CASSYGQGDGELFF	1
CASSYGVGTGELFF	1
CASSYEPGGYTEAFL	1
CASSYTSTGGSYNSPLHF	1
CASSYTGVSNQPQHF	1
CASSYRGTQYF	1
CASSYRTGAGTDTQYF	1
CASSYNSRANEQYF	1
CASSYNGVDTQYF	1
CASSLLYGYTF	1
CASSLLAGVLDTQYF	1
CASSLRGGGDEKLFF	1
CASSLAPGLDLWLAKNIQYF	1
CASSLDRGVMFGYTF	1
CASSLDGFGDTEAFF	1
CASSLDKPLNTEAFF	1
CASSLRYPDGQVRNTIYF	1
CASSLAGRTDTQYF	1
CASSLTAFSYNEQFF	1
CASSPRGSASYEQYF	1
CASSPGQGRETQYF	1
CASSPTGPNQPQHF	1
CASSPSWGGNIYGYTF	1
CASSPYRIAAETQYF	1
CASSPLLGTGPPQHF	1
CASSPLGEKLFF	1
CASSPLQGAEAFF	1
CASSPLAGGSREQFF	1
CASSPPQPSYEQYF	1
CASSPRDRGEKLFF	1
CASSPQGVWDTQPLHF	1
CASSPVLGWGNTIYF	1
CASSPRQGSWHF	1
CASSPSIGGRGPNQPQHF	1
CASSPRTDQQAFF	1
CASSPQDPWGGMNTEAFF	1
CASSPQNLPRETQYF	1
CASSPGHTNTGELFF	1
CASSPGQGMNYGYTF	1
CASSPSRTLSGPQHF	1
CASSPPGWVNTEAFF	1
CASSPGVRGDSRHF	1
CASSPGRSGYTEAFF	1
CASSPGQGYSYTF	1
CASSPDRGGQPQHF	1
CASSPETGGKGAFF	1
CASSPTREETQYF	1
CASSPSGGRETQYF	1
CASSRSYEQYF	1
CASSRGSRNEQFF	1
CASSRTHLGPEQFF	1
CASSRLAGGTDTQYF	1
CASSRRGQETQYF	1
CASSRRGSAEAFF	1
CASSRQGLENEQYF	1
CASSHAPRGIGQPQHF	1
CASSHIRVAGGSYNEQFF	1
CASSHRGPIARGYGYTF	1
CASSHGLAERTLYTDTQYF	1
CASSHIQTGGYTF	1
CASSQAVGDTGELFF	1
CASSQGSDNSPLHF	1
CASSQGQHNEQFF	1
CASSQDRGRLQPQHF	1
CASSQIPSSYEQYF	1
CASSQTSAVLDTQYF	1
CASSQGGQGGNQPQHF	1
CASSQRTGISPLHF	1
CASSVSGTSYDEQYF	1
CASSVGGAETQYF	1
CASSVGGDGYTF	1
CASSVGRGEAFF	1
CASSASLDSLQGRYF	1
CASSAGRGTSYEQYF	1
CASSAGGPNYGYTF	1
CASSATGREAFF	1
CASSASRDRVWGYTF	1
CASSAGDKNIQYF	1
CASSAGPQTQYF	1
CASSAGQGADGYTF	1
CASSAAGVETQYF	1
CASSAGGAGYTF	1
CASSAGIGTEAFF	1
CASSGLAGVYTDTQYF	1
CASSGGTGGVGQPQHF	1
CASSGRGDRETQYF	1
CASSGYDSPLHF	1
CASSGGNRGRFFRGNQPQHF	1
CASSGTPNNEQFF	1
CASSGTGVYSPLHF	1
CASSGTGGVDTQYF	1
CASSGLQGWGYTF	1
CASSGQGGSPLHF	1
CASSDFDRMNTEAFF	1
CASSDLRVTGELFF	1
CASSDSWADTQYF	1
CASSDYGQGAPNSNQPQHF	1
CASSDQGVRQPQHF	1
CASSDSRGTPYGYTF	1
CASSDSGEGTGELFF	1
CASSDSNLGNTGELFF	1
CASSDYWGDYGYTF	1
CASSDPDTGELFF	1
CASSDRASPSRNEQFF	1
CASSDGTVDRGYNEQFF	1
CASSDGRMEETQYF	1
CASSDGTPPYEQYF	1
CASSDRAYEQYF	1
CASSDRGHETQYF	1
CASSERGIGELFF	1
CASSEVPSGGVDTQYF	1
CASSEVGGGTYEQYF	1
CASSEEPGRRYEQYF	1
CASSETGTYQPQHF	1
CASSEFGSPNTGELFF	1
CASSELSIGNTIYF	1
CASSELGGWTGELFF	1
CASSESPGSGQKETQYF	1
CASSESGRGCRSGIYGYTF	1
CASSELAGAYNEQFF	1
CASSEPLAGAPLETQYF	1
CASSERSGGPGTQYF	1
CASSERGGDYNEQFF	1
CASSEVPGDSNQPQHF	1
CASSEVEAVEQYF	1
CASSEAPTNYGYTF	1
CASSEAVDTGELFF	1
CASSEAFRVENTEAFF	1
CASSEAVIELFF	1
CASSEAGTGELFF	1
CASSEGGAEYEQYF	1
CASSEIREAGNEQYF	1
CASSESSGDVETQYF	1
CASSERTSYEQYF	1
CASSEKGTSNQPQHF	1
CASSEKKRAPGGGNQPQHF	1
CASSIARGLYMDYGYTF	1
CASSIQGIYTDTQYF	1
CASSIGTSGGGEQYF	1
CASSTLGGNTIYF	1
CASSTSIAGVYEQYF	1
CASSTDTNTGELFF	1
CASSTDSNSPLHF	1
CASSSIGTSADTQYF	1
CASSRPGRTTHGYTF	1
CASSRSGTGGLYEQYF	1
CASSRPGQGAYEQYF	1
CASSNRVNEQFF	1
CASSNRGWNGYTF	1
CASSKGLAGSTDTQYF	1
CASSKDRGRINEQFF	1
CASSKDRYEQYF	1
CASSFLDSKTYNEQFF	1
CASSFLRGARTDTQYF	1
CASSFYYNEQFF	1
CASSFLETQYF	1
CASSFLGYTDTQYF	1
CASSFLEGRLSEAFF	1
CASSFPSLKQAPNTGELFF	1
CASSFPYYRGEQFF	1
CASSFHLSQETQYF	1
CASSFQGRETQYF	1
CASSFQGGDEQFF	1
CASSFAGTSNTGELFF	1
CASSFATANYGYTF	1
CASSFAGPTSNQPQHF	1
CASSFAAAGYYEQYF	1
CASSFGTAFKDTQYF	1
CASSFDSLTDTQYF	1
CASSFEQLATTDTQYF	1
CASSFIAGGTDTQYF	1
CASSFSGGADEQFF	1
CASSFRVMNTEAFF	1
CASSFRDRLTGELFF	1
CASSFNVAKNIQYF	1
CASSFKGYEQYF	1
CASSFKGGRVQPQHF	1
CASSFYEGIYGYTF	1
CASSFYTDTQYF	1
CASSFLAGGLDTQYF	1
CASSFLAGGPKNEQFF	1
CASSFPLRRPQETQYF	1
CASSFPTGRGEQYF	1
CASSFRGLAGVEPETQYF	1
CASSFRTSSATQYF	1
CASSFAAQETQYF	1
CASSFGDYGNIQYF	1
CASSFGTSNTEAFF	1
CASSFGQGRTGELFF	1
CASSFDRVGQPQHF	1
CASSFEASSNQPQHF	1
CASSLFAGELFF	1
CASSLLVTTGELFF	1
CASSLLQRNTEAFF	1
CASSLWTGGSGNTIYF	1
CASSLLAYNYGYTF	1
CASSLPGANTGELFF	1
CASSLRLSRTDTQYF	1
CASSLRETQYF	1
CASSLHPGEGEQFF	1
CASSLVPGELFF	1
CASSLVGHTYEQYF	1
CASSLVAGGVDTQYF	1
CASSLAGREQFF	1
CASSLGLGYQPQHF	1
CASSLGPEQFF	1
CASSLGRNTGELFF	1
CASSLGASMGDTQYF	1
CASSLGGGRQFF	1
CASSLGGTNTGELFF	1
CASSLGEGTGNQPQHF	1
CASSLGLAGWNEQFF	1
CASSLGPGSGGLRNEQFF	1
CASSLGRTNYGYTF	1
CASSLGQTRPQHF	1
CASSLGGPQETQYF	1
CASSLGEIQPQHF	1
CASSLGTSGLNEQFF	1
CASSLGTGYQPQHF	1
CASSLGQGPRREGYTF	1
CASSLGQPLFF	1
CASSLGGDSRNTIYF	1
CASSLDGTGRDQPQHF	1
CASSLDRGGYSNQPQHF	1
CASSLDRTQNTGELFF	1
CASSLEAAIHTIYF	1
CASSLEGPVVIQYF	1
CASSLEGPSYGYTF	1
CASSLESWDEKLFF	1
CASSLENSREHYEQYF	1
CASSLELAGGQDTQYF	1
CASSLEGGPGETQYF	1
CASSLIGTSGTTGELFF	1
CASSLTSGATYEQYF	1
CASSLTGTGGEGAFF	1
CASSLTGSYEQYF	1
CASSLNTLTGSGNTIYF	1
CASSLNTSGSPYEQYF	1
CASSLFSEREIYDQFF	1
CASSLFWSYNEQFF	1
CASSLFVGGVTGYYEQYF	1
CASSLFTGTSIQETQYF	1
CASSLLWCGVHENSPLHF	1
CASSLLAEYEQYF	1
CASSLSADSPLHF	1
CASSLSQGSSYEQYF	1
CASSLWGYEQYF	1
CASSLYGTDTQYF	1
CASSLYDSWGETQYF	1
CASSLYLWGTGLYGYTF	1
CASSLYILAQGARGGNQPQHF	1
CASSLLAGVPDTQYF	1
CASSLPDTGELFF	1
CASSLRRGEQFF	1
CASSLRAGSNTGELFF	1
CASSLQGGGYGNQPQHF	1
CASSLQGDYNSPLHF	1
CASSLQGQGFYSPLHF	1
CASSLVSAYEQYF	1
CASSLVSSDTQYF	1
CASSLVSGVPEGYTF	1
CASSLVLGDQYF	1
CASSLVGVGNTGELFF	1
CASSLVIGPGGLYEQYF	1
CASSLVMGGDTEAFF	1
CASSLVRTYTGELFF	1
CASSLVPEGTQYF	1
CASSLVLVWPGGYGYTF	1
CASSLVSSGTDTQYF	1
CASSLVSAEQFF	1
CASSLVGYSGANWSPLHF	1
CASSLVGGQGAYEQYF	1
CASSLALRTEAFF	1
CASSLALGGIDEQFF	1
CASSLALAGMAGELFF	1
CASSLAGTEANYGYTF	1
CASSLAYEGVYNEQFF	1
CASSLARGQANQPQHF	1
CASSLAAGAAYEQYF	1
CASSLAGVEETQYF	1
CASSLAGAGSYEQYF	1
CASSLAGQGITGELFF	1
CASSLAGDTQYF	1
CASSLARVSYNEQFF	1
CASSLAKLLGYTF	1
CASSLARPTYEQYF	1
CASSLAGVAFF	1
CASSLAGTGNYGYTF	1
CASSLGYSDRVNEQYF	1
CASSLGLAGQPQHF	1
CASSLGSIEQFF	1
CASSLGLQETQYF	1
CASSLGPPWQVDGETQYF	1
CASSLGQASYGYTF	1
CASSLGGVSYEQYF	1
CASSLGTSGTVADTQYF	1
CASSLGTGQPLPAFF	1
CASSLGSSGSLETQYF	1
CASSLGSGYTGLGTEAFF	1
CASSLGRNQPQHF	1
CASSLGRIDEKLFF	1
CASSLGQGWNTIYF	1
CASSLGAGPNTEAFF	1
CASSLGAGNGNEQFF	1
CASSLGAGKNPSYEQYF	1
CASSLGGAAEAFF	1
CASSLGGTNEKLFF	1
CASSLGGPTSTNEKLFF	1
CASSLGDPRNGELFF	1
CASSLGRTSRLSDEQYF	1
CASSLGSGTGGRQPQHF	1
CASSLGSDRAGYTF	1
CASSLGLARNEQFF	1
CASSLGVGTAFSYEQYF	1
CASSLGGRGNEQFF	1
CASSLGGGYYEQYF	1
CASSLGTGRGGTEAFF	1
CASSLGTNSYNEQFF	1
CASSLDYGSQHF	1
CASSLDLTDGTEAFF	1
CASSLDLGADEQFF	1
CASSLDPVLNQPQHF	1
CASSLDRGGWYNEQFF	1
CASSLDRVATTDTDTQYF	1
CASSLDGDRGQPQHF	1
CASSLDGQGNQPQHF	1
CASSLDLSGELFF	1
CASSLDVIATIREQFF	1
CASSLDGGELFF	1
CASSLDRGSGGYTF	1
CASSLEPREHSNQPQHF	1
CASSLEPGSNTEAFF	1
CASSLEQYNSPLHF	1
CASSLEVRTGGTSDTEAFF	1
CASSLEVSYGYTF	1
CASSLEGTGADRGYTF	1
CASSLEGRGLGPTDTQYF	1
CASSLEGPPGNTIYF	1
CASSLEFIGSGNTIYF	1
CASSLEARTGETQYF	1
CASSLEITGELFF	1
CASSLIRFRTFDKFTEAFF	1
CASSLIRVPGELFF	1
CASSLIGANQETQYF	1
CASSLMEYTGELFF	1
CASSLIPGVFSGNTIYF	1
CASSLIGSEQYF	1
CASSLTRSTDTQYF	1
CASSLTSGGPQETQYF	1
CASSLTGSTDTQYF	1
CASSLSLYSRTDTQYF	1
CASSLSENEQFF	1
CASSLSNRVRGNQPQHF	1
CASSLRQNTEAFF	1
CASSLKGSPLHF	1
CASSLKGGQPEGTQYF	1
CASSSSGRTDTQYF	1
CASSSLTGYSQPQHF	1
CASSSPRDRGFYEQYF	1
CASSSGTEGYGYTF	1
CASSSGQGVYEQYF	1
CASSSERVIIPYEQYF	1
CASSSIMVSNEQYF	1
CASSSTGRNIQYF	1
CASSSTGGRYTEAFF	1
CASSSLGYEQYF	1
CASSSSVGVDTQYF	1
CASSSSGTGGVHYGYTF	1
CASSSYRLAGGLEQYF	1
CASSSLAGLNEQYF	1
CASSSRELNQPQHF	1
CASSSRTSATAAGELFF	1
CASSSRQYIEAFF	1
CASSSHQGVGGYTF	1
CASSSVGQGPLYGYTF	1
CASSSAGTVNSPLHF	1
CASSSADRVPLYGYTF	1
CASSSGLKNTGELFF	1
CASSSDRGSFPQHF	1
CASSSETGINEKLFF	1
CASSSMTGDTGELFF	1
CASSSTFGEQYF	1
CASSSTSGVQHF	1
CASSSTENTEAFF	1
CASSSPLLGRTDTQYF	1
CASSSPGPELFF	1
CASSSITFGTSIKNIQYF	1
CASSSMTGVETQYF	1
CASSSTSGGASTDTQYF	1
CASSSTGRASPYEQFF	1
CASSSRVHEQFF	1
CASSSNRGHTYEQYF	1
CASSSNRGGGNQPQHF	1
CASSSKQDTSNQPQHF	1
CASSSLGPFGDTQYF	1
CASSSSPRGSYEQYF	1
CASSSSGVRAYNEQFF	1
CASSSLAGDYEQYF	1
CASSSPGTGVRETQYF	1
CASSSVAGAYNEQFF	1
CASSSGWTGIDGNQPQHF	1
CASSSGRLISSYNEQFF	1
CASSSGTRGGTRETQYF	1
CASSSGFIQETQYF	1
CASSSGLAGHTDTQYF	1
CASSSEPRTDTQYF	1
CASSSTRRAGEFF	1
CASSSTSYEQYF	1
CASSSTPSRLKSYEQYF	1
CASSSSGLPFWGELFF	1
CASSWTSGDVYEQYF	1
CASSWTQNTQYF	1
CASSWTEDKNIQYF	1
CASSYDRGPNQPQHF	1
CASSYTWDSRIYNEQFF	1
CASSYLDRLYGYTF	1
CASSYHRDSGGTEAFF	1
CASSYGGGALYEQYF	1
CASSYGTGNTYEQYF	1
CASSYGQDWHF	1
CASSYRVTTYEQYF	1
CASSLFDSNQPQHF	1
CASSLRQPGNTIYF	1
CASSLIKGAANEKLFF	1
CASSLSSGSRSYEQYF	1
CASSLSKHTDTQYF	1
CASSLYPGLTTDTQYF	1
CASSLYARGSGYNEQFF	1
CASSLLEGRAFF	1
CASSLRQGGNQPQHF	1
CASSLVAVDRVKGYTF	1
CASSLVGQPQHF	1
CASSLAYYAFESRQPQHF	1
CASSLMNTEAFF	1
CASSLAGATEAFF	1
CASSLGGLGYQPQHF	1
CASSLDTSLSSPLHF	1
CASSLDRGGYTEAFF	1
CASSLEYRDSGELFF	1
CASSLNPNSPLHF	1
CASSLSPGQTYEQYF	1
CASSLISYEQYF	1
CASSLTPGQGNYEQYF	1
CASSLTGNEQFF	1
CASSLTGGAGTGELFF	1
CASSLSSRTGDEQFF	1
CASSLRGTTDTQYF	1
CASSLRPGSSDTEAFF	1
CASSPSLGIRAKNIQYF	1
CASSPSGTVFYEQYF	1
CASSPSPGLVLNTGELFF	1
CASSPYKNTEAFF	1
CASSPPTPPGLAGAHTQYF	1
CASSPQAIEQFF	1
CASSPAGGSNTGELFF	1
CASSPGTGIYEQYF	1
CASSPTGLSGYTF	1
CASSPTGVGTEAFF	1
CASSPTGGGVYYEQFF	1
CASSPSRNQPQHF	1
CASSPSGSTSAQYF	1
CASSPSSLHNEQFF	1
CASSPRGWADTQYF	1
CASSPRTGGNYGYTF	1
CASSPLAGHNTGELFF	1
CASSPSVSNEQFF	1
CASSPLGPAKNIQYF	1
CASSPPASGETQYF	1
CASSPPYTGELFF	1
CASSPRVAQYF	1
CASSPRGVGYEQYF	1
CASSPRLAGAKNIQYF	1
CASSPRLAGGRRETQYF	1
CASSPHLLAGEETQYF	1
CASSPHARTNYEQYF	1
CASSPQVASVNEQFF	1
CASSPVGQGSPLHF	1
CASSPVTGELFF	1
CASSPVGVRADTQYF	1
CASSPVGQHLNTEAFF	1
CASSPAPNYGYTF	1
CASSPARLGRYEQYF	1
CASSPAGLFPSSNYGYTF	1
CASSPARQGKTQYF	1
CASSPAGGTEAFF	1
CASSPAEDRLNSNQPQHF	1
CASSPGTDTQYF	1
CASSPGTGGFSNEQFF	1
CASSPDFPGELFF	1
CASSPEQGVYEQYF	1
CASSPIGGSYNEQFF	1
CASSPTRPGTSGHTDTQYF	1
CASSPTGNYGYTF	1
CASSPSYRDITYGYTF	1
CASSPRVQGEQYF	1
CASSPFDYEQFF	1
CASSPLGFASTDTQYF	1
CASSPSSGPRTDTQYF	1
CASSPSGHISGNTIYF	1
CASSPSAGGSYNEQFF	1
CASSPYGTVTGELFF	1
CASSPPEGGRRNIVGTGDV	1
CASSPRGDDYNEQFF	1
CASSPGTGYTEAFF	1
CASSPGGSAGNTIYF	1
CASSPDSYRSPLHF	1
CASSPDRGNSPLHF	1
CASSPTPDSNQPQHF	1
CASSPTSGAYEQYF	1
CASSPTGGERGYTF	1
CASSPRQGRDEQFF	1
CASSPLRSYEQYF	1
CASSPSDGDEKLFF	1
CASSPWTSGGTGELFF	1
CASSPLIQLNTEAFF	1
CASSPPGSANTGELFF	1
CASSPPTGHYQPQHF	1
CASSPQAGVGTDTQYF	1
CASSPGVGSADTQYF	1
CASSPGEGSGLVSAF	1
CASSPIWTSGGRRSYEQYF	1
CASSPTGGTEAFF	1
CASSPSFPVASGGSTDTQYF	1
CASSPRLAQNTDTQYF	1
CASSPRQGAVNKLFF	1
CASSPNARVETQYF	1
CASSPKGQNTGELFF	1
CASSRFTNTGELFF	1
CASSRPGLAGDEQFF	1
CASSRRTGRTDTQYF	1
CASSRGGDTQYF	1
CASSRGERTEAFF	1
CASSRGLAGGPGGETQYF	1
CASSRTHGRLGGELFF	1
CASSRTGTGLRNTIYF	1
CASSRSRQGAVSGELFF	1
CASSRRGTGELFF	1
CASSRRDSNSPLHF	1
CASSRAGQISGNTIYF	1
CASSRGGGLSGNTIYF	1
CASSRGGTSGGAVTDTQYF	1
CASSRTDRGTDTQYF	1
CASSRVRNTGELFF	1
CASSRAGRTDTGELFF	1
CASSRAGTGSNQPQHF	1
CASSRGASGIGYTGELFF	1
CASSRGLAGSTDTQYF	1
CASSRGQTSNQPQHF	1
CASSRGGRPNEQFF	1
CASSRDSSSYNEQFF	1
CASSRDTKNSPLHF	1
CASSRTSGADQYF	1
CASSRLVELAGTHDTQYF	1
CASSRLTAGTGELFF	1
CASSRPTPRSYGYTF	1
CASSRQYNSPLHF	1
CASSRQGMTQPQHF	1
CASSRAVVGGWSNEKLFF	1
CASSHITARPNYEQYF	1
CASSHSGGAADNTGELFF	1
CASSHYNSPLHF	1
CASSHRQGSTGELFF	1
CASSHQDSYQETQYF	1
CASSHVDRTENTEAFF	1
CASSHGTRGHNEQFF	1
CASSQSGTTLREQYF	1
CASSQRTVSYNEQFF	1
CASSQQAFSREQFF	1
CASSQQGQPYGYTF	1
CASSQVGVNEQYF	1
CASSQVPLLATSSYNEQFF	1
CASSQGPRDEQFF	1
CASSQDLNIVGTTYTDTQYF	1
CASSQTGSYNEQFF	1
CASSQLGAGGPETQYF	1
CASSQSNTQYF	1
CASSQSNTGGLQETQYF	1
CASSQWVGQNEQFF	1
CASSQYSRRYF	1
CASSQLNPEDRDSNQPQHF	1
CASSQPGGYQETQYF	1
CASSQVKDRGRTGELFF	1
CASSQVEGETYEQYF	1
CASSQVEGRQYF	1
CASSQVGGAAELFF	1
CASSQASRRRNYGYTF	1
CASSQAPGPQPQHF	1
CASSQAMGLAGGHLNIQYF	1
CASSQGSGHNEQFF	1
CASSQGDPRYGYTF	1
CASSQGYNADQPQHF	1
CASSQGLMANYGYTF	1
CASSQGQGYGYTF	1
CASSQGQGHTIYF	1
CASSQDFTSVDSTQYF	1
CASSQDFSLAVLAKNIQYF	1
CASSQDWTTDTQYF	1
CASSQDHLGRGYTF	1
CASSQDVGSRNEQFF	1
CASSQDGSGSSGEQFF	1
CASSQDGGSQTANEQFF	1
CASSQDTGQTNEKLFF	1
CASSQDSAYNQPQHF	1
CASSQDPEARGTEAFF	1
CASSQERTGANTDTQYF	1
CASSQELIGQSDTQYF	1
CASSQELVGGADTQYF	1
CASSQELTIYEQYF	1
CASSQENRAETEAFF	1
CASSQTPDGEQYF	1
CASSQTGTSGGRRDTQYF	1
CASSQRRQGAVRETQYF	1
CASSQRGSNQPQHF	1
CASSQKAANTGELFF	1
CASSVSGEAFF	1
CASSVRAGDSPLHF	1
CASSVNPGQMMNSKGETQYF	1
CASSVRIAGGDEQFF	1
CASSVDRTYGYTF	1
CASSVRGTGILEQYF	1
CASSVRRAGETQYF	1
CASSVQLAGLYDEQFF	1
CASSVVSVEGPQFF	1
CASSVAPVTGELFF	1
CASSVAGLAGVTGELFF	1
CASSVAPDNYGYTF	1
CASSVAGGPYEQFF	1
CASSVADGEVYEQYF	1
CASSVALAETQYF	1
CASSVAASPFATDTQYF	1
CASSVGLAGDGELFF	1
CASSVGGENTEAFF	1
CASSVGGAYEQYF	1
CASSVGGGPGDTQYF	1
CASSVTGTGEKQYF	1
CASSATVIQETQYF	1
CASSASGGPSYEQYF	1
CASSARLAGATAKSTDTQYF	1
CASSASTGPGIYEQYF	1
CASSAPQTGNIQYF	1
CASSAAGGWETQYF	1
CASSAGQDQETQYF	1
CASSASPTGLSEAFF	1
CASSAYEQYF	1
CASSAPWETQYF	1
CASSAGRTDTDTQYF	1
CASSADRGRGQPQHF	1
CASSGYVVPPGATDTQYF	1
CASSGRSVNYGYTF	1
CASSGRDYQETQYF	1
CASSGQGDPYEQYF	1
CASSGPGLDQETQYF	1
CASSGGSWDTEAFF	1
CASSGTGDQPQHF	1
CASSGYRERFF	1
CASSGTSPPQHF	1
CASSGTGTTYQETQYF	1
CASSGKLTDTQYF	1
CASSDGGLSSYEQYF	1
CASSDGTGYRYGYTF	1
CASSEGTNEKLFF	1
CASSISNRGGGYTF	1
CASSITSGKTYEQYF	1
CASSIGQGAPGELFF	1
CASSIGQEGNQPQHF	1
CASSITGELFF	1
CASSMGLAGETQYF	1
CASSIQGTGELFF	1
CASSIRQGGNQPQHF	1
CASSINERQPQHF	1
CASSTWVPNTGELFF	1
CASSTPWMNEDEAFF	1
CASSTDDRAGELFF	1
CASSTRLARGWFHGYTF	1
CASSTWPRPDNQPQHF	1
CASSTLDGDYNEQFF	1
CASSTLRLAGATGELFF	1
CASSTQMNTEAFF	1
CASSTPIGELFF	1
CASSTGAGTDTQYF	1
CASSSFWGSQETQYF	1
CASSSLWGESTYNEQFF	1
CASSSRDLGHEQFF	1
CASSSQDRVETQYF	1
CASSRLGGPNTGELFF	1
CASSRPHSTDYEQYF	1
CASSRGRVSTRNIGYTF	1
CASSRGANSYEQYF	1
CASSRTGNYGYTF	1
CASSRNNEQFF	1
CASSNLGDGNQPQHF	1
CASSKGTSAGELFF	1
CASSKNAPGEEQYF	1
CASSKVPAF	1
CASSKGRVVEKLFF	1
CASSKERPLEVNEQFF	1
CASSKEGQGTDTQYF	1
CASSKIPCAEVLVYEQYF	1
CASSKSPSPGRSYEQYF	1
CASSKRTSGAPSYEQYF	1
CASSKKGSRGHGAGELFF	1
CASSKKRIQETQYF	1
CASRSGTGESDTQYF	1
CASRPQGSMNTEAFF	1
CASRPEGTSGNTIYF	1
CASRPNNRNTEAFF	1
CASRRSDRGRTGELFF	1
CASRVGQGDQPQHF	1
CASRVRGGGGYTF	1
CASRVLAGPNTGELFF	1
CASRVTARESEAFF	1
CASRVTGFRYEQYF	1
CASRVGLVGPQHF	1
CASRASGSYEQYF	1
CASRATAMVPDTEAFF	1
CASRGDPNRRANQPQHF	1
CASRGDSTSYNEQFF	1
CASRGWGTNTGELFF	1
CASRGGFGAGTEAFF	1
CASRGVSGSAFF	1
CASRGGQPLAFF	1
CASRGLAGTDTQYF	1
CASRGPGTGRQKLFF	1
CASRGQGNYGYTF	1
CASRGQGKANTGELFF	1
CASREGSYEQYF	1
CASREGVGNQPQHF	1
CASREQGRGSPLHF	1
CASRIQGLVTDTQYF	1
CASRTGTERGELFF	1
CASRTGGNTIYF	1
CASRRVRDGYTF	1
CASRKGTDIYSNQPQHF	1
CASRLQGEAGYTF	1
CASRSSGNTIYF	1
CASRSGGTGIRGNTIYF	1
CASRSRGTDTQYF	1
CASRSTGSYEQYF	1
CASRSQGPSRYEQYF	1
CASRPQGATSYEQYF	1
CASRPGGTGELFF	1
CASRPIQGISYEQYF	1
CASRPPHRESREKLFF	1
CASRPAASGTDTQYF	1
CASRPGLYTDTQYF	1
CASRPRGPGNIQYF	1
CASRPFRTGELFF	1
CASRPGHPFGTQYF	1
CASRPGLAGGIGDEQFF	1
CASRRIAGGQRPTDTQYF	1
CASRHGGNTIYF	1
CASRQSQDSYNSPLHF	1
CASRQGVPGELFF	1
CASRQGEGYSNQPQHF	1
CASRQTYSPLHF	1
CASRQGQGGRKETQYF	1
CASRQTGGTEAFF	1
CASRVTGTNTGELFF	1
CASRGRAGGNQETQYF	1
CASRGWDTDTQYF	1
CASRDGGSNQPQHF	1
CASREYNEQFF	1
CASREGQSYGYTF	1
CASRETGGRSYNEQFF	1
CASRIAGMVSSGNTIYF	1
CASRTRVFEPLAKNIQYF	1
CASRTDEQFF	1
CASRRPGNTIYF	1
CASNSGSSGNTIYF	1
CASNYGNEQFF	1
CASNLRGQGGYTF	1
CASNPVKGVSEAFF	1
CASNGIWGDSNQPQHF	1
CASNDDTTYEQYF	1
CASNMRDTQYF	1
CASNKPRAGNTIYF	1
CASNSGLKAFF	1
CASNLQGTQYF	1
CASNLQEEANYGYTF	1
CASNLQETQYF	1
CASNLGGLSNQPQHF	1
CASNPQRGMRYF	1
CASNPGTSDYEQYF	1
CASNPTSGSAETQYF	1
CASNRDRPSRDTQYF	1
CASKRANTGELFF	1
CASKGGGGGQPQHF	1
CASKDCYRVYNEQFF	1
CASKEYSMNTEAFF	1
CASKKREEGLGYTF	1
CASKPGPTGELFF	1
CASKMGLPQDTQYF	1
CARGCQPQHF	1
CANLAGTSNTGELFF	1
CANPPGSPRGHTQYF	1
CAKQGADTGELFF	1
CLRTRSRVSQPQHF	1
CALKQGSLFEQYF	1
CAAKPDRGPSGTGELFF	1
CATRFNNEQFF	1
CATLLLAGGRSFHNEQFF	1
CATQDDAYNEQFF	1
CATRGAGPRTDTQYF	1
CASSGQSTGELFF	1
CASRLAGNTGELFF	1
CASRQGANTEAFF	1
CASGTGVNTEAFF	1
CASKLQENTEAFF	1
CASSGLSNTGELFF	1
CASSDSRQGYTF	1
CASCLGGGADTEAFF	1
CASPSGRAYEQYF	1
CASPRGGENQPQHF	1
CASRPLSTSGNEQFF	1
CASVVENTGELFF	1
CASGEQGYGYTF	1
CASGDLGLAVREQYF	1
CASGKRVGDGYTF	1
CASIGREAYNEQFF	1
CASMGAEQYF	1
CASILDLPSTGELFF	1
CASTGRRGTGDTGELFF	1
CASTNRYTGELFF	1
CASTGPSTDTQYF	1
CASSLRGGWTEAFF	1
CASSLGLAENNEQFF	1
CASSYTGGSGNTIYF	1
CASSLPPSGLGNEQFF	1
CASSLTESQYGYTF	1
CASSPGTYSPLHF	1
CASSPTGLPTDYTF	1
CASSRGNGPQHF	1
CASSQAGDYYGYTF	1
CASSVAGQRYEQYF	1
CASSVGDRVGTDTQYF	1
CASSVGETQYF	1
CASSVLNSGTEQYF	1
CASSATAITDTQYF	1
CASSGGQGSAEQYF	1
CASSGAGGSLQETQYF	1
CASSGYGSADTQYF	1
CASSGGINQPQHF	1
CASSDPSYEQYF	1
CASSDRGTDTQYF	1
CASSESTLAGIEQFF	1
CASSESGDTTNTGELFF	1
CASSELAEETQYF	1
CASSERQGAGGELFF	1
CASSEIGPGYEQYF	1
CASSILAGGPDTQYF	1
CASSIGSGNPWEQYF	1
CASSTAGRGETQYF	1
CASSTTGTQNGDGYTF	1
CASSKGPGNYGYTF	1
CASSFFPDSNQPQHF	1
CASSFLSAYTQYF	1
CASSFPGQNTEAFF	1
CASSFRQGVRTDTQYF	1
CASSFRTSGNEQFF	1
CASSFGDSTNTGELFF	1
CASSFGAQGTEAFF	1
CASSFDRNHGYTF	1
CASSFKENYGYTF	1
CASSFSRTRYGYTF	1
CASSFSNQGVNSPLHF	1
CASSFYTTWNTGELFF	1
CASSFPTKELFF	1
CASSFPTGKRGYTF	1
CASSFRLLNTEAFF	1
CASSFQGSNEKLFF	1
CASSFGRPGQGRGNSPLHF	1
CASSFGTAGQPQHF	1
CASSFGTGHLNTEAFF	1
CASSFDTDTQYF	1
CASSFIEGFQLDTQYF	1
CASSLLMNADTQYF	1
CASSLSGLEPQHF	1
CASSLSGNYGYTF	1
CASSLSEISTDTQYF	1
CASSLYPDNTGELFF	1
CASSLYGTSASYEQYF	1
CASSLLSTPIYGYTF	1
CASSLLLSRTGELFF	1
CASSLPQGGSPLHF	1
CASSLPGNTIYF	1
CASSLPGQGPRYGYTF	1
CASSLQGLGNGNTIYF	1
CASSLVATGIFTGELFF	1
CASSLVTGDYGYTF	1
CASSLVAGGNTEAFF	1
CASSLVGADEKLFF	1
CASSLVDGTYEQYF	1
CASSLALREDSGNTIYF	1
CASSLALGDPYGYTF	1
CASSLAVDTASTDTQYF	1
CASSLAGLGYEQYF	1
CASSLAGVEAGNTIYF	1
CASSLANTGQGTDTQYF	1
CASSLAGTGSNQPQHF	1
CASSLGWDRGRYEQYF	1
CASSLGLTEAFF	1
CASSLGQVAVEGTEAFF	1
CASSLGVQGHYGYTF	1
CASSLGNRGNTEAFF	1
CASSLGIYGYTF	1
CASSLGRGRNTGELFF	1
CASSLGRTEAFF	1
CASSLGQDYGYTF	1
CASSLGGNYDTEAFF	1
CASSLGDRGPTDTQYF	1
CASSLGDRDQDTQYF	1
CASSLGELIVAKNIQYF	1
CASSLGFYEQYF	1
CASSLGLAGDNEQFF	1
CASSLGRIYNSPLHF	1
CASSLGDSGNTIYF	1
CASSLDWGVSQPQHF	1
CASSLDPGGGELFF	1
CASSLDGRYTNTGELFF	1
CASSLDGARSPNYGYTF	1
CASSLDGSTEAFF	1
CASSLDGNYGYTF	1
CASSLDPTGGEGTEAFF	1
CASSLDRELFF	1
CASSLDRVEEAFF	1
CASSLERVADTQYF	1
CASSLEGVGSYGYTF	1
CASSLISGVSYEQYF	1
CASSLIGSGPNGNYGYTF	1
CASSLTSGIIGEQFF	1
CASSLTVAGTGGSPLHF	1
CASSLTGQNTGELFF	1
CASSLTGMNTEAFF	1
CASSLTGEAFF	1
CASSLSYGTGELFF	1
CASSLRGGLNGYTF	1
CASSLRGSSYNSPLHF	1
CASSLRRGNTGELFF	1
CASSLRYHPHEQYF	1
CASSLNSGDQPQHF	1
CASSLKTGETGNTIYF	1
CASSLGSPGQSYGYTF	1
CASSLGATSTDTQYF	1
CASSLDQGSGELFF	1
CASSLDTGAGQPQHF	1
CASSLTTHATAYGYTF	1
CASSLTAAEGTEAFF	1
CASSSETSLPDTQYF	1
CASSSLWASPEDEQYF	1
CASSSQLPNTQYF	1
CASSSDPPYNEQFF	1
CASSSIAGTVHGYTF	1
CASSSTGTLNTEAFF	1
CASSSTTGGNTIYF	1
CASSSSTDTQYF	1
CASSSWTGASTEAFF	1
CASSSPGQGSNTGELFF	1
CASSSQGETEAFF	1
CASSSQREQYF	1
CASSSTGTGGYRAEAFF	1
CASSSTASPAGYTF	1
CASSSTGGIGGYTF	1
CASSSTGTGANTGELFF	1
CASSSGGERPEAFF	1
CASSWAGSYEQYF	1
CASSWGDRNTEAFF	1
CASSWGTSGSVDTQYF	1
CASSWGPGNSPLHF	1
CASSWTGDRGYTF	1
CASSWKLAGGGNEQFF	1
CASSYLWSTDTQYF	1
CASSYRADTQYF	1
CASSYAGTDTQYF	1
CASSYPLSGGSYNEQFF	1
CASSYRDRGTEAFF	1
CASSYESSYEQYF	1
CASSLGQGYGYTF	1
CASSLGIGEAFF	1
CASSLTDREDYGYTF	1
CASSLLGNPYETQYF	1
CASSLPGTGASEAFF	1
CASSLRQGVSTNEKLFF	1
CASSLHGGSGNTIYF	1
CASSLRQGNTGELFF	1
CASSLGGQGRLQYF	1
CASSLGLAGGVAGELFF	1
CASSLTGPRGGNIQYF	1
CASSLTGSLLDTQYF	1
CASSLPGADEQYF	1
CASSLPTGSNEKLFF	1
CASSLDLSSYTF	1
CASSPRGQLNTGELFF	1
CASSPRTGGGEQYF	1
CASSPGTVAPYEQYF	1
CASSPGTGLGQPQHF	1
CASSPGTGTVTEAFF	1
CASSPYGTGSGEQFF	1
CASSPLSTSGGLNNEQFF	1
CASSPPPSMNTEAFF	1
CASSPRDTGNTIYF	1
CASSPRMTGGTNEKLFF	1
CASSPGQGPNQPQHF	1
CASSPSGGDTDTQYF	1
CASSPRDRGGRGELFF	1
CASSPRGGEGQPQHF	1
CASSPSPGQGTLTAFF	1
CASSPPGTGYEQYF	1
CASSPVEGGGYTF	1
CASSPGAATNTGELFF	1
CASSPGLAVSYNEQFF	1
CASSPDARGTTDEAFF	1
CASSPEGIGFGQPQHF	1
CASSPFSFNTGELFF	1
CASSPRATNEKLFF	1
CASSREGFTPEAFF	1
CASSRSGGRSSYEQYF	1
CASSRGGTSGNTGELFF	1
CASSRGANYGYTF	1
CASSRGQGEDTQYF	1
CASSRSHRAVQYF	1
CASSRATGLTSTDTQYF	1
CASSRGRTAEAFF	1
CASSRMPEWGYEQFF	1
CASSHPQGRGGTDTQYF	1
CASSHGEVLADTQYF	1
CASSHGHLVSGEQYF	1
CASSHGQNTEAFF	1
CASSHGGRDEQYF	1
CASSHYPGQENSPLHF	1
CASSHLLEGSGGELFF	1
CASSQWRGRNTGELFF	1
CASSQPRTGRYEQYF	1
CASSQPGQGVKTLFF	1
CASSQGDRGLRDIQYF	1
CASSQGSYEQYF	1
CASSQGQVYEQYF	1
CASSQIVWGQVRKNSPLHF	1
CASSQFQLPLAGGRTGELFF	1
CASSQLGRGIYEQYF	1
CASSQSRPGGYTDTQYF	1
CASSQLGLASAIGYNEQFF	1
CASSQLVNVGGPYF	1
CASSQPKNTGELFF	1
CASSQPPPGEQYF	1
CASSQPTGAKNIQYF	1
CASSQPTGRNTEAFF	1
CASSQPKQASAKNIQYF	1
CASSQRLTSGRSSDTQYF	1
CASSQVSRSREDNEQYF	1
CASSQVLAGGAKNIQYF	1
CASSQVKTSFYEQYF	1
CASSQVAGEREQYF	1
CASSQVATHSYEQYF	1
CASSQVTGEGYEQYF	1
CASSQASNRGTEAFF	1
CASSQAGTGFLNEQFF	1
CASSQAWPAVGYEQYF	1
CASSQAGTGGSYEQYF	1
CASSQGLLAGGSYEQYF	1
CASSQGSGEQFF	1
CASSQGPFERARGKGYTF	1
CASSQGGHNKEINQPQHF	1
CASSQGGQHNEQFF	1
CASSQGELAGVTYEQYF	1
CASSQDLQLAKNIQYF	1
CASSQDWGSGSYGYTF	1
CASSQDRGADYGYTF	1
CASSQDQAGVYGYTF	1
CASSQDVGTEAFF	1
CASSQDGGLTGELFF	1
CASSQDGGQYNEQFF	1
CASSQDEGRGPSGNTIYF	1
CASSQDRTGGYGYTF	1
CASSQDRGANYGYTF	1
CASSQDSGRAVFTYEQYF	1
CASSQERRDLNYGYTF	1
CASSQEVGGYTF	1
CASSQEAGDYGYTF	1
CASSQEGGAGDRGGELFF	1
CASSQESRAPYEQYF	1
CASSQEGDFSEAFF	1
CASSQEIWGDSYNEQFF	1
CASSQESWYSSNQPQHF	1
CASSQESTGRETQYF	1
CASSQENMVPSPYEQYF	1
CASSQISLAGVTDTQYF	1
CASSQTGDGYTF	1
CASSQRGLDEQFF	1
CASSQREQGGLGTQYF	1
CASSVRRPNEKLFF	1
CASSVADVEQFF	1
CASSVGGGYNEQFF	1
CASSVNTGGLRYEQYF	1
CASSVLQANYGYTF	1
CASSAWPDRGTNEKLFF	1
CASSAGTGGLNTEAFF	1
CASSGTGFRTGELFF	1
CASSGGYPFINTEAFF	1
CASSGDSNYGYTF	1
CASSGEGYTQYF	1
CASSGTGVTGELFF	1
CASSDPGTGVHEQYF	1
CASSDPRSSYEQYF	1
CASSDSSYEQYF	1
CASSERAGLRYEQYF	1
CASSIDSLNTEAFF	1
CASSTRDRGPRDSGELFF	1
CASSTGTPNYGYTF	1
CASSTGRGYGYTF	1
CASSTDGNRVNIQYF	1
CASSSPATGAGELFF	1
CASSRGGLTWDNEQFF	1
CASSRDSWNTEAFF	1
CASSRDTPEKLFF	1
CASSRDRGRSGELFF	1
CASSRDRNTEAFF	1
CASSNDRVADSYTF	1
CASSKDPAYEQYF	1
CASSKQGADYGYTF	1
CASRHYRDRANGGYTF	1
CASRQGQGNYGYTF	1
CASRATGLSGNTIYF	1
CASREQGPNTGELFF	1
CASRTVWDHYGYTF	1
CASRGDGNTGELFF	1
CASRDMTGGASLYGYTF	1
CASRTGAAAMNTEAFF	1
CASRTLTSGRSYNEQFF	1
CASKEGTSGQPQHF	1
CGCDRDFTEAFF	1
CSVSRGGLNNEQFF	1
CSVGSTSGTVPGELFF	1
CSVGRTGTPGGTGELFF	1
CSVQIGGAGETQYF	1
CSVTGTARTYEQYF	1
CSASPGTSGLLSTDTQYF	1
CSASKKGAGETQYF	1
CSAYPSYNEQFF	1
CSALKAFF	1
CSALGVEMNTGELFF	1
CSAPRDRSNNEQFF	1
CSAPTSTDTQYF	1
CSAPPLTSGGYEQYF	1
CSARGPEQYF	1
CSARLAVIYNEQFF	1
CSARDSQGTDTQYF	1
CSAHDVQGFYGYTF	1
CSAQTDGYTF	1
CSAVRTSGGVDF	1
CSAVGRNQANYGYTF	1
CSAVNYIGNEQFF	1
CSAVKDQETQYF	1
CSAAWTGRTDTQYF	1
CSAAVDTDTQYF	1
CSAAEGAQGSPLHF	1
CSAALGTSGSIGADTQYF	1
CSAAQETQYF	1
CSAGREPQHF	1
CSADGQSITIDGYTF	1
CSADPTRGFYNSPLHF	1
CSAIFGLARVSGTDTQYF	1
CSATRTGRRQPQHF	1
CSATLSAGSSTDTQYF	1
CSATPYRVSGNTIYF	1
CSATIQDTQYF	1
CSATGTSGGDKPGEQYF	1
CSATGGETQYF	1
CSASPGRRDYGYTF	1
CSASRGFVMNTEAFF	1
CSASASANTGELFF	1
CSASADARGTQYF	1
CSASEDNYNEQFF	1
CSASIPLGGSAYEQYF	1
CSASTDRADTQYF	1
CSASRGQSTEAFF	1
CSASSPARVSYEQYF	1
CSASSTGEGQPQHF	1
CSASLTDTQYF	1
CSASLTGPAYGYTF	1
CSASRDRGFGNEQFF	1
CSASRDRDNGDGYTF	1
CSASVLAGTSLSSYEQYF	1
CSASGGYNEQFF	1
CSASGDGYTDTQYF	1
CSARSYRLADPYNEQFF	1
CSARWADTQYF	1
CSARVGTDTQYF	1
CSARGAYEQYF	1
CSARGGPNTEAFF	1
CSAREPTGAYEQYF	1
CSARTSGSTDTQYF	1
CSARRGPPDTEAFF	1
CSARLQDGTDTQYF	1
CSARSGQLNEQFF	1
CSARLAGAYEQYF	1
CSARPSGYYEQYF	1
CSARPRRGLRDEKLFF	1
CSARPGNQPQHF	1
CSARPGLADNEQFF	1
CSARRAGQSRSYEQYF	1
CSARRTSHTGELFF	1
CSARVGGQDTGELFF	1
CSARVRAPERAQYF	1
CSARVGISYNSPLHF	1
CSARVGQGDGYTF	1
CSARVKVNQPQHF	1
CSARASSGITDTQYF	1
CSARADSGSHEQYF	1
CSARGGQGGTYEQYF	1
CSARGWPDTYEQYF	1
CSARGRDTYSNQPQHF	1
CSARDYLSGGRYNEQFF	1
CSARDLQLNTEAFF	1
CSARDPSGNTIYF	1
CSARDPVESNQPQHF	1
CSARDPRGSNQPQHF	1
CSARDRRGNPYEQYF	1
CSARDHRTVTDTQYF	1
CSARDVGGGEQPQHF	1
CSARDAGTSGQTQYF	1
CSARDGAGGDTEAFF	1
CSARDDLPILSYEQYF	1
CSARDDQITEAFF	1
CSARDISDRASNSPLHF	1
CSARDSLAEFNEQFF	1
CSARDSSFGAYNEQFF	1
CSARDSTLHSNQPQHF	1
CSARDNGIIAYNEQFF	1
CSARDSSATYEQYF	1
CSARDPLEGRFNIQYF	1
CSARDRNSNRIHF	1
CSAREDRGSQPQHF	1
CSARESDGTYGYTF	1
CSARELAPYNEQFF	1
CSAREPASLTQYF	1
CSAREVQGLLLNSPLHF	1
CSARTSGGYTDTQYF	1
CSARTTGSGNTIYF	1
CSARRLAGPANTGELFF	1
CSARRDSFTDTQYF	1
CSARREVGTSYEQYF	1
CSARRQSSYNSPLHF	1
CSARNPRTGGNTEAFF	1
CSARKETQYF	1
CSARKRNTDTQYF	1
CSANRDTHLAKNIQYF	1
CSANGDTDTQYF	1
CSAYGTSGRGSPDTQYF	1
CSALGGKAQYF	1
CSAPSQGVTLNQPQHF	1
CSAPTAGITGELFF	1
CSAPTSGDLQGEQYF	1
CSARSFQGEKLFF	1
CSAGGGVSTSTDTQYF	1
CSAGRQGALNQPQHF	1
CSAEPQETQYF	1
CSAITKIHRDNNYGYTF	1
CSATSVQETQYF	1
CSATGTSGTDTQYF	1
CSATGLAGVYNEQFF	1
CSANLRGIGYEQYF	1
CSAYNRPRGHNEQFF	1
CSAPSVAGELFF	1
CSARGLAGRTDTQYF	1
CSAAPGLPMSEQYF	1
CSAGRGAEMNTEAFF	1
CSAWDRASSYNSPLHF	1
CSALAGSSYEQYF	1
CSAATGWKDYGYTF	1
CSAGTTSYNSPLHF	1
CSARTGLGLGYTF	1
CSAKTADTHEQYF	1
CSERGSSGVDTQYF	1
CSFYLGGYTF	1
CSFDRADTQYF	1
CSVCPGPYEQYF	1
CSVYGQDRGTDTQYF	1
CSVLGQSYGYTF	1
CSVPGTGRYEQYF	1
CSVPGLQQETQYF	1
CSVRFRRKSYEQYF	1
CSVRRLAGRDNEQFF	1
CSVVYGEQGVYEQYF	1
CSVVGGVETQYF	1
CSVVGTGSEQYF	1
CSVVWGGGNQPQHF	1
CSVVLGSDYEQYF	1
CSVVAGEETQYF	1
CSVVGSSYEQYF	1
CSVVNPPGVPTDTQYF	1
CSVVVEIQAKNIQYF	1
CSVVSLFADTQYF	1
CSVARGQDEQYF	1
CSVARGLSSYNEQFF	1
CSVAKLETEQYF	1
CSVAPRAGTYEQYF	1
CSVGPALAGGHFSYNEQFF	1
CSVGGSTDTQYF	1
CSVGDGHNEQFF	1
CSVGQGSAQPQHF	1
CSVDFMGGQDTQYF	1
CSVDLVGTNTGELFF	1
CSVDLASLQETQYF	1
CSVDFSGGDTQYF	1
CSVDDIQETQYF	1
CSVDKGGGYEQYF	1
CSVERWNEQFF	1
CSVEEGGDYGYTF	1
CSVEKTGGREQFF	1
CSVEYDSSYEQYF	1
CSVERGDYNEQFF	1
CSVEVGEGLEAFF	1
CSVEGGVWGTNQETQYF	1
CSVEGEGNTEAFF	1
CSVEGGGETQYF	1
CSVEDLKGTNYGYTF	1
CSVEDQRQGGGELFF	1
CSVEDGQGQGQYF	1
CSVEEETGLRETQYF	1
CSVEEYWDSYYGYTF	1
CSVETSPNEQFF	1
CSVETGLSNTGELFF	1
CSVMIPLSGSDNEQFF	1
CSVTGTGNSEQYF	1
CSVKTSGDVWTQYF	1
CSVKRSSYEQYF	1
CSVSLGGQKYF	1
CSVLKRQAEGTDTQYF	1
CSVLKVGEQYF	1
CSVRDRGDEQYF	1
CSVQKGGDTEAFF	1
CSVARPGQGAGNTIYF	1
CSVGQLTGELFF	1
CSVDAAGSYEQYF	1
CSVIKTASEAFF	1
CSVQGQGLGEQFF	1
CSVVLGFQYF	1
CSVARGGGYEQYF	1
CSVADTGVGEQYF	1
CSVGHRGRFWETQYF	1
CSVGESAAAYEQYF	1
CSVGGTLQETQYF	1
CSVNYIGGLYGYTF	1
CSVYGKWDGTYEQYF	1
CSVQGMYEQYF	1
CSVVPGHQQETQYF	1
CSVTNRDRGSYEQYF	1
CSVTGVDTGELFF	1
CSAGDSYTDTQYF	1
CSAGEGTNTGELFF	1
CSASSGRPNEQFF	1
CSARDYLGGELFF	1
CSAFLATGGTTADTQYF	1
CSALSSGPYNEQFF	1
CSAPLGTGTDTQYF	1
CSAGGGGTGELFF	1
CSATGTVNEQFF	1
CSATSLSETQYF	1
CSAGIYSNTGELFF	1
CSGRTSGSRDEQFF	1
CSGAMGTGSYEQYF	1
CSDQGTSGRGETQYF	1
CSIPGVYYGYTF	1
CSTWGAGNTEAFF	1
CSTQVQETQYF	1
CSTRGGSTDTQYF	1
CRAGVTDTQYF	1
RASGPGTEEGNYSNQPQHF	1
RASSFPGASGRALDEQFF	1
RASSLHPLAALKRRDTQYF	1
RASSLSNRKYEQYF	1
RASSLRTEPNTGELFF	1
RASRSPGAGAEDTQYF	1
RASNRAIHSNQPQHF	1
RASKKGVKETQYF	1
CASSPPIEGVPYNEQFF	3
CASSLAGSGANVLTF	3
CAIRMPTYEQYF	2
CATSDPREGRQETQYF	2
CASSRGQSYEQYF	2
CASSALRGSEQFF	2
CASSLIGQPQHF	2
CASSLTLTSEQYF	2
CASSLYRGETQYF	2
CASSLGVEQYF	2
CASSLDTQYF	2
CASSYGRQGNNEQFF	2
CASSLLAGVGETQYF	2
CASSPRGQYTGELFF	2
CASSPQTSGNNNEQFF	2
CASSPEGGAVSYEQYF	2
CASSRTSGSDEQFF	2
CASSEGPDLERQYF	2
CASSEVMGGSEFF	2
CASSEAVGQYNEQFF	2
CASSLWGGRGEQYF	2
CASSLVLSSGRFYNEQFF	2
CASSLGLIGEQFF	2
CASSSRDRGHGEQYF	2
CASSSQDSSGGLGEQYF	2
CASSSGQGKYGLAGSWETQYF	2
CASSWAVEGSYEQYF	2
CASSQALAGSRYEQYF	2
CASSQDQGWNSPLHF	2
CASSQDTGTGTYEQYF	2
CASSDGTSGTSYNEQFF	2
CASSTGTGYNEQFF	2
CASSRDSSYEQYF	2
CASRGTSGTDTQYF	2
CASRGLAGSYNEQFF	2
CASRDRGTYNEQFF	2
CASRTGTSGSYEQYF	2
CASGQRGQPQETQYF	2
CASSLVLAGDYEQYF	2
CASSLGLSSYNEQFF	2
CASSSLAGVSEQYF	2
CASSPLGQVGDEQFF	2
CASSPQSWGETQYF	2
CASSVPSGGPTDTQYF	2
CASSSPRDRELVEQYF	2
CSASGSTDTQYF	2
CSAGTSGNEQYF	2
CSAELAGATYEQYF	2
CSVVDRRTNNEQFF	2
RASSLSGIFNEQFF	2
SWRRVCSSNEQFF	1
CVSSGLSETQYF	1
CASSSLAGDGTGELFF	1
CASSPISGSDTQYF	1
CASSPRDYQETQYF	1
CAWPGTGNTGELFF	1
CAWTLVGAEAFF	1
CAWTGTGDFLPTYEQYF	1
CAWTVRNNNSPLHF	1
CAWSLETYNQPQHF	1
CAWSLGRNTEAFF	1
CAWSQGLAGGETQYF	1
CAWSVGALSTEAFF	1
CAWSVFWAGELFF	1
CAWSVYGTASFF	1
CAWSVQGNTEAFF	1
CAWSVGMASNQPQHF	1
CAWSVKSSGATPLHF	1
CAWSPWGETNEKLFF	1
CAWSGEGRVGEKLFF	1
CAWRRTSGYTDTQYF	1
CAWNRAGTVYNEQFF	1
CAYSKPSGANYGYTF	1
CARGGANTGELFF	1
CARDPPPGEGTVNYGYTF	1
CAHRLAGTYEQYF	1
CAARRDRGQETQYF	1
CAAGTGSNEQFF	1
CAGQIEGGNTIYF	1
CAGSPTRDTGELFF	1
CAGLGSGQGVPEAFF	1
CAISLGSSSGNTIYF	1
CAISDVTDTQYF	1
CAIPDMGGYTF	1
CAIRSGRTGELFF	1
CAIRTAEYNEQFF	1
CAIAGGSSSGNTIYF	1
CAIGGTGPTGELFF	1
CAIGGGGRPYEQYF	1
CAIGDGAGELFF	1
CAIMDRTSTYEQYF	1
CAITPSGSGNEQFF	1
CAITPGPEETQYF	1
CAITPGQGTLSSYEQYF	1
CAITGWAPGQYTDTQYF	1
CAITGIAGNEQFF	1
CAISPGQGAYEQYF	1
CAISRGGVNIQYF	1
CAISVWGNEQFF	1
CAISVLERDTQYF	1
CAISAPGHTGSTGELFF	1
CAISATRDTQYF	1
CAISGVAGDEQFF	1
CAISGGTGGTDTQYF	1
CAISGRYLGLAGGYTGELFF	1
CAISGGGDTEAFF	1
CAISGTSGPHNEQFF	1
CAISGTGVGLAGGEQYF	1
CAISGSTGGWKTQYF	1
CAISDPGTMGPNEQFF	1
CAISDVAGGHNEQFF	1
CAISDGQGQETQYF	1
CAISESFAGTSGGSPTDTQYF	1
CAISESSGSQTYNEQFF	1
CAISESRNWRETQYF	1
CAISESYSGVSYEQYF	1
CAISESLAGEMDTQYF	1
CAISESGLAGGVNEQYF	1
CAISESEGRYEQYF	1
CAISESILGTRETQYF	1
CAISESMGSGYEQYF	1
CAISESTGLGETQYF	1
CAISESRGFSYEQYF	1
CAISESTGDHQETQYF	1
CAISEPRLAGGPMSDTQYF	1
CAISERTSGSTEQFF	1
CAISEVLAGELFF	1
CAISEGGGVDLDQPQHF	1
CAISEGPREGPQHF	1
CAISEGRWTGDTQYF	1
CAISEGVLGYEQYF	1
CAISEGDFSYNEQFF	1
CAISETSRSYNEQFF	1
CAISETGGTDTQYF	1
CAISERIDEQFF	1
CAISELSYEQYF	1
CAISEPVGAGGTEAFF	1
CAISEQGRDNEQFF	1
CAISEGVPSYEQYF	1
CAISEEASGGAWGSTQYF	1
CAISEMSSYNEQFF	1
CAISERGTKASGDTQYF	1
CAISPASGSYEQYF	1
CAISPPGQSIGVKVF	1
CAISRQGAPPGELFF	1
CAISADRRSNQPQHF	1
CAISGLAEISTDTQYF	1
CAISGQGLEGTQYF	1
CAISEDRDQPQHF	1
CAISIPSGSSYEQYF	1
CAIRREGLDEQFF	1
CAIRASGGKEADTQYF	1
CAIRGQREQFF	1
CAIRGTGTGYTF	1
CAIRIATDTQYF	1
CAIRWDSNTDTQYF	1
CAIKVSQSTAGNSPLHF	1
CAIRTGGNEQFF	1
CAIQQGANEQFF	1
CATEAFF	1
CATSGDTSGSSNNEQFF	1
CATSWGVEQYF	1
CATLPETGTQYF	1
CATRERGRTNEKLFF	1
CATHLGGQNSPLHF	1
CATQGQGTYNEQFF	1
CATQRGGVSGDTQYF	1
CATGVLDTQYF	1
CATGTATDTQYF	1
CATGTGVGNTIYF	1
CATGSRFGNQPQHF	1
CATGQGRTDTQYF	1
CATDGGRSSYNEQFF	1
CATEGGPNTDTQYF	1
CATTGWENTEAFF	1
CATSPDRGLDGELFF	1
CATSVSLASGRAGYNEQFF	1
CATSVGVAAGELFF	1
CATSVDGNGEQYF	1
CATSVGPINEQFF	1
CATSVETSGPWGSTDTQYF	1
CATSVSGGDWDTQYF	1
CATSAPRSPYEQYF	1
CATSAASANTGELFF	1
CATSAGETQYF	1
CATSARVRTGELFF	1
CATSGAGDNEQFF	1
CATSDFLSGPQQYF	1
CATSDFSSYEQYF	1
CATSDLPDTQYF	1
CATSDLRTGGPDTQYF	1
CATSDLQVGTGGADTQYF	1
CATSDLAFSYNEQFF	1
CATSDLGQNYGYTF	1
CATSDLDTQETQYF	1
CATSDLIADPDTQYF	1
CATSDLGGRNTGELFF	1
CATSDLGDPWDTGELFF	1
CATSDSSDDEQFF	1
CATSDSGTMETQYF	1
CATSDSPWTGPARGYTF	1
CATSDSQGWNEQFF	1
CATSDLGQGVNEQFF	1
CATSDPGTGFYEQYF	1
CATSDHAASTSTNEQFF	1
CATSDHGTSGTEQYF	1
CATSDHRAYNEQFF	1
CATSDQGGLAGNFEQFF	1
CATSDVTGTTYNEQFF	1
CATSDVAGSTDTQYF	1
CATSDGLAGVGYNEQFF	1
CATSDGTDNEQFF	1
CATSDGRDYNEQFF	1
CATSDTSGGLDTQYF	1
CATSDTRTSGSKETQYF	1
CATSDRISNYGYTF	1
CATSDKGQINTGELFF	1
CATSDSGAGIPYEQYF	1
CATSDYRGLSTDTQYF	1
CATSDLASGRVDEQFF	1
CATSDPRLAGAETQYF	1
CATSDHGGEQYF	1
CATSDHRGDGYTF	1
CATSDVRDRVSETQYF	1
CATSDDYYGYTF	1
CATSEQGPTNTGELFF	1
CATSEADREETQYF	1
CATSEGRAPWNQPQHF	1
CATSERGMSNQPQHF	1
CATSNRDFSNEQFF	1
CATSPGLDRGTYEQYF	1
CATSPPGTGNYGYTF	1
CATSVGGYTGELFF	1
CATSGVRIGRRGNIQYF	1
CATSEGLLAYEQYF	1
CATSRRVERDTQYF	1
CATSRPDGPIGSTDTQYF	1
CATSRHPGNQPQHF	1
CATSRVGGREQYF	1
CATSRGPITDTQYF	1
CATSRGGSSGGSLEQFF	1
CATSRDSSGTRQETQYF	1
CATSRDPGTNEQFF	1
CATSRDPGAQETQYF	1
CATSRDKATGGMNEQFF	1
CATSRDGGKTGQFF	1
CATSRTSGGAETQYF	1
CATSNPSGDYNEQFF	1
CATRSSGDNEQFF	1
CATRRDSLGNTQYF	1
CATRRTSTDTQYF	1
CATRSPSGVVQFF	1
CATRQGKGENIQYF	1
CATRETGGTDTQYF	1
CATNNVVAGNTGELFF	1
CATKSGTYEQYF	1
CATPKGDREDTGELFF	1
CATVGPPTDTQYF	1
CATGLAGGVGETQYF	1
CATDVGFDTEAFF	1
CASSPQASGPYEQYF	1
CASSLGRGDEKLFF	1
CASCPWSTGELFF	1
CASRYGGTSVFIDTQYF	1
CASQEGARSEAFF	1
CASAGTLTSTNEKLFF	1
CASGPNSPLHF	1
CASGRGRGVNQPQHF	1
CASGRSNEKLFF	1
CASMIGASMLNF	1
CASSSGQGYSPLHF	1
CASSGQGGNQPQHF	1
CASSIVGGDTEAFF	1
CASSIGGRGSNQPQHF	1
CASSIKYTNTEAFF	1
CASSTGQGLSYEQYF	1
CASSKGRRYTF	1
CASRLFGFGGYTF	1
CASRDTGTGELFF	1
CASRTGNYEQYF	1
CASRSGGNEQFF	1
CASRSGVSNYGYTF	1
CASNRGPRIHNSPLHF	1
CASFGQGRDTEAFF	1
CASFDRGGYEQYF	1
CASLPGQGKRRIANTGELFF	1
CASSSGDSYEQYF	1
CASSRTSDSNNEQFF	1
CASSGQGGTEAFF	1
CASSTSGGIRTQYF	1
CASSLQPQVSNYGYTF	1
CASSLTTGGGQPQHF	1
CASSPYSGTGGASYNSPLHF	1
CASSPAQTNEKLFF	1
CASSPTPVEPQHF	1
CASSPRTNTGELFF	1
CASSPADDIRYGYTF	1
CASSPLGDRRQPQHF	1
CASSPRVRQNEQFF	1
CASSPAGKLAKNIQYF	1
CASSHRGVSYEQYF	1
CASSQGTYEQYF	1
CASCFGRTGYGYTF	1
CASCWGMGSPLHF	1
CASYRDRLYNEQFF	1
CASYQGRINQPQHF	1
CASLYPGEELFF	1
CASLLGAAATEAFF	1
CASPGPPGRGEADTQYF	1
CASRGGQYGYTF	1
CASRVDRGRETQYF	1
CASRFGSSNYGYTF	1
CASRQGKITDTQYF	1
CASRATNEKLFF	1
CASRGTGGRDYGYTF	1
CASRQDPYEQYF	1
CASHPEGTYEQYF	1
CASHRDFNTGELFF	1
CASQSNTGELFF	1
CASQPLGSRTDYEQYF	1
CASQREIGTGELFF	1
CASQLGGDGYTF	1
CASQKEGAGTGELFF	1
CASVPRQGIAGTYEQYF	1
CASVGRDNEQFF	1
CASVGVEVPPYEQYF	1
CASVSSYNSPLHF	1
CASVRQGADTQYF	1
CASVRQGPNTGELFF	1
CASALPGQRGEKLFF	1
CASAPGTSYSDTQYF	1
CASAQAGWVEDEQYF	1
CASASAAVKQFF	1
CASGFSGQHEQYF	1
CASGYRDVNTGELFF	1
CASGPFPGRYNSPLHF	1
CASGVGAGPIYEQYF	1
CASGGVDQGTGYTF	1
CASGEPGPDNEQFF	1
CASGGFFYEHYF	1
CASGTYEQYF	1
CASGRGYFDNEQFF	1
CASGHQGGNQPQHF	1
CASGVLQTGGDYGYTF	1
CASGRSRTNEKLFF	1
CASGAGAPGLYGYTF	1
CASDDVELFF	1
CASEEQGLVGQYF	1
CASESRGGRGNTIYF	1
CASITPGGSRNEQFF	1
CASITPGAIYEQYF	1
CASITGAEQYF	1
CASMAHMVDTEAFF	1
CASMMNRGPEAFF	1
CASIPQGSPGFYEQYF	1
CASIVGQIRGELFF	1
CASIILPDRVLWGYTF	1
CASINDRMYTGELFF	1
CASTSVIAEQEPYEQYF	1
CASTGRLGPTNEKLFF	1
CASTFELGGDQETQYF	1
CASTLDLGRAPYF	1
CASTSPVGGGETQYF	1
CASTSTDSYEQYF	1
CASTSTGFSYEQYF	1
CASTWGVGGNQPQHF	1
CASTWDRSNYGYTF	1
CASTLYREGAYEQYF	1
CASTLWRGALASPLHF	1
CASTLDIQPQHF	1
CASTPSDGETQYF	1
CASTPRGGVADTQYF	1
CASTPRDTNQPQHF	1
CASTPGASTDTQYF	1
CASTPGGATQYF	1
CASTPPGAGETQYF	1
CASTHYDVSSAISYNEQFF	1
CASTQGMNTEAFF	1
CASTQRAGRYNEQFF	1
CASTGIGVTGELFF	1
CASTGGGNQPQHF	1
CASTDHIWTDSPTNEKLFF	1
CASTDAYEQYF	1
CASTEEGGTGAYEQYF	1
CASTITGPTEAFF	1
CASTTWTGGMGEQYF	1
CASTKPLGTGGRGHGYTF	1
CASTPGRGSYEQYF	1
CASTMGGQNTEAFF	1
CASTRRPVGQETQYF	1
CASTGTYGYTF	1
CASTNPPAPYGYTF	1
CASSFSLARNYEQYF	1
CASSFWGDQPQHF	1
CASSFLGVGNEQFF	1
CASSFREQFF	1
CASSFRGAGTDTQYF	1
CASSFRGLAGGLGTTDTQYF	1
CASSFRAPRSPLGNQPQHF	1
CASSFQETQYF	1
CASSFAGGNQPQHF	1
CASSFAGTEDNEQFF	1
CASSFAQGPGELFF	1
CASSFAGESNQPQHF	1
CASSFGTGAGYTF	1
CASSFGRNNEPQHF	1
CASSFGQSIQETQYF	1
CASSFGGQGGFEQYF	1
CASSFDITYNEQFF	1
CASSFIAGSNSPLHF	1
CASSFIGTEAFF	1
CASSFTDSPLHF	1
CASSFNVAYSGNTIYF	1
CASSFNTGFNQPQHF	1
CASSFLGANEKLFF	1
CASSFYGNGYTF	1
CASSFLNTEAFF	1
CASSFPGLAYEQYF	1
CASSFRDTKEMNTEAFF	1
CASSFRRQGAEAFF	1
CASSFGFDLGQGISNQPQHF	1
CASSFGGGEKLFF	1
CASSFGAGQDHSGNTIYF	1
CASSFGRVWFF	1
CASSFGGQPQHF	1
CASSFGTSGTAYEQYF	1
CASSFGVTSGNTIYF	1
CASSFGASNQPQHF	1
CASSFGDSYEQYF	1
CASSFDFSGGRNTGELFF	1
CASSFDPQGDQPQHF	1
CASSFDRGANTEAFF	1
CASSFIMATNEKLFF	1
CASSFTDSPLHF	1
CASSLLADTQYF	1
CASSLWAVDGTQYF	1
CASSLPRISTGELFF	1
CASSLRGGNYGYTF	1
CASSLVPAGNTIYF	1
CASSLVAGGNTGELFF	1
CASSLANYGYTF	1
CASSLASGELFF	1
CASSLAAGELFF	1
CASSLAGGLKLFF	1
CASSLAGDQPQHF	1
CASSLAGTDTQYF	1
CASSLGTDTQYF	1
CASSLGYSVTDTQYF	1
CASSLGRHSGNTIYF	1
CASSLGTSAYNEQFF	1
CASSLDQPQHF	1
CASSLELAGGVYEQYF	1
CASSLTDRFPHF	1
CASSLTSSYEQYF	1
CASSLNTGELFF	1
CASSLFQGAGTEAFF	1
CASSLFSSKQRPQHF	1
CASSLLAGRYEQYF	1
CASSLLGLAAYNEQFF	1
CASSLLGYEQYF	1
CASSLSVVVVVTGELFF	1
CASSLSASYEQYF	1
CASSLSGGPQYF	1
CASSLSGGRASIYEQYF	1
CASSLSGDQPQHF	1
CASSLSPGGELFF	1
CASSLSRRDSRFGRNYGYTF	1
CASSLSSNTEAFF	1
CASSLSAGLRTGELFF	1
CASSLSGVRGRGMAANEKLFF	1
CASSLSTLGRPFNEQFF	1
CASSLSGSGGYTF	1
CASSLYRWENSGELFF	1
CASSLYNGANRDEQYF	1
CASSLYRGYEQFF	1
CASSLLTRLAGGNEQFF	1
CASSLLGLWQPQHF	1
CASSLPGYEQYF	1
CASSLPAGITYEQYF	1
CASSLPGTEQFF	1
CASSLRDRNQPQHF	1
CASSLHGGSYEQYF	1
CASSLVRGWFGYTF	1
CASSLVIGRNSPLHF	1
CASSLVASYSYEQYF	1
CASSLVRQLAFF	1
CASSLAGGSYNEQFF	1
CASSLARGSEAFF	1
CASSLAKTAYRGELFF	1
CASSLALGWGYTF	1
CASSLARVKDGYTF	1
CASSLARADANYGYTF	1
CASSLAARQGQYF	1
CASSLAGGPQETQYF	1
CASSLAGGPDTQYF	1
CASSLAGYGYTF	1
CASSLGPRNTEAFF	1
CASSLGSGNTIYF	1
CASSLGQGAKTQYF	1
CASSLGASGTGELFF	1
CASSLGGTEAFF	1
CASSLGEETQYF	1
CASSLGTGQPQHF	1
CASSLGFLSVNEKLFF	1
CASSLGLGTDTQYF	1
CASSLGRGVTETQYF	1
CASSLDSEGLFQFTEAFF	1
CASSLDKYNEQFF	1
CASSLDRGGNTEAFF	1
CASSLEGPYEQYF	1
CASSLEGAADTQYF	1
CASSLIFQFEQYF	1
CASSLIAFGDYNEQFF	1
CASSLTSGIYYEQYF	1
CASSLSLGQVFSGNTIYF	1
CASSLSSGEETQYF	1
CASSLSKGGKIRTEAFF	1
CASSLRGQENTEAFF	1
CASSLNRRVNQPQHF	1
CASSLKSAVKLFF	1
CASSSYQGSSPLHF	1
CASSSLDEQYF	1
CASSSPDRGRSNQPQHF	1
CASSSGQGQGPLHF	1
CASSSGQGAYEQYF	1
CASSSETQYF	1
CASSSTAGLRTDTQYF	1
CASSSNHPYEQYF	1
CASSSKVNTEAFF	1
CASSSYREGQPQHF	1
CASSSLTANTEAFF	1
CASSSLQGGTEAFF	1
CASSSPRGSTNTIYF	1
CASSSPERAQGTQYF	1
CASSSPGWLQLNNEQFF	1
CASSSPGGPLAYEQYF	1
CASSSPSGGRGDTQYF	1
CASSSPAYEQYF	1
CASSSAPGLGSSEQYF	1
CASSSAGSGELFF	1
CASSSANGGMNTGELFF	1
CASSSGTGTYEQYF	1
CASSSDSGNYEQYF	1
CASSSDRNYGYTF	1
CASSSTDRGNQPQHF	1
CASSSFINGAYEQYF	1
CASSSWQGAFTEAFF	1
CASSSLQGTNTEAFF	1
CASSSDRDSPLHF	1
CASSSTLTGNEQYF	1
CASSSTVEQYF	1
CASSSDRGLRYGYTF	1
CASSSEARVGLNQPQHF	1
CASSSISSGNTIYF	1
CASSWRGDSNQPQHF	1
CASSWATGLGQPQHF	1
CASSWGPGGTNYGYTF	1
CASSWDHSPLHF	1
CASSWDRGYEQYF	1
CASSWTSGIQETQYF	1
CASSYSGTDTQYF	1
CASSYSGTAYEQYF	1
CASSYYRGNTEAFF	1
CASSYTPTEAFF	1
CASSYTSGDFEQYF	1
CASSYFQGADEQFF	1
CASSYFRGDYEQYF	1
CASSYLGGEQYF	1
CASSYLGLTNTGELFF	1
CASSYSWQRPGHEQFF	1
CASSYSLAGGPTDTQYF	1
CASSYSAGTGELFF	1
CASSYSPIRVTPRPLHF	1
CASSYSPWGGRSYEQYF	1
CASSYSSGSGQPQHF	1
CASSYSPAEQYF	1
CASSYSGASGRYEQYF	1
CASSYSGDAFF	1
CASSYSGGRYNEQFF	1
CASSYSGIAGENEQFF	1
CASSYSEGNEQYF	1
CASSYSESRSYGYTF	1
CASSYSIGVGELFF	1
CASSYSILALETQYF	1
CASSYSTGRSGEQYF	1
CASSYSTGINQPQHF	1
CASSYSNQGPGYSPLHF	1
CASSYSQGSGDTEAFF	1
CASSYSGESSYEQYF	1
CASSYWRGTDTQYF	1
CASSYYAGSGNLYEQYF	1
CASSYLGGASGYTF	1
CASSYPPAGRTVLYEQYF	1
CASSYRPGLLNTDTQYF	1
CASSYRGSPLHF	1
CASSYRQGVNQPQHF	1
CASSYHTEEFF	1
CASSYQRSNQPQHF	1
CASSYVGTSLTYEQYF	1
CASSYVAYTGELFF	1
CASSYAGTNGELFF	1
CASSYAARYNEQFF	1
CASSYGYSTDTQYF	1
CASSYGWDYGYTF	1
CASSYGLQETQYF	1
CASSYGQGATEAFF	1
CASSYGGQYNEQFF	1
CASSYGTPNTGELFF	1
CASSYGTGTTEAFF	1
CASSYGKNTGELFF	1
CASSYDPGGETQHF	1
CASSYDRPSGYTF	1
CASSYEERAGSYEQYF	1
CASSYTGQGSQDTQYF	1
CASSYTERLEQFF	1
CASSYSPDLANGDTQYF	1
CASSYSRNTGELFF	1
CASSYSGRDTQYF	1
CASSYRDEQFF	1
CASSYKDTNGYTF	1
CASSYKTSGSYEQYF	1
CASSYKNTGELFF	1
CASSLHTDLTDTQYF	1
CASSLSGGQNTGELFF	1
CASSLSLAGGNNEQFF	1
CASSLYGTGINEKLFF	1
CASSLQVFSTDTQYF	1
CASSLGGYNEQFF	1
CASSLRGPYEQYF	1
CASSLPLPMAGTKNIQYF	1
CASSLRPVNTEAFF	1
CASSLTGRYTF	1
CASSLSPFRTSGGPWGETQYF	1
CASSLGITDTQYF	1
CASSPSGETQYF	1
CASSPRGRRSYEQYF	1
CASSPDRVYGYTF	1
CASSPEYGGMNTEAFF	1
CASSPTGNYGYTF	1
CASSPRTGYTEAFF	1
CASSPNRGTEAFF	1
CASSPKPGLASGGELFF	1
CASSPFGGFGDEQFF	1
CASSPYTGYGYTF	1
CASSPPWQGATNEKLFF	1
CASSPPGPGELFF	1
CASSPRTSGSQAKNIQYF	1
CASSPHSGGAPDTQYF	1
CASSPVRGLDTQYF	1
CASSPGAGQNTEAFF	1
CASSPGTSGRSYEQYF	1
CASSPGTGNYGYTF	1
CASSPGTGFYGYTF	1
CASSPGNTGELFF	1
CASSPGLVIADTQYF	1
CASSPDIQHGTEAFF	1
CASSPDRVGYTF	1
CASSPSPSQETQYF	1
CASSPRDRGNQPQHF	1
CASSPRQRGYTF	1
CASSPLTGAVVNTEAFF	1
CASSPRFSSFGYTF	1
CASSPTSRGNQYEPLHF	1
CASSPTVLAKNIQYF	1
CASSPTQGRKGYTF	1
CASSRRGRDEKLFF	1
CASSRGSNQPQHF	1
CASSRDSSYNEQFF	1
CASSRDSQETQYF	1
CASSRTGLEQYF	1
CASSRRYTGELFF	1
CASSRQVGGEKLFF	1
CASSRQGTYSYEQYF	1
CASSRGVLHQPQHF	1
CASSRGTGPQPQHF	1
CASSRGSGQGPF	1
CASSREGLAAYEQYF	1
CASSHTGGAYGYTF	1
CASSHSYEQYF	1
CASSHYLSSYTTGELFF	1
CASSHQGWGVSNQPQHF	1
CASSHREHTGELFF	1
CASSQGGARGYGYTF	1
CASSQGQGFEETQYF	1
CASSQTSGSSYNEQFF	1
CASSQFPAGNWTEAFF	1
CASSQSPTGRRMNTEAFF	1
CASSQQGKGQPQHF	1
CASSQQTSGRGFHEQYF	1
CASSQGTVSSYNEQFF	1
CASSVSRGVGYTF	1
CASSVSAGGTRGEQFF	1
CASSVPYEQYF	1
CASSVGIAGADYNEQFF	1
CASSVGLVPYNEQFF	1
CASSVDRMNTGELFF	1
CASSVNQGARTGELFF	1
CASSVAGIHLSTGELFF	1
CASSVELAGADTQYF	1
CASSAGGRVYTGELFF	1
CASSASGLAKNIQYF	1
CASSAQDSLSAFF	1
CASSAVSTDTEAFF	1
CASSAGTGSYEQYF	1
CASSAGQGNQPQHF	1
CASSALSSYNSPLHF	1
CASSAGTVAKNIQYF	1
CASSATSGRVHTGELFF	1
CASSAQGRGYTF	1
CASSAGINEQFF	1
CASSAGRNYGYTF	1
CASSGLASGTVYNEQFF	1
CASSGYGELFF	1
CASSGLPGQGAYEQFF	1
CASSGYSGGTTDTQYF	1
CASSGHGDTGELFF	1
CASSGALGHYSTDTQYF	1
CASSGGAINQPQHF	1
CASSGLGLAGGTLRVQYF	1
CASSGPEGFNYGYTF	1
CASSGDSGTQYF	1
CASSGILAGGPDEQFF	1
CASSGLAIPDTQYF	1
CASSGERGSTDTQYF	1
CASSGKTGGDTNYEQYF	1
CASSDLDQGYTGELFF	1
CASSDSLVWTPYEQYF	1
CASSDSGAGYTF	1
CASSDPGGMDTEAFF	1
CASSDGQGAHNEQFF	1
CASSDGAGGHNEQFF	1
CASSDSGWPQHF	1
CASSDRLAGVNEQFF	1
CASSDNSGRGDEKLFF	1
CASSDSDTGELFF	1
CASSDSSGSYNEQFF	1
CASSDSTSGGYEQFF	1
CASSDSSGGYNEQFF	1
CASSDYQAGKGFF	1
CASSDPEPSGLVQPQHF	1
CASSDGPDSNYGYTF	1
CASSDGNGATDTQYF	1
CASSDSTSAYNEQFF	1
CASSEFALGEQFF	1
CASSESGDAYF	1
CASSELHNQPQHF	1
CASSERYRVDEQFF	1
CASSERGGHNEQFF	1
CASSERNGQETQYF	1
CASSEQPYSNQPQHF	1
CASSEVAGGFGELFF	1
CASSEGWQQETQYF	1
CASSETGTNSPLHF	1
CASSEFSEWETQYF	1
CASSELGGKQNTDTQYF	1
CASSESPGQGSNNEQFF	1
CASSEYSRRGIYEQYF	1
CASSEYRPPAIKPQHF	1
CASSEPFGQLSTGELFF	1
CASSEQFAGNYGYTF	1
CASSEALRVTQYF	1
CASSEARVADTQYF	1
CASSEANEKLFF	1
CASSEEETQYF	1
CASSEMGNTEAFF	1
CASSETRVARTDTQYF	1
CASSESGEGNQPQHF	1
CASSEREREGGNEQFF	1
CASSIDSTDTQYF	1
CASSMFAEAFF	1
CASSMSGQYNEQFF	1
CASSTSRSSYEQYF	1
CASSTFSQGVKNIQYF	1
CASSTLGPYNEQFF	1
CASSTDRGPGEQYF	1
CASSTTGANTEAFF	1
CASSTRQGHETQYF	1
CASSSAYEQYF	1
CASSRVGGADTGEPFF	1
CASSRTGNGYTF	1
CASSRPSLAYNEQFF	1
CASSRRQVTQYF	1
CASSKQEGEKLFF	1
CASSKDQETQYF	1
CASSFLSDEQFF	1
CASSFSDSPNQPQHF	1
CASSFSNTGELFF	1
CASSFWTGRDEQYF	1
CASSFYDRAAQETQYF	1
CASSFLGGEQYF	1
CASSFPGGADTQYF	1
CASSFRRAGVYEQYF	1
CASSFRSPSGNTIYF	1
CASSFHGTGEGTEAFF	1
CASSFAGTSNTGELFF	1
CASSFGGGSRLRDEQFF	1
CASSFGGALHF	1
CASSFEGATDTQYF	1
CASSFMYEQYF	1
CASSFTPGQGADTDTQYF	1
CASSFSGRRYNEQFF	1
CASSFRTERFYGYTF	1
CASSFLAGVTDTQYF	1
CASSFSGTQPASGIYNEQFF	1
CASSFSTEPPQHF	1
CASSFSSLGFEKLFF	1
CASSFWAGTNEQFF	1
CASSFLLITGDQGDGYTF	1
CASSFLAATYNEQFF	1
CASSFLGGETQYF	1
CASSFPGLGDSPLHF	1
CASSFPYAGRDYGYTF	1
CASSFRSAEVNEQFF	1
CASSFRDQESSYNEQFF	1
CASSFRDRVTYEQYF	1
CASSFRLAWFTDTQYF	1
CASSFHTSPGQTYEQYF	1
CASSFHSFNQPQHF	1
CASSFQGRNEQFF	1
CASSFQGWETQYF	1
CASSFQDRAGTDTQYF	1
CASSFQYREAFF	1
CASSFQGGPNEKLFF	1
CASSFADRGPYEQYF	1
CASSFGGRDTDTQYF	1
CASSFGQGVASTQYF	1
CASSFGTVGQYF	1
CASSFGTYSYEQYF	1
CASSFGLHNSPLHF	1
CASSFGQESGELFF	1
CASSFMGSDTQYF	1
CASSFTQMGEQFF	1
CASSFSGGATETQYF	1
CASSFRTGELFF	1
CASSLLRTGGNQPQHF	1
CASSLSWDEQFF	1
CASSLSTQTQYF	1
CASSLWGYEQYF	1
CASSLWTSGKSEDTQYF	1
CASSLPWNNEQFF	1
CASSLRRTSDEQYF	1
CASSLVVAGGSEQFF	1
CASSLVLELGRKLRPLHF	1
CASSLVSGNEQFF	1
CASSLVAGGTQYF	1
CASSLVAGETYNEQFF	1
CASSLVAARGDTIYF	1
CASSLARPQAFFYGYTF	1
CASSLADAYGYTF	1
CASSLAAGDTEAFF	1
CASSLATSGNTGELFF	1
CASSLARSGELFF	1
CASSLAGRGDTQYF	1
CASSLGQGPYEQYF	1
CASSLGGQGSVAQYF	1
CASSLGNEQFF	1
CASSLGVVGDTQYF	1
CASSLGTDTQYF	1
CASSLGTGDNQPQHF	1
CASSLGRGNRPQHF	1
CASSLGTGGFSGYTF	1
CASSLGKGLVTDQPQHF	1
CASSLDWGREQFF	1
CASSLDPRETQYF	1
CASSLDDYYYYEQYF	1
CASSLDEQYF	1
CASSLEGSNQPQHF	1
CASSLEGQNYEQYF	1
CASSLEWGSPLHF	1
CASSLEQTVNTGELFF	1
CASSLIPDEQFF	1
CASSLIMSTEQETQYF	1
CASSLIRYNEQFF	1
CASSLTASGELFF	1
CASSLTGSGEAFF	1
CASSLKRDWRDTQYF	1
CASSLFSSYNEQFF	1
CASSLSPGTYEQYF	1
CASSLSPDTQYF	1
CASSLSPGQGTDTQYF	1
CASSLSSLPGHTGTDTQYF	1
CASSLWNEQFF	1
CASSLYPGLAGGLIYNEQFF	1
CASSLYPGATQYF	1
CASSLYDFRHTQYF	1
CASSLYIGLATNEQFF	1
CASSLLSGNTIYF	1
CASSLLLSGSTEAFF	1
CASSLLDFTSGRAREQYF	1
CASSLPRGNTEAFF	1
CASSLRGGGRAGETQYF	1
CASSLRTSDEQFF	1
CASSLRQGGAEAFF	1
CASSLRRQGRPGNIQYF	1
CASSLRATGAGNTIYF	1
CASSLQGPYGYTF	1
CASSLQGSYNEQFF	1
CASSLVGPRDTQYF	1
CASSLVTGGGNTIYF	1
CASSLVRYEQYF	1
CASSLVLAGLNEQFF	1
CASSLVPHEQYF	1
CASSLVGGSADTQYF	1
CASSLVGRGLPDYGYTF	1
CASSLVSGEQYF	1
CASSLVRHNEQFF	1
CASSLVVDEQFF	1
CASSLVGSGEDTQYF	1
CASSLVLQQETQYF	1
CASSLVSEQFF	1
CASSLASGSQPQHF	1
CASSLASDSYNEQFF	1
CASSLAFWRTASYEQYF	1
CASSLALAGLYF	1
CASSLAPGQTLTYGYTF	1
CASSLAPSGHTNSYTF	1
CASSLARGARSYEQYF	1
CASSLAGIINEQFF	1
CASSLARGWSTDTQYF	1
CASSLALGSLRDGNYGYTF	1
CASSLAPTALTNYGYTF	1
CASSLAQSSGNTIYF	1
CASSLAAQGELFF	1
CASSLAGELFF	1
CASSLAITYEQYF	1
CASSLATGQSRLVNEQFF	1
CASSLALGRETQYF	1
CASSLARTGVTEAFF	1
CASSLGYARAYNEQFF	1
CASSLGLQIPTDTQYF	1
CASSLGPSGSSYEQYF	1
CASSLGRTGELFF	1
CASSLGRASGLNTGELFF	1
CASSLGVGTDTQYF	1
CASSLGGTNTEAFF	1
CASSLGRTGELFF	1
CASSLGEGGSNQPQHF	1
CASSLGIPTDTQYF	1
CASSLGSQETQYF	1
CASSLGPSGVTDTQYF	1
CASSLGPRADQPQHF	1
CASSLGQDQPQHF	1
CASSLGVSESEQFF	1
CASSLGVGGSGNTIYF	1
CASSLGATYEQYF	1
CASSLGAQGTEAFF	1
CASSLGGWGRQETQYF	1
CASSLGGRGLQPQHF	1
CASSLGGREQYF	1
CASSLGGWATEAFF	1
CASSLGGRGRAYEQYF	1
CASSLGSASRNEQFF	1
CASSLGWGYEQYF	1
CASSLGLHYNEQFF	1
CASSLGPTEGHTIYF	1
CASSLGQFSYEQYF	1
CASSLGQPNTEAFF	1
CASSLGQGLSYEQYF	1
CASSLGQGSGSYGYTF	1
CASSLGAQEYYGYTF	1
CASSLGGTERVNGYTF	1
CASSLGGTSATNEKLFF	1
CASSLGTLGDNEQFF	1
CASSLDSRKTDTQYF	1
CASSLDPYEQYF	1
CASSLDPDYEQYF	1
CASSLDRARAYNEQFF	1
CASSLDRIGLSTDTQYF	1
CASSLDAGTSGTDTQYF	1
CASSLDDRFPSPLHF	1
CASSLDRFPGYNEQFF	1
CASSLDPSRQETQYF	1
CASSLDVWEMVGYTEAFF	1
CASSLDGTYEQYF	1
CASSLDDAGYTF	1
CASSLESGGSSYNSPLHF	1
CASSLERSRAGELFF	1
CASSLEVILHNEQFF	1
CASSLEALAYTDTQYF	1
CASSLEAPQGLSTDTQYF	1
CASSLEGSRAYEQYF	1
CASSLEGNYGYTF	1
CASSLEGLAGTLGEQFF	1
CASSLEESPSGNTIYF	1
CASSLETSGNNEQFF	1
CASSLEREQPQHF	1
CASSLERPHRF	1
CASSLEQHTDTQYF	1
CASSLEVGGTETQYF	1
CASSLEAFLGTEAFF	1
CASSLEADTQYF	1
CASSLEIGQGLNYGYTF	1
CASSLETRPGNTIYF	1
CASSLIRSRGWETQYF	1
CASSLIASGDGELFF	1
CASSLIRGVLAGVGETQYF	1
CASSLMWGSESYEQYF	1
CASSLMILGDRDSQPQHF	1
CASSLMSQSYEQYF	1
CASSLISAYEQYF	1
CASSLIGGSPREQYF	1
CASSLTQGYGYTF	1
CASSLTITDTQYF	1
CASSLTRTANTGELFF	1
CASSLTGGYGEQFF	1
CASSLTITRLQRSAGYTF	1
CASSLSPVDSPLHF	1
CASSLSQNQPQHF	1
CASSLSSGETYEQYF	1
CASSLSPWVRPQHF	1
CASSLRSPLSSYNEQFF	1
CASSLRREGSDGYTF	1
CASSLRHSEQFF	1
CASSLRAVLSSYNSPLHF	1
CASSLRGLNEQYF	1
CASSLRDNEQFF	1
CASSLRTSVGDEQFF	1
CASSLNPRGVGYEKLFF	1
CASSLNEIAGNNEQFF	1
CASSLNSFEAFF	1
CASSLNYQETQYF	1
CASSLNDEQFF	1
CASSSFTESSGNTIYF	1
CASSSLALTDQPQHF	1
CASSSPGTSFYEQYF	1
CASSSQSYNEQFF	1
CASSSAGELFF	1
CASSSDRGYTGELFF	1
CASSSTGGAGNTIYF	1
CASSSTGDYGYTF	1
CASSSSSRGEQFF	1
CASSSRDNEQFF	1
CASSSNTDTQYF	1
CASSSKETQYF	1
CASSSSGHRIYGYTF	1
CASSSSEGQWSNQPQHF	1
CASSSYYEQYF	1
CASSSLGGQFF	1
CASSSPSYRNNEQFF	1
CASSSPLRGLDSPLHF	1
CASSSRVETQYF	1
CASSSRPKRVNTGELFF	1
CASSSRDRGMNTEAFF	1
CASSSRYGLGETQYF	1
CASSSHRDRASSPLHF	1
CASSSQGSEQYF	1
CASSSGRGEDTQYF	1
CASSSGTSGYMETQYF	1
CASSSGTSEREQYF	1
CASSSGTGKETQYF	1
CASSSGLVSAGELFF	1
CASSSSSYEQYF	1
CASSSRRGSSPLHF	1
CASSSNGREAQYF	1
CASSSKDRGQEAFF	1
CASSSLFDTGDRELFF	1
CASSSVGGWAKNIQYF	1
CASSSGFTGGISYEQYF	1
CASSSGLAKNIQYF	1
CASSSGPSNTDTQYF	1
CASSSGTSSIDEQFF	1
CASSSDRALAF	1
CASSSTRTSGGADTQYF	1
CASSSTASGSYTGELFF	1
CASSSTVPMNTEAFF	1
CASSSRWGGVLNYGYTF	1
CASSSRRGDEKLFF	1
CASSSFNRGDYGYTF	1
CASSSQGAGETQYF	1
CASSSTGGDQPQHF	1
CASSSSLVAQHF	1
CASSCLLLQAYHQPQHF	1
CASSWLAGELFF	1
CASSWWDRGHNEQFF	1
CASSWYFGRSQETQYF	1
CASSWAGGTDTQYF	1
CASSWGRTQETQYF	1
CASSWGGSNQPQHF	1
CASSWGTGTGELFF	1
CASSWGNRATGELFF	1
CASSWRLAGGSGQETQYF	1
CASSWNWDTEQYF	1
CASSYTITGGAGNQPQHF	1
CASSYLGGYGYTF	1
CASSYPPNRYEQYF	1
CASSYPTSGNEQFF	1
CASSYTDGEKLFF	1
CASSYTGTYEQYF	1
CASSYRQGRTGELFF	1
CASSYNILAENSEAFF	1
CASSLSGTHDQPQHF	1
CASSLWTSPGELFF	1
CASSLRTVSYNSPLHF	1
CASSLQQETQYF	1
CASSLGQGLSHEQYF	1
CASSLGTTSYNEQFF	1
CASSLIAGAEQYF	1
CASSLTLFGPQHF	1
CASSLTDPRGETQYF	1
CASSLSSPETQYF	1
CASSLSQGVKGNQPQHF	1
CASSLWAGEDQETQYF	1
CASSLPRSYEQYF	1
CASSLRDRLGEKLFF	1
CASSLRLGDEQYF	1
CASSLRRMQETQYF	1
CASSLAFSSTDTQYF	1
CASSLGGGSTEQYF	1
CASSLTNYEQYF	1
CASSLASTDTQYF	1
CASSLAGPRTLDSTDTQYF	1
CASSLASSKNIQYF	1
CASSLGQNYGYTF	1
CASSLDRYNYGYTF	1
CASSLTGTLFLHEQFF	1
CASSLSQNSPLHF	1
CASSLLIGDQPQHF	1
CASSLQGNEQYF	1
CASSLVGQGTGYTF	1
CASSLGFGDSYEQYF	1
CASSLGLAGGPEFDEQYF	1
CASSLGLARDGLETQYF	1
CASSLEDRRSTDTQYF	1
CASSLTRGHTDTQYF	1
CASSLNRGNQPQHF	1
CASSLKLGGAVQYF	1
CASSLKRDTGELFF	1
CASSPFAPGQRPTNEKLFF	1
CASSPLRRQGIFAGELFF	1
CASSPHRDRVQYEQYF	1
CASSPGHRHNEQFF	1
CASSPTHGLAGNNEQFF	1
CASSPRTGYEQYF	1
CASSPFLGGGADTQYF	1
CASSPSVGFSTDTQYF	1
CASSPWDTDTQYF	1
CASSPLRIAGSNIQYF	1
CASSPLAGGLKPVNNEQFF	1
CASSPLTGGYSNQPQHF	1
CASSPPPRDQPQHF	1
CASSPPGTGNYGYTF	1
CASSPPATGYTF	1
CASSPRLAGGPNTGELFF	1
CASSPRGDTQYF	1
CASSPRRSGRSETQYF	1
CASSPRGGGTDTQYF	1
CASSPQGNIQYF	1
CASSPAYYQPQHF	1
CASSPGRGVLRETQYF	1
CASSPGGVSGPEQFF	1
CASSPGTGANEKLFF	1
CASSPGGTSGDNEQFF	1
CASSPGDWGGYTF	1
CASSPGTANTGELFF	1
CASSPGLAGALLDTQYF	1
CASSPGPMISNQPQHF	1
CASSPDGGSGNTIYF	1
CASSPDGQLNTIYF	1
CASSPEASSHEQYF	1
CASSPMPGLAGQKETQYF	1
CASSPMEFYGYTF	1
CASSPTDRNYGYTF	1
CASSPRDREVGAYEQYF	1
CASSPPLPLKGTEAFF	1
CASSPPGTVRYEQYF	1
CASSPRQGGHGNTIYF	1
CASSPQGTDTQYF	1
CASSPAVGQRQRTEAFF	1
CASSPGQAGPSRVTRQPQHF	1
CASSPGLALETQYF	1
CASSPGQLNQPQHF	1
CASSPGTRNTIYF	1
CASSPDRGHSPLHF	1
CASSPTGSFNQPQHF	1
CASSPTGDNQPQHF	1
CASSPTTNTEAFF	1
CASSPNLLPTGELFF	1
CASSPLTGGKQPQHF	1
CASSPSQRIGDEQFF	1
CASSPLYSYNEQFF	1
CASSPPWDTLNIQYF	1
CASSPRLAGELFF	1
CASSPASDNTGELFF	1
CASSPAEAGGTDTQYF	1
CASSPGAGRIYGYTF	1
CASSPGIRRADTQYF	1
CASSPGINTEAFF	1
CASSPGQSTDTQYF	1
CASSPDFIAGIVYEQYF	1
CASSPDRGWGEAFF	1
CASSPIGNIQYF	1
CASSPRPNSYNEQFF	1
CASSRYPGQGQHSNQPQHF	1
CASSRPTSGTAGFRQYF	1
CASSRAGDTDTQYF	1
CASSRGALGSNQPQHF	1
CASSRTGQGGNEQYF	1
CASSRKTGVVNSPLHF	1
CASSRRDGANSPLHF	1
CASSRRTGPRLGEKLFF	1
CASSRGSGNEKLFF	1
CASSRGRRDPTDGYTF	1
CASSRDSDYYGYTF	1
CASSRRRNTGELFF	1
CASSRSLSNTGELFF	1
CASSRRTGIDYGYTF	1
CASSRVLGTQYF	1
CASSRVNTEAFF	1
CASSRDRSTDTQYF	1
CASSRTSARMVSYNEQFF	1
CASSRTGGFGELFF	1
CASSRSSGSSYEQYF	1
CASSRSTGESSSYNSPLHF	1
CASSRPRGQAFYEQYF	1
CASSRPGGGGYTF	1
CASSRRSNEQFF	1
CASSRQTGLGVGEQYF	1
CASSRAGGGADTQYF	1
CASSRGQGAIQYF	1
CASSRGQNIQYF	1
CASSRIGQGNEQYF	1
CASSRILAGDTPEQFF	1
CASSRSTGGELFF	1
CASSHLKGGNTIYF	1
CASSHRWDSSYEQYF	1
CASSHGSYEQYF	1
CASSHYNEQFF	1
CASSHRDRVPPDTQYF	1
CASSHRDRARTGELFF	1
CASSHGDSYEQYF	1
CASSHEADSTDTQYF	1
CASSHIMRQPQHF	1
CASSHTGRTSGNTDTQYF	1
CASSHNSETQYF	1
CASSQFSGGANEQFF	1
CASSQSVTGVYGYTF	1
CASSQRDF	1
CASSQDSSNQPQHF	1
CASSQTWGYTF	1
CASSQTGYEQYF	1
CASSQTGTGGIHEQFF	1
CASSQSMNTEAFF	1
CASSQRTSGGTSSYNEQFF	1
CASSQSGGGKHEQYF	1
CASSQLEAIEGYTF	1
CASSQLYEQYF	1
CASSQPSGQETQYF	1
CASSQPTSGGVTYEQYF	1
CASSQPTGARDTQYF	1
CASSQRRRRNTEAFF	1
CASSQRGQWGYTF	1
CASSQQGLYEQYF	1
CASSQVSGLAEQETQYF	1
CASSQVGGLQPQHF	1
CASSQVYGEANTGELFF	1
CASSQVVISGVNTGELFF	1
CASSQVEGTSEQYF	1
CASSQALVSSTDTQYF	1
CASSQGPGGYEQYF	1
CASSQGRRGFSEQFF	1
CASSQGQGHEPLHF	1
CASSQGDSYYEQYF	1
CASSQGPDGQVTDTQYF	1
CASSQGHTNQPQHF	1
CASSQGQPNEKLFF	1
CASSQGGLDQPQHF	1
CASSQDWLEQYF	1
CASSQDWLRGETWGEQFF	1
CASSQDLRAGGTDTQYF	1
CASSQDLEVGLSYNEQFF	1
CASSQDLRSGSRNEQYF	1
CASSQDPIGAAPYEQYF	1
CASSQDPGSRELFF	1
CASSQDGGTGGYGYTF	1
CASSQDGEAGSGNTIYF	1
CASSQDTGVGGAAGGYTF	1
CASSQDSTDTQYF	1
CASSQDSRAHEQFF	1
CASSQEGADTQYF	1
CASSQEGLAQGTQYF	1
CASSQEIFAEQDTEAFF	1
CASSQEISSYEQYF	1
CASSQENQPQHF	1
CASSQEPGGFSYEQYF	1
CASSQERSGNTIYF	1
CASSQEAGGLAGELFF	1
CASSQEDSATNEKLFF	1
CASSQEEPDTQYF	1
CASSQESRSNTGELFF	1
CASSQTVVNTEAFF	1
CASSQTTGSYNSPLHF	1
CASSQSLDQPQHF	1
CASSQRTIAGVKGDEQFF	1
CASSVLTSGGLDTQYF	1
CASSVAVSYEQYF	1
CASSVLGGAAETQYF	1
CASSVDRGSYNEQFF	1
CASSVTSEQFF	1
CASSVLAGGSYNEQFF	1
CASSVRQRATDTQYF	1
CASSVQETQYF	1
CASSVVSGPTYEQYF	1
CASSVAGDGSNTGELFF	1
CASSVAGLAGVRGNEQFF	1
CASSVGNYEQYF	1
CASSVGSGGFVDTQYF	1
CASSVGPGQGINEQFF	1
CASSVGDNSDTTIYEQYF	1
CASSVGDRTLETQYF	1
CASSVGLARYNEQFF	1
CASSVDRTTPFAADTQYF	1
CASSVDGGASDTQYF	1
CASSVKGSFSGELFF	1
CASSAPTSGRPDNEQFF	1
CASSALSLSGGARDTQYF	1
CASSAPATSSYNEQFF	1
CASSAPGETQYF	1
CASSAPAAQQETQYF	1
CASSARPRANQETQYF	1
CASSAMGLADNEQFF	1
CASSASSSTDTQYF	1
CASSAGTVYNEQFF	1
CASSAGTDTQYF	1
CASSADIGFWETQYF	1
CASSAQLPNEQFF	1
CASSAGGTTTDTQYF	1
CASSADRGLYNEQFF	1
CASSATLNSYEQYF	1
CASSAKRLRSGTYNEQFF	1
CASSGLVGGLCEQFF	1
CASSGRQGARRNEQFF	1
CASSGGNINNEQFF	1
CASSGGQRYGYTF	1
CASSGDRETQYF	1
CASSGTPLEDTQYF	1
CASSGSHPGLATDTQYF	1
CASSGLAGGIYEQYF	1
CASSGLAGGSFYNEQFF	1
CASSDPGQFYEQYF	1
CASSDVEQFF	1
CASSDQRPVSPREEYGYTF	1
CASSDGGLSSYEQYF	1
CASSEPLNRGGYTF	1
CASSERFINTGELFF	1
CASSESKTGAYEQYF	1
CASSENRGRDTDTQYF	1
CASSIRVDYEQYF	1
CASSISGTYEQYF	1
CASSIAYRVTLEAFF	1
CASSITSLATGELFF	1
CASSMGLLGGQPQHF	1
CASSIDRGHRNQPQHF	1
CASSTRGQQPQHF	1
CASSTRSRDGVTDTQYF	1
CASSTGTAPRQFF	1
CASSTRGLNTGELFF	1
CASSTAGRTVIAPNTGELFF	1
CASSTQPGNTGELFF	1
CASSTDRDYGYTF	1
CASSSSGFGQGAYGYTF	1
CASSSNGGLAAGELFF	1
CASSSPGIGQIRTTDTQYF	1
CASSSHRGQETQYF	1
CASSRPGLAGGPSLNEQFF	1
CASSRDRGNTGELFF	1
CASSRLGLAVNEQFF	1
CASSRRQGAANTEAFF	1
CASSNSGPQINIYEQYF	1
CASSNPWGTEQYF	1
CASSNRGVTDTQYF	1
CASSNPNGPSGNTIYF	1
CASSKGTVATNTEAFF	1
CASSKTSGGGTNTGELFF	1
CASSKTGYGDEQYF	1
CASSKAEGGYEQYF	1
CASSKAPPYGYTF	1
CASSKAGDTQYF	1
CASSKDDVTPANTGELFF	1
CASRLSPDTGELFF	1
CASRLTSGGGTDTQYF	1
CASRSWDSTTEQYF	1
CASRSLYEQYF	1
CASRSGTGFGNSPLHF	1
CASRSGGTGIALGYTF	1
CASRWDSYEQYF	1
CASRWTSGETQYF	1
CASRLEVLGSSPLHF	1
CASRPAGVQPQHF	1
CASRPPDRGLTGELFF	1
CASRRDLTNSPLHF	1
CASRRQGSYNGYTF	1
CASRRQDYEQYF	1
CASRQPLNTGELFF	1
CASRQGWDSSNSPLHF	1
CASRASPLTDTQYF	1
CASRAYEQYF	1
CASRAQGAKIYEQYF	1
CASRGSDTQYF	1
CASRGQGPSYEQYF	1
CASRGALKVDEQFF	1
CASRGTGEGNQPQHF	1
CASRGKRQGNTEAFF	1
CASRGQGLGNQPQHF	1
CASRGQGAHNSPLHF	1
CASRDGAHYGYTF	1
CASRDRVVDTQYF	1
CASRDRAGDTEAFF	1
CASRDRGRGSGELFF	1
CASRDRSSGNTIYF	1
CASREFGPGAVYEQYF	1
CASREGQGSRPQHF	1
CASREDNNQPQHF	1
CASREPGQGHYGYTF	1
CASREEPYEQYF	1
CASRIQGSSYNSPLHF	1
CASRTLAGGNNEQFF	1
CASRTDFGQPQHF	1
CASRRTTGNTIYF	1
CASRRNPGTSGGPDTQYF	1
CASRNRDPSTDTQYF	1
CASRNGKAPFYGYTF	1
CASRNTPGQGLNTEAFF	1
CASRKGGGLSSYEQYF	1
CASRKGIYEQFF	1
CASRKDRGLGGYTF	1
CASRKIQFMTDTQYF	1
CASRLGTGGGYTF	1
CASRSARGRGGEKLFF	1
CASRSAWGGNQPQHF	1
CASRYRGEQYF	1
CASRYGGLTDTQYF	1
CASRLSGTGSTDTQYF	1
CASRLGQGARNQPQHF	1
CASRPLRGRSGELFF	1
CASRPQGADTDTQYF	1
CASRPTGTSQETQYF	1
CASRPLDDTQYF	1
CASRPTNTGELFF	1
CASRPGRTTYEQYF	1
CASRPTGGETQYF	1
CASRPTGGSTEQYF	1
CASRRETGQYEAFF	1
CASRRTSTGEYTDTQYF	1
CASRRGLAPYEQYF	1
CASRRDSSNQPQHF	1
CASRRNSGNSPLHF	1
CASRHSRPTDTQYF	1
CASRQGTYEQYF	1
CASRQQGDEQYF	1
CASRVTGDTQYF	1
CASRVTGGNYGYTF	1
CASRVGSTDTQYF	1
CASRADRGLYNEQFF	1
CASRAGTTGGTQYF	1
CASRAKTGPNQPQHF	1
CASRAGASTDTQYF	1
CASRAGSSYNSPLHF	1
CASRGTGVDGYTF	1
CASRGGFETQYF	1
CASRDLLNTGELFF	1
CASRDDRDLRGYTF	1
CASRTRAGQGADTQYF	1
CASRNLGAEAFF	1
CASNPPLLF	1
CASNGQGARNEKLFF	1
CASNPGQGAGNTEAFF	1
CASNPSWSSGRTDTQYF	1
CASNVDRTYGYTF	1
CASNAGTGWYEQFF	1
CASNGWPGGGPHNEQFF	1
CASNRQGGYEQYF	1
CASKGRTTDTQYF	1
CASKEVTEAFF	1
CASKTGGFSYEQYF	1
CASKSGETAFYGYTF	1
CASKLSETQYF	1
CASKRSPGETQYF	1
CASKSRGNSPLHF	1
CARNRGGNQPQHF	1
CANLWGASTDTQYF	1
CANGGAGQANYGYTF	1
CANSYSAVQETQYF	1
CANKAGLAGYNEQFF	1
CAAGGWTGELFF	1
CGASPVSVSYEQYF	1
CAGRRTGQTTDTQYF	1
CATFATDRGSGELFF	1
CATDRTSGSSYEQYF	1
CASFNQGYTEAFF	1
CASSPGLAGGTIDTQYF	1
CASRKRGTSGIGNTGELFF	1
CASHVRDRGNNEQFF	1
CASQRGRNTGELFF	1
CASAEAIENYGYTF	1
CASADSYLYEQYF	1
CASAGTGRQETQYF	1
CASAEGATGELFF	1
CASGFEAAYEQYF	1
CASGRSESSYNEQFF	1
CASEGDTREQFF	1
CASIPIQGGAAEAFF	1
CASISGGLNTEAFF	1
CASIRQARSSYEQYF	1
CASMVLNTDTQYF	1
CASTPGGNTEAFF	1
CASTQGGVGTEAFF	1
CASTARLPHEQFF	1
CASTGTSTNEKLFF	1
CASTTQGPGELFF	1
CASTREAVTDTQYF	1
CASTTGTGDYNEQFF	1
CASSSKPPIGGPGEKLFF	1
CASSSRTSGTDTQYF	1
CASSSDGTGVNSPLHF	1
CASSPDAINTGELFF	1
CASSRSPGQNYGYTF	1
CASSRRLLAGGPKDTQYF	1
CASSRQGHDLIDRYGYTF	1
CASSRDEGYGYTF	1
CASSADFSGYTF	1
CASSDRSYYGYTF	1
CASSESRGGGLAKNIQYF	1
CASSESGLAGPESSYEQYF	1
CASSEGGGSYEQYF	1
CASSEGGIRETQYF	1
CASSEDRTNTGELFF	1
CASSEMADTQYF	1
CASSESSGTGELFF	1
CASSTTGPYEQYF	1
CASSFQGGENIQYF	1
CASSFGADKEKLFF	1
CASSFGGLAGGNEQFF	1
CASSFDRGREKLFF	1
CASSFENTGELFF	1
CASSFSLAVDGELFF	1
CASSFNMNTEAFF	1
CASSFLDRGTEAFF	1
CASSFRDRANYGYTF	1
CASSFRQGWGNTEAFF	1
CASSFGSQGVSGNTIYF	1
CASSFGGKNTEAFF	1
CASSFGEDSPLHF	1
CASSFDGPGRGYTF	1
CASSFDRLYEQYF	1
CASSFRGVAGELFF	1
CASSLFLGAYEQYF	1
CASSLFRQTNTGELFF	1
CASSLSGDPTGELFF	1
CASSLWGKSTEAFF	1
CASSLWTSTDTQYF	1
CASSLYDTGTGTKNIQYF	1
CASSLLGRVANEKLFF	1
CASSLPRTRDRDPYEQYF	1
CASSLPGQGVTDTQYF	1
CASSLRSGGNTYGYTF	1
CASSLVPGVEPQHF	1
CASSLVGGSNTEAFF	1
CASSLVDGQGADEQYF	1
CASSLVSNYGYTF	1
CASSLVSLSYEQYF	1
CASSLVEGLNTEAFF	1
CASSLVQNYGYTF	1
CASSLAGRPMNTEAFF	1
CASSLALGDYSNQPQHF	1
CASSLALVTSQPQHF	1
CASSLASFRSGNYGYTF	1
CASSLASEAYGYTF	1
CASSLAPERSRSIQYF	1
CASSLAPGAQTFF	1
CASSLARGNYEQYF	1
CASSLARQKNTEAFF	1
CASSLAHGTGTSGYGYTF	1
CASSLAGGELFF	1
CASSLAGGTGELFF	1
CASSLAGSHGYTF	1
CASSLATRGYEQYF	1
CASSLATGGSTEAFF	1
CASSLARAVGEQYF	1
CASSLARGLNEQFF	1
CASSLAARGNSPLHF	1
CASSLAGSSNQPQHF	1
CASSLAGQYYKDTQYF	1
CASSLATGEPYEQYF	1
CASSLAGGGYEQYF	1
CASSLAGLSSLHF	1
CASSLASSVFSYNSPLHF	1
CASSLGSWRHNEQFF	1
CASSLGRLTNTGELFF	1
CASSLGGGVDSPLHF	1
CASSLGGHPTGELFF	1
CASSLGQGDTGELFF	1
CASSLGAGDGYTF	1
CASSLGGSGDSNTEAFF	1
CASSLGGGTVNEKLFF	1
CASSLGRVTEAFF	1
CASSLGFGEKLFF	1
CASSLGLHTGSGNTIYF	1
CASSLGLAGPYTGELFF	1
CASSLGLAGDRSEYF	1
CASSLGRRVGSPLHF	1
CASSLGQGGAFF	1
CASSLGGYPEAFF	1
CASSLGGGRNNSPLHF	1
CASSLGDSYGYTF	1
CASSLGDRAEADTQYF	1
CASSLGTNTDTQYF	1
CASSLGTGGNTGELFF	1
CASSLGSGTGNTIYF	1
CASSLGLLQPTGELFF	1
CASSLGRNQPQHF	1
CASSLGQGAEKLFF	1
CASSLGQTNEKLFF	1
CASSLGGQRGDYEQYF	1
CASSLDWSGPQHF	1
CASSLDYSTGELFF	1
CASSLDGMGTEAFF	1
CASSLDGDSNQPQHF	1
CASSLESRVNTEAFF	1
CASSLEAGGDEQFF	1
CASSLEGIPGGGYTF	1
CASSLEGGGYQPQHF	1
CASSLEGGGNQPQHF	1
CASSLENRPYGYTF	1
CASSLESASSYNSPLHF	1
CASSLEPRYNEQFF	1
CASSLEQGRYVTEAFF	1
CASSLEQGGFEQYF	1
CASSLEGQGRGELFF	1
CASSLEGTNEKLFF	1
CASSLMDSNSNQPQHF	1
CASSLISRRGQKTLQPQHF	1
CASSLIGGMENTEAFF	1
CASSLTAPGSRPLHF	1
CASSLTGGSTEAFF	1
CASSLSGVSTDTQYF	1
CASSLSTLNTEAFF	1
CASSLSRESNSPLHF	1
CASSLRTGNNEKLFF	1
CASSLRTGPENEQFF	1
CASSLKAGGGELFF	1
CASSLSGDEKLFF	1
CASSLLSANTGELFF	1
CASSLLAGAYNEQFF	1
CASSLQGAANTGELFF	1
CASSLGYGYTF	1
CASSLGSANNYGYTF	1
CASSLGDKGEKLFF	1
CASSLEGQTDEAFF	1
CASSLETGAQPQHF	1
CASSLTGTIGELFF	1
CASSLSRTRISYNEQFF	1
CASSLSTGDYEQYF	1
CASSLRQVDYGYTF	1
CASSLNRGTDTQYF	1
CASSSPYEQYF	1
CASSSPHDRGEAKNIQYF	1
CASSSGAGTDTQYF	1
CASSSPEAGELFF	1
CASSSQGTGELFF	1
CASSSGLRAGAYEQFF	1
CASSSGTEHYEQYF	1
CASSSDRTDTQYF	1
CASSSEPSGRALAGELFF	1
CASSSTKTGRVTEAFF	1
CASSSLLPGQNTEAFF	1
CASSSLPSNGQIFNEQYF	1
CASSSGTSNQPQHF	1
CASSSGYGTAGTEAFF	1
CASSSGRGAGQYNEQFF	1
CASSSDSFSGNTIYF	1
CASSSEPRSTDTQYF	1
CASSSPQFF	1
CASSSGAGGPSGELFF	1
CASSSSVAAPEQYF	1
CASSWVASGQGAVGYTF	1
CASSWGANYGYTF	1
CASSWGTGMYEAFF	1
CASSWGQGAGYTF	1
CASSWGDTQYF	1
CASSWDRAENIQYF	1
CASSWNAEGTEAFF	1
CASSYRYTYEQYF	1
CASSLAGGQVIPYEQYF	1
CASSLGDRASLHF	1
CASSLGTSGYQETQYF	1
CASSLLPGTGAHEQYF	1
CASSLLDRASYEQYF	1
CASSLRETGSTYGYTF	1
CASSLAGTSVYEQYF	1
CASSLGQGLAFF	1
CASSLPGGQTANYGYTF	1
CASSLGLAGVGTYEQYF	1
CASSLSGSSNQPQHF	1
CASSPRTGVDYGYTF	1
CASSPAGGNQPQHF	1
CASSPEGNTIYF	1
CASSPLRGSGRNTGELFF	1
CASSPYRPSTDTQYF	1
CASSPPGQGGFPKGGYGYTF	1
CASSPPGTNTGELFF	1
CASSPAGTGELFF	1
CASSPGKGTEAFF	1
CASSPGGATYGYTF	1
CASSPDGNTEAFF	1
CASSPEEGKPQHF	1
CASSPTSGEDTEAFF	1
CASSPKAAAGMAGNEQFF	1
CASSPSQLGEQYF	1
CASSPARVGGNEQFF	1
CASSPGVNYGYTF	1
CASSPDSGSWAGELFF	1
CASSPDLSSYEQYF	1
CASSPEDQYGYTF	1
CASSPMVGSGYTF	1
CASSPSTDTQYF	1
CASSPREDSNQPQHF	1
CASSPGLLREDQPQHF	1
CASSPGTGAGYGYTF	1
CASSPGFLSSYNSPLHF	1
CASSPDAGTTIHSYNEQFF	1
CASSPNRRMQYF	1
CASSRRTSGVTDTQYF	1
CASSRGRAYEQYF	1
CASSRGWTGLNYGYTF	1
CASSRKGLAVNGELFF	1
CASSRVLAGADNEQFF	1
CASSRGGELFF	1
CASSRDRDTGELFF	1
CASSRPGQGPYGYTF	1
CASSRVLRGNQFF	1
CASSHLQGFQPQHF	1
CASSHWNQPDTQYF	1
CASSHYGGEQFF	1
CASSHLAGVNNEQFF	1
CASSHPGLAMNEQFF	1
CASSHRQGYGYTF	1
CASSHHSKTSGSSYNEQFF	1
CASSHGTSRDTQYF	1
CASSHEDTPNLSIQYF	1
CASSHRGTNTGELFF	1
CASSQSMILPNYGYTF	1
CASSQWISETQYF	1
CASSQRAGTRNQPQHF	1
CASSQREDHEQYF	1
CASSQVADSYEQYF	1
CASSQGVWQANTGELFF	1
CASSQGWGPRFEKLFF	1
CASSQGPRYGYTF	1
CASSQGYSNQPQHF	1
CASSQGKRASEQYF	1
CASSQSQKYNSPLHF	1
CASSQFPGQQTEKLFF	1
CASSQYLGETQYF	1
CASSQYSEETQYF	1
CASSQLGGEGYEQYF	1
CASSQLGTFVF	1
CASSQLTWGAAGELFF	1
CASSQLTSGPYNEQFF	1
CASSQLRVDQPQHF	1
CASSQPAGRPSGNTIYF	1
CASSQPGGFYGYTF	1
CASSQQGSGGNEQFF	1
CASSQQGKGDTQYF	1
CASSQVWGQGRQYF	1
CASSQVWGDTGELFF	1
CASSQVGGYEQYF	1
CASSQVEREDTYNEQFF	1
CASSQVEGIYEQYF	1
CASSQASYGYTF	1
CASSQAWGTTGGNQPQHF	1
CASSQAVGRGQETQYF	1
CASSQAARGGRDTQYF	1
CASSQGRWIDTDTQYF	1
CASSQGGGYNEQFF	1
CASSQGSGRAVETQYF	1
CASSQGSVSGELFF	1
CASSQGALGTGIYEQYF	1
CASSQGGGTANYGYTF	1
CASSQGGGTEPQHF	1
CASSQGTGYGNTIYF	1
CASSQGTGDVNEQFF	1
CASSQGAGGSDTQYF	1
CASSQGGAQPQHF	1
CASSQGRGGRTEAFF	1
CASSQDPAYQETQYF	1
CASSQDPGFGNSPLHF	1
CASSQDRGAGNTIYF	1
CASSQDRVNYGYTF	1
CASSQDAGGGEKLFF	1
CASSQDRLDTQYF	1
CASSQDWGEGGSYNEQFF	1
CASSQDPQPNQPQHF	1
CASSQDRGGLENIQYF	1
CASSQDQGGQPQHF	1
CASSQDGQGPSYEQYF	1
CASSQDRYLDEQYF	1
CASSQESAGNQPQHF	1
CASSQEVRHGYTF	1
CASSQEATQYNEQFF	1
CASSQEGWTLSGGTLYTQYF	1
CASSQEGVRNQPQHF	1
CASSQEGTGIAYEQYF	1
CASSQEGLNTGELFF	1
CASSQEDLAGAYEQYF	1
CASSQETGAPPYEQYF	1
CASSQERTKGSSGFNQPQHF	1
CASSQESEAASEAFF	1
CASSQEASGGPSQFF	1
CASSQEGTGYGAYGYTF	1
CASSQESPRGPVNYGYTF	1
CASSQTRGPSGSPTQYF	1
CASSVPGIYEQYF	1
CASSVGTGASNQPQHF	1
CASSVDSFAGEAFF	1
CASSARLAGFWNEQFF	1
CASSAVSVTYEQYF	1
CASSGPGKNTGELFF	1
CASSGDTGVGSPLHF	1
CASSGGAEVTDTQYF	1
CASSGGDRPTNTGELFF	1
CASSGGQGNDGYTF	1
CASSGTGGTGELFF	1
CASSGNLEVEYF	1
CASSGTGKEGEKLFF	1
CASSDTGVINYEQYF	1
CASSDRGETQYF	1
CASSEGQLVLNYGYTF	1
CASSETGNYGYTF	1
CASSMDRAVNTEAFF	1
CASSIPGPQWQYF	1
CASSITGGTEAFF	1
CASSTFRQGSLPLHF	1
CASSTTSTDTQYF	1
CASSSNGYFYEQYF	1
CASSNPGTGYMNTEAFF	1
CASSNGWSTGELFF	1
CASRPGTGSYGYTF	1
CASRRSVAGVLNEQFF	1
CASRDGNNSPLHF	1
CASREGPADTQYF	1
CASREGRVWNIQYF	1
CASRRDVPSSYNSPLHF	1
CASRYGTRGTRDTQYF	1
CASRPLIGGYGYTF	1
CASRPGTGNNQPQHF	1
CASRPNLRLAGALNEQFF	1
CASRMESDSPLHF	1
CASKSLGSTNEKLFF	1
CAREGLTGELFF	1
CAKGKQGQRYLNYEQYF	1
CGAGAGANEKLFF	1
CSLTGFSTDTQYF	1
CSVDGRATFNEQFF	1
CSVLRDPKYPDTQYF	1
CSAFGGPTYNEQFF	1
CSAFGQGPDTQYF	1
CSALADRSTDTQYF	1
CSASPDRGSSGYTF	1
CSASGYSPLHF	1
CSACPMPGTDTQYF	1
CSAWTGSYNEQFF	1
CSAPRDRGWNTEAFF	1
CSAPGTGYYGYTF	1
CSAPDRGLEAFF	1
CSAPPGREQFF	1
CSARQDYPYEQYF	1
CSAHGGGNEQYF	1
CSAHDRGLETQYF	1
CSAQAGRREQYF	1
CSAVSRAQETQYF	1
CSAVLNRGQPQHF	1
CSAAGTRGDGYTF	1
CSAAIDSEWADTQYF	1
CSAGAGSTDTQYF	1
CSAGGQGMTEAFF	1
CSAGRFMNTEAFF	1
CSADSTSESQETQYF	1
CSADSSSPGQVMETQYF	1
CSAEKVGNQPQHF	1
CSAEGAGRRVNEQFF	1
CSAIPGQGRQPQHF	1
CSAMRGGSDGYTF	1
CSAILDRGVRDTQYF	1
CSAIKQGDDQYF	1
CSATGPKSNEQYF	1
CSATPRDLPTDTQYF	1
CSATPGAEAFF	1
CSATRQAQETQYF	1
CSATGGYSYGYTF	1
CSATFGETQEQFF	1
CSATPGLDYEQYF	1
CSATGGARGYTF	1
CSASWTGVEDTQYF	1
CSASYRLGTNTEAFF	1
CSASLWSETQYF	1
CSASPGTGLPQHF	1
CSASRGGELFF	1
CSASRHDLPSYEQYF	1
CSASHRTRTGGRGYTF	1
CSASHTQGSDSPLHF	1
CSASQPISSNEKLFF	1
CSASVLASGRNEQFF	1
CSASAGAPYEQYF	1
CSASTPGGFSNQPQHF	1
CSASLTSGNYNEQFF	1
CSASPLAGGTDTQYF	1
CSASPGATNEKLFF	1
CSASQGAGNYGYTF	1
CSASQLGTGYYEQYF	1
CSASAGLFSQPQHF	1
CSASDPDLNTEAFF	1
CSASRQMGQEAFF	1
CSARPPSLGTDTQYF	1
CSARRQGSKTEAFF	1
CSARADYGYTF	1
CSARGSYEQYF	1
CSARGGFFTDTQYF	1
CSARGLAVYNEQFF	1
CSARDNARQPQHF	1
CSAREGGFEETQYF	1
CSARIGSELAEQYF	1
CSARTSGSTDTQYF	1
CSARTASTDTQYF	1
CSARRRNSQETQYF	1
CSARLLAGDRFAYNEQFF	1
CSARLTGTPGELFF	1
CSARSREPKVRLGEKLFF	1
CSARSSGTGEAFF	1
CSARLPQVPYEQYF	1
CSARLDPNNQPQHF	1
CSARPSGSTDTQYF	1
CSARPYPRDTDTQYF	1
CSARPRNTDTQYF	1
CSARPGIEDTQYF	1
CSARPDLFSYEQYF	1
CSARPTGDQPQHF	1
CSARPRLAYEQYF	1
CSARPTLIAGVGTDTQYF	1
CSARPNKNQPQHF	1
CSARRSYNEQFF	1
CSARVGHNYGYTF	1
CSARVGGVYTEAFF	1
CSARAAGGLYEQYF	1
CSARASGRFLTDTQYF	1
CSARAPTSVNDNEQFF	1
CSARATVSYEQYF	1
CSARAGGTNTGELFF	1
CSARGDTFGQGRTEAFF	1
CSARGAQGLDTQYF	1
CSARGGDPSRYEQYF	1
CSARGNRDRVPKNIQYF	1
CSARDFRVTDTQYF	1
CSARDLPLGSSNQPQHF	1
CSARDSAGVQETQYF	1
CSARDWWWLSTDTQYF	1
CSARDLREIEQYF	1
CSARDPRRTRVGEQYF	1
CSARDPSGPYNEQFF	1
CSARDPRLAGGGEQFF	1
CSARDPDRGNQPQHF	1
CSARDPTGSDTQYF	1
CSARDPSGGDIQYF	1
CSARDQRTGWVGGYTF	1
CSARDTSVSSYEQYF	1
CSARDKAGGFSSYNEQFF	1
CSARDEGQGNSPLHF	1
CSARELRFSYEQYF	1
CSAREAGAATDTQYF	1
CSAREGFGEDTQYF	1
CSARETGDNSPLHF	1
CSARERQAVSYEQYF	1
CSARENQRELFF	1
CSAREPLYHEQYF	1
CSAREGRYNYGYTF	1
CSARTGGLTEAFF	1
CSARSSGTDTQYF	1
CSARNPTGGGRTDTQYF	1
CSARNLNEKLFF	1
CSARKDSVYEQYF	1
CSARKGLPLGETQYF	1
CSANAWTSGDTDTQYF	1
CSANRRSGSYEQYF	1
CSAKSLAAFNEQFF	1
CSAKAGLGPYNEQFF	1
CSAKIASQPQHF	1
CSASYRPEQYF	1
CSASGGRSYEQYF	1
CSAWTLAGGVRETQYF	1
CSALLRERNYNEQFF	1
CSALDRGETQYF	1
CSAPKLGAQRPSTDTQYF	1
CSARGQLTDTQYF	1
CSAHEGGYTF	1
CSAQSGSNEKLFF	1
CSAQAAGGSSYTF	1
CSAVMGRGIYYGYTF	1
CSAVRAGGQDTQYF	1
CSAAGTSGGNEQFF	1
CSAAEGAYTDTQYF	1
CSAGGLAGGYNEQFF	1
CSAGTRYGYTF	1
CSADTRLGTGELFF	1
CSATTWLNAYTDTQYF	1
CSARILGNEQFF	1
CSARRGRGFDEQFF	1
CSAPPQGYNQPQHF	1
CSAVPDRDLSGNTIYF	1
CSAASVQGSYNEQFF	1
CSAGSPENGYTF	1
CSAGSTGDVNIQYF	1
CSAELPGTDYEQYF	1
CSASTGFRTDTQYF	1
CSAKGVGNEKLFF	1
CSAKGTGTQPQHF	1
CSALGLAVNHRYGYF	1
CSAPGQGQETQYF	1
CSARASSLYEQYF	1
CSARQGGTEAFF	1
CSDRDRGYGYTF	1
CSMGGISNQPQHF	1
CSFNTPDNTGELFF	1
CSSHRQGEQFF	1
CSLRTSGRETQYF	1
CSVSQGAGNGYTF	1
CSVWGGSTDTQYF	1
CSVLGRGTTKNIQYF	1
CSVQAGTGAAYEQYF	1
CSVVEREFEQFF	1
CSVVGQKNEKLFF	1
CSVVKGAYEQYF	1
CSVVLVGRISSYEQYF	1
CSVASGSGETQYF	1
CSVAGPQETQYF	1
CSVAQPGTRSRETQYF	1
CSVAGGRETQYF	1
CSVGAAGPVYEQYF	1
CSVGMRFPQGETQYF	1
CSVGAAGNTGELFF	1
CSVGGSHWTGELFF	1
CSVGGLGRPNTGELFF	1
CSVGQAGGTDTQYF	1
CSVGQTAQETQYF	1
CSVGQPNTGELFF	1
CSVDSGPYEQYF	1
CSVDPGTPYNEQFF	1
CSVDVVTQYF	1
CSVDVAADTQYF	1
CSVDEQRSGGYTF	1
CSVDSGGSTQYF	1
CSVDPQRAGEQYF	1
CSVDPFQETQYF	1
CSVDGLAGENEQFF	1
CSVEGVDEKLFF	1
CSVEGSSYEQYF	1
CSVEESYEQYF	1
CSVETAGTPRVEQFF	1
CSVERDPYEQYF	1
CSVESAHTGELFF	1
CSVELRADRGNNSPLHF	1
CSVEPGHQETQYF	1
CSVERTEKGEQYF	1
CSVEVVDRGNPSTDTQYF	1
CSVEAQINYGYTF	1
CSVEGRSGGGETQYF	1
CSVEGAKNIQYF	1
CSVEGTSRYNEQFF	1
CSVEGWGGAKEKLFF	1
CSVEDLEGGETQYF	1
CSVEDWGSATDTQYF	1
CSVEDRGQSYEQYF	1
CSVEDVPGTQYF	1
CSVEDEARPSYEQYF	1
CSVEDNNRAGEQYF	1
CSVEISGQLQETQYF	1
CSVETRDTLYNEQFF	1
CSVESDGRLGGSSYNEQFF	1
CSVERRGELFF	1
CSVEKGADTQYF	1
CSVILAGGTDTQYF	1
CSVRSERDGGGYTF	1
CSVRGPRQTQYF	1
CSVRQASARADTQYF	1
CSVKWVADSYEQYF	1
CSVPLGGQGLEQYF	1
CSVPDPTTKQPQHF	1
CSVPGGTNYGYTF	1
CSVRAYSDGYTF	1
CSVAGTRIVDEQFF	1
CSVGTGNEQFF	1
CSVTSGSSYEQYF	1
CSVLMGTGELFF	1
CSVGSGPSSYEQYF	1
CSVGRTGGKTQYF	1
CSVGLSSTDTQYF	1
CSVGHMNTEAFF	1
CSVRFSGRAGEQFF	1
CSVLQAGGSTDTQYF	1
CSVADSTYEQYF	1
CSARANEQYF	1
CSAFSGRVGETQYF	1
CSAAGTVNTGELFF	1
CSAGTGDQPQHF	1
CSARTGLTYEQYF	1
CSAGGKETQYF	1
CSGKRDRGFETQYF	1
CSGQGSYNEQFF	1
CSDHRGWTDTQYF	1
CSETGSTDTQYF	1
CRTVVAGVKAPDTQYF	1
CRRGLTGFYGYTF	1
RAAGWTPGELFF	1
RASSLTRSYEQYF	1
RASSPRDWDEQYF	1
RASSPRQYRSPLHF	1
RAEGQYF	1
SVEALWRSTDTQYF	1
RRGTGFMAEAFF	1
CASSQDPGTGANVLTF	3
CASSLAGLAEQETQYF	3
CAISSGTSGYNEQFF	2
CAISLGGAGGQYNEQFF	2
CATSDFRGEQFF	2
CATRSAGTGGNEQFF	2
CASTAAGQGYNEQFF	2
CASSFQGWEQYF	2
CASSFVPSSYNEQFF	2
CASSFDSLSSYNEQFF	2
CASSLGGINEQFF	2
CASSLGSSFGETQYF	2
CASSRPPGGQETQYF	2
CASSEAVGTGEETQYF	2
CASSEGGLRNTGELFF	2
CASSLAGGRSYEQYF	2
CASSLGKDTLLGYEQFF	2
CASSPGQGDTDTQYF	2
CASSPLSKTGISNEQFF	2
CASSQGGTGKPSEQFF	2
CASSFPGQGYNEQFF	2
CASSLVPSGGGETQYF	2
CASSLEGHSYNEQFF	2
CASSLLAGSHNEQFF	2
CASSPRAPSTGAYEQYF	2
CASSRQTSGIYNEQFF	2
CSAKIESSGQGTQYF	2
CSVEGREETMGQFF	2
CVISGGRTGELFF	1
CASAWTGGGRNQPQHF	1
CASAAASGATDTQYF	1
CASGRGDIGETQYF	1
CASSPFQNTGELFF	1
CASSFTGRETQYF	1
CASSLAMSGELFF	1
CASSLEGSGEQYF	1
CASSPDLDDEQFF	1
CASSPRTGLVQFF	1
CAKGVIPSTDTQYF	1
CASWGGPSNEQFF	1
CASDRDRSYEQYF	1
CASRSSNRLSTGYTF	1
CACGTGVIADTQFF	1
CACPTGTGVRGYTF	1
CACNFAGFGEQYF	1
CAWLNGELFF	1
CAWRPSGGGDTQYF	1
CAWQASGLFGYTF	1
CAWTWGQAGGELFF	1
CAWSRSWTGANYGYTF	1
CAWSVGHGGRAYSEQFF	1
CAWSVTGGYSGNTIYF	1
CAWSTALNEQFF	1
CAWSETVRNQPQHF	1
CAWRNSYEQYF	1
CAWNLNGNQPQHF	1
CAWNRNGATYGYTF	1
CALRAGGSYEQYF	1
CALKRAASTDTQYF	1
CARAIVAGTYEEQYF	1
CAVQGGGDQPQHF	1
CAVRSLGGGVTQYF	1
CAAAGVPDEQYF	1
CAARGQGSTEAFF	1
CAAQGGLTYEQYF	1
CAGSLGQGGNQPQHF	1
CAGQTQGQETQYF	1
CAEGTDTQYF	1
CAILTGSGRASGELFF	1
CAILSIGSTSEQYF	1
CAIRGQGSWGTEAFF	1
CAIRLPNSQNEQFF	1
CAIAGRDRERYEQYF	1
CAIGQGRVEQYF	1
CAIMKASGVTRSYNEQFF	1
CAIIAERNNEQFF	1
CAITSTEKETQYF	1
CAISLGRRSRNEQFF	1
CAISPGAAYNEQFF	1
CAISAKATQRETQYF	1
CAISAGAQSYEQYF	1
CAISAIGGETQYF	1
CAISGLGAWNEQFF	1
CAISGPLGVRTNNEQFF	1
CAISGPHPGSPLHF	1
CAISGRGSSYNEQFF	1
CAISGGLAGTDTQYF	1
CAISGGQPSKETQYF	1
CAISGGQESSYNEQFF	1
CAISDYVGTVSYNEQFF	1
CAISDLATSYEQYF	1
CAISDPGTASSYEQYF	1
CAISDVSGGLALETQYF	1
CAISDGHSYEQYF	1
CAISDPTEETQYF	1
CAISEFYKSSYNEQFF	1
CAISEFVMGQGIYEQYF	1
CAISELVYGDTQYF	1
CAISELGTDNEQFF	1
CAISESVGGGADTQYF	1
CAISESSMGARETQYF	1
CAISESYQGSGHEQFF	1
CAISESSLGGPNEQFF	1
CAISESARGGDTQYF	1
CAISESAGGPDTQYF	1
CAISESGPGQGRKTDTQYF	1
CAISESRQGASEAFF	1
CAISESTLAGYEQYF	1
CAISESTGLKGGEQFF	1
CAISELGLILVAGGYEQYF	1
CAISEDLRRGGRASTDTQYF	1
CAISEDRDAPYNEQFF	1
CAISEDSSQETQYF	1
CAISEEAGKGTQYF	1
CAISETLALSYGYTF	1
CAISETKDQTTGELFF	1
CAISEKVLTDTQYF	1
CAISESRGPSYEQYF	1
CAISEATGMDTYEQYF	1
CAISEIAGPTVDTQYF	1
CAISESRQRETQYF	1
CAISERGPPTGELFF	1
CAISLTKWDTDTQYF	1
CAISPLWVTADTQYF	1
CAISPAQGLPGETQYF	1
CAISPGQRTDTQYF	1
CAISGTSPETSTDTQYF	1
CAISGTSALDVQYF	1
CAISGNVGPMNTEAFF	1
CAISGHTSYEQYF	1
CAISTGATYNEQFF	1
CAIRPGTSGLSEQYF	1
CAIRASGSYNEQFF	1
CAIRGPQDTQYF	1
CAIRDPGQGGYEQYF	1
CAIRDGGTYEQYF	1
CAIRYTSGGDTQYF	1
CAIRDRDRDWETQYF	1
CAIREAGGYEQYF	1
CAIRTSYNEQFF	1
CAINRGQGTSYEQYF	1
CAINTATVSNQPQHF	1
CAIKKAGGPNEQFF	1
CAIKASETWGEQYF	1
CAIKIGGTYEQYF	1
CAIVARQGTYEQYF	1
CATQVVEFTEGYTDTQYF	1
CATQQGFWETQYF	1
CATGTSGAQGRYF	1
CATTDSGYYEQYF	1
CATSRDFYNSPLHF	1
CATLNPDEDTQYF	1
CATQSTGGLETQYF	1
CATVEQGAARETQYF	1
CATAWGLNEKLFF	1
CATAGPNTEAFF	1
CATADSSIQETQYF	1
CATATGRETQYF	1
CATGSTSGYNEQFF	1
CATGGLGITDTQYF	1
CATGGQMNTGELFF	1
CATGTSGGSSYNEQFF	1
CATGTGGYNEQFF	1
CATGTGGAETQYF	1
CATGGNPGELFF	1
CATGGLGLAEEETQYF	1
CATMQSSYNEQFF	1
CATSSRETQYF	1
CATSSGAGYTF	1
CATSYNLSGVLSYEQYF	1
CATSLGRGNQPQHF	1
CATSHSGRALFNEQFF	1
CATSVWGTDTQYF	1
CATSVSGYTGELFF	1
CATSVGGGQPQHF	1
CATSVSDHTGELYNEQFF	1
CATSAPGRQGSNTEAFF	1
CATSAPGEAGELFF	1
CATSADERSQETQYF	1
CATSADREQYF	1
CATSGVSFYEQYF	1
CATSGGPGQGALYTQYF	1
CATSDFLTTEQFF	1
CATSDFEGARSEQYF	1
CATSDFRADTDTQYF	1
CATSDFVGGEQFF	1
CATSDFGTSGIYEQYF	1
CATSDFGTRQDTQYF	1
CATSDLRSNQPQHF	1
CATSDLHVAINEQFF	1
CATSDLQGKAYNEQFF	1
CATSDSYHYEQYF	1
CATSDSSGTGTTGELFF	1
CATSDSGRYEQYF	1
CATSDSGPATDTQYF	1
CATSDWRGQNTGELFF	1
CATSDWTGANEQFF	1
CATSDYPDTQYF	1
CATSDPVSSPNTGELFF	1
CATSDPSTGQAYSYNEQFF	1
CATSDPGQGAYEQYF	1
CATSDPGGETQYF	1
CATSDRTRGYTGELFF	1
CATSDVPLAGKADTQYF	1
CATSDAGPYNEQFF	1
CATSDETGDTQYF	1
CATSDSGTAQETQYF	1
CATSDPGQRETQYF	1
CATSDPPAGVETQYF	1
CATSDPTRGFTGELFF	1
CATSDRSGRGLQETQYF	1
CATSDGQGRGTQYF	1
CATSDSLVGQPQHF	1
CATSDRSRQETQYF	1
CATSEPDLAGENTGELFF	1
CATSERDRATDTQYF	1
CATSEGRRDTGELFF	1
CATSEGVTQYF	1
CATSEGYQETQYF	1
CATSETTGTQYF	1
CATSETPGLKSSYNEQFF	1
CATSEAGLAGRYTDTQYF	1
CATSEGGTDTQYF	1
CATSWDRTGELFF	1
CATSPLVGTPYEQYF	1
CATSRQGRTDTQYF	1
CATSIYYSGKADTQYF	1
CATSTNRGTYEQYF	1
CATSSSGTGGTDTQYF	1
CATSSGERETQYF	1
CATSSHRGGTDTQYF	1
CATSRGTDRYEQYF	1
CATSREANYGYTF	1
CATSRTSVTDTQYF	1
CATSRTGGLSYEQYF	1
CATSRASRGRRETQYF	1
CATSRGSEPTDTQYF	1
CATSRGQERDTGELFF	1
CATSRDSPTDTQYF	1
CATSRDYMGGETDTQYF	1
CATSRDRASGVGQYF	1
CATSRDAGQGYEQYF	1
CATSRDGLADNEQFF	1
CATSRDWSVLTGELFF	1
CATSRDGAGEQFF	1
CATSREVSRGGNTIYF	1
CATSRERQGYNEQFF	1
CATSRKKGTSGYNEQFF	1
CATSKGLAEIYEQYF	1
CATRFGDTQYF	1
CATRKQGLYSHERNQPQHF	1
CATRAGTRDEQFF	1
CATNPGLAGPGELFF	1
CATKAGAGHEQFF	1
CATGTSGSEQFF	1
CATAPGRLNTEAFF	1
CATEGTGTDTQYF	1
CASFPSGALQETQYF	1
CASSRDGANYGYTF	1
CASSFLAGVETNTGELFF	1
CASYSPSGRKNEQFF	1
CASQSGRSDEQFF	1
CASVERRKNTEAFF	1
CASDRGRYNEQFF	1
CASMRVATNEKLFF	1
CASTDQDRAAEGPLHF	1
CASTLVDSTDTQYF	1
CASSENGRYQETQYF	1
CASSITAGAYEQYF	1
CASRGGSSNEQFF	1
CASNPNQETQYF	1
CASFRNGGGEQFF	1
CASLLRGEQFF	1
CASSFSVGGADTQYF	1
CASSLGPNYGYTF	1
CASSGGSNQPQHF	1
CASSPIGRTDTQYF	1
CASSPERGREKLFF	1
CASSRTRQGGAFF	1
CASSGTSGQETQYF	1
CASSSTGRDTGELFF	1
CASSPTIHDNSPLHF	1
CASSLNPGQSAYEQYF	1
CASSPSGRGNYGYTF	1
CASSPTETANYGYTF	1
CASSPSTGKAYEQYF	1
CASSPPGQGVYEQYF	1
CASSPGRNTGELFF	1
CASSPLRQGSAYGYTF	1
CASSPLGKTTDTQYF	1
CASSPLGQSTRIANYGYTF	1
CASSPPGGRAYEQYF	1
CASSPPGETQYF	1
CASSPPAQMNTEAFF	1
CASSPPGTNTGELFF	1
CASSPVALHRDRAYGYTF	1
CASSPMEDEQYF	1
CASSRGTDTQYF	1
CASYPRGMNTEAFF	1
CASLSQSPYGYTF	1
CASLTASLRRTSGNTIYF	1
CASLSLTGGSYEQYF	1
CASLPAPGGYTF	1
CASLSPSSYEQYF	1
CASPPISRGQGSTGELFF	1
CASPARDRGNNEQFF	1
CASPGIDQPQHF	1
CASRGQGWPQHF	1
CASRLAGGFGQFF	1
CASHGPYNEQFF	1
CASHTAPPLSTDTQYF	1
CASQPGLPSTDTQYF	1
CASQQGQTNTEAFF	1
CASVRTRGSYEQYF	1
CASVRRDSTYNEQFF	1
CASALGYWAFF	1
CASASAGSGNTIYF	1
CASAQRGYEQFF	1
CASAGGPFYNEQFF	1
CASATEGLEQYF	1
CASADRTYNEQFF	1
CASGLMTYEQYF	1
CASGPEQFF	1
CASGYGPTGTINSPLHF	1
CASGRQRDNEQFF	1
CASGQRGNLDTQYF	1
CASGASTDTQYF	1
CASGGFFYEQYF	1
CASGGLAGLGEQYF	1
CASGEGETNTGELFF	1
CASGEGASNSPLHF	1
CASGSGTGVYNEQFF	1
CASGLTGFASYEQYF	1
CASGGRRDEQYF	1
CASGTSYEQYF	1
CASGRGTDTQYF	1
CASGLAGSTDTQYF	1
CASGRQVYEQYF	1
CASGTGRAGYTF	1
CASGTGSLSDGYTF	1
CASGRTSGNQETQYF	1
CASIRTWGSSPDTQYF	1
CASISGPHSYEQYF	1
CASIPMGSGELFF	1
CASIRTGGLNTGELFF	1
CASMDSNNEKLFF	1
CASMRGGTRYTGELFF	1
CASIYTSGSTDTQYF	1
CASIPHRGAGEQFF	1
CASTFPYKGDTEAFF	1
CASTWGEGQETQYF	1
CASTHGLYGYTF	1
CASTEVPAPRQETQYF	1
CASTFGTLYEQYF	1
CASTSRVAGHEQFF	1
CASTSLLEDEQFF	1
CASTSVGISGNTIYF	1
CASTSGQGNQPQHF	1
CASTSTGENTGELFF	1
CASTSKNTEAFF	1
CASTLRGDQPQHF	1
CASTLGLAGVNEQFF	1
CASTLGERYGYTF	1
CASTLGGGNTEAFF	1
CASTPGGERSYEQYF	1
CASTPSRLVETQYF	1
CASTPLGVETTYEQYF	1
CASTPPAAGYNEQFF	1
CASTPPEGGETQYF	1
CASTPVGGLQETQYF	1
CASTPGQANTEAFF	1
CASTRGDDRGGETQYF	1
CASTRLSYNSPLHF	1
CASTRGAPDTQYF	1
CASTQGWGADTQYF	1
CASTQRAGRSTEAFF	1
CASTAELAGGGEQFF	1
CASTAYYEQYF	1
CASTGRGGRDGYTF	1
CASTGTGASYEQYF	1
CASTGQGAYEQYF	1
CASTENRRTGANPPYQETQYF	1
CASTMTAAYEQYF	1
CASTTDGNYGYTF	1
CASTTGDFSSYNEQFF	1
CASTRLQGDTEAFF	1
CASTKGLAGGTGELFF	1
CASTPGATTGELFF	1
CASTRGGPSDTQYF	1
CASTVGGGELFF	1
CASTDTQYF	1
CASSFFQGGLYSNQPQHF	1
CASSFLARYNEQFF	1
CASSFLGWETQYF	1
CASSFLGQANEQYF	1
CASSFLGEQFF	1
CASSFSGEQYF	1
CASSFSGASEKLFF	1
CASSFSGGSNQPQHF	1
CASSFSAPGSHEQYF	1
CASSFYGTGNTGELFF	1
CASSFYGQGNEKLFF	1
CASSFLLAANTGELFF	1
CASSFPSGVGKYF	1
CASSFRGYRNQPQHF	1
CASSFRESGGAVQYF	1
CASSFQFQETQYF	1
CASSFQAGGYYEQYF	1
CASSFVGQGSYEQYF	1
CASSFGFFNEKLFF	1
CASSFGQVTNEQYF	1
CASSFGQGARETQYF	1
CASSFGVSSLYGYTF	1
CASSFGGSAYNEQFF	1
CASSFGDRVSYEQYF	1
CASSFGTSGETQYF	1
CASSFGNTEAFF	1
CASSFGQGDYEQYF	1
CASSFETVDNSPLHF	1
CASSFRAGGGPIYGYTF	1
CASSFRGNYEQYF	1
CASSFRETQYF	1
CASSFNIGGGRNTEAFF	1
CASSFLGQSYGYTF	1
CASSFLDTQYF	1
CASSFLSNQPQHF	1
CASSFLARTENSPLHF	1
CASSFYTGELFF	1
CASSFRDSYGYTF	1
CASSFRDRGRTEAFF	1
CASSFQGNTEAFF	1
CASSFVLGSAEAFF	1
CASSFALAETDTQYF	1
CASSFAGQPNTEAFF	1
CASSFAGGGYEQYF	1
CASSFGLFNEQFF	1
CASSFDLTSGGANEQFF	1
CASSFDRNYGYTF	1
CASSFEGATYEQYF	1
CASSFEGNRGNEQYF	1
CASSFMTLGGNQPQHF	1
CASSFIGHFWETQYF	1
CASSFTDNTEAFF	1
CASSFRSRDLNYGYTF	1
CASSFRAGGDTQYF	1
CASSFRGRERKLFF	1
CASSFNYKQVVETQYF	1
CASSLFGFYEQYF	1
CASSLSGSGPQHF	1
CASSLWDMNTEAFF	1
CASSLYTGELFF	1
CASSLRGTPPDTQYF	1
CASSLRDTQYF	1
CASSLRALLYF	1
CASSLAGYYEQYF	1
CASSLAREVSPYSPLHF	1
CASSLGQENTEAFF	1
CASSLGFAGELFF	1
CASSLGQENSPLHF	1
CASSLDITDFYGYTF	1
CASSLDSPEQFF	1
CASSLDRSSYEQYF	1
CASSLIDRRSSPLHF	1
CASSLISIAVGRFEFF	1
CASSLIQMNTEAFF	1
CASSLTGPGYQPQHF	1
CASSLRQGNEKLFF	1
CASSLNEQYF	1
CASSLFVVGYEQYF	1
CASSLFQGYEQYF	1
CASSLLEDPDTQYF	1
CASSLLRGTDTQYF	1
CASSLLRGTSYEQYF	1
CASSLSATGTSGRYEQFF	1
CASSLSGNEQYF	1
CASSLSYRWLAGPGNEQFF	1
CASSLSPAASEQYF	1
CASSLSAPSSGNTIYF	1
CASSLSGQGNTEAFF	1
CASSLSRAQGWSYEQYF	1
CASSLSAAKGSEQYF	1
CASSLSIAFGGGDTQYF	1
CASSLWLVPEQFF	1
CASSLWGETQYF	1
CASSLYRNYGYTF	1
CASSLLGTGGLLAKNIQYF	1
CASSLLDEQFF	1
CASSLLARYEQYF	1
CASSLRDRNYGYTF	1
CASSLRMWETQYF	1
CASSLRQVGTYEQYF	1
CASSLRAGVETQYF	1
CASSLRGTDRAYEQYF	1
CASSLQAAGNTIYF	1
CASSLVAQSGRGREQYF	1
CASSLVGWETQYF	1
CASSLVLAGVGPSYNEQFF	1
CASSLVALTYEQYF	1
CASSLAHLWSGTGLHYEQYF	1
CASSLAYSGKVRETQYF	1
CASSLALAEAFF	1
CASSLAGQGADEKLFF	1
CASSLATTQYF	1
CASSLGWQTEAFF	1
CASSLGPGWREGTYEQYF	1
CASSLGSYGYTF	1
CASSLGRGAYGYTF	1
CASSLGRNQPQHF	1
CASSLGFGNTGELFF	1
CASSLGWIAGERSYNEQFF	1
CASSLGGAYEQFF	1
CASSLGGEAFF	1
CASSLGGSTGELFF	1
CASSLGTGGNQPQHF	1
CASSLGTTDWNQPQHF	1
CASSLGEGYRSPLHF	1
CASSLDQGAYNSPLHF	1
CASSLDEPNSPLHF	1
CASSLDRVSPADGYTF	1
CASSLDRAGNSPLHF	1
CASSLDNEQFF	1
CASSLEARELFF	1
CASSLEGVGTEAFF	1
CASSLEGTGIGYTF	1
CASSLEIGSAKNIQYF	1
CASSLIGIYNEQFF	1
CASSLMDRAGEQYF	1
CASSLTSGGGETQYF	1
CASSLTSSKYGYTF	1
CASSLTSGGIYEQYF	1
CASSLTGREFGSPLHF	1
CASSLSVTGRQETQYF	1
CASSLSPGYEQYF	1
CASSLRGIYGYTF	1
CASSLNAPRQGNTEAFF	1
CASSLNGQGSEQYF	1
CASSLNDYSNQPQHF	1
CASSLKRNQPQHF	1
CASSLKRGLRGSDTQYF	1
CASSSLTGGGETQYF	1
CASSSSWGAHQPQHF	1
CASSSSRGFIRIEQYF	1
CASSSLQGSRSPDTQYF	1
CASSSVGQGYEQYF	1
CASSSAGAAGDTQYF	1
CASSSGQGASTGELFF	1
CASSSETGSITKTQYF	1
CASSSKLTPGGYNEQFF	1
CASSSSREKLFF	1
CASSSSNTDTQYF	1
CASSSSPGLRREIQETQYF	1
CASSSWASGEGCEQFF	1
CASSSPGSKVYNEQFF	1
CASSSPGTGTNEQFF	1
CASSSRDSYSYEQYF	1
CASSSRIQRNTIYF	1
CASSSRTSGRSADTQYF	1
CASSSRLATTDTQYF	1
CASSSRGGGLNTGELFF	1
CASSSGGPYNEQFF	1
CASSSGGGYTF	1
CASSSGETYEQYF	1
CASSSLDRNNEQFF	1
CASSSRTGTIINEQFF	1
CASSSGLSDTQYF	1
CASSSGQGETQYF	1
CASSSDREIIHEQYF	1
CASSSEQNYGYTF	1
CASSSTQLSEKLFF	1
CASSSRARGDTEAFF	1
CASSSHGFYDGYTF	1
CASSSDHHEQYF	1
CASSSTSTTNEQFF	1
CASSWSRGGNEQYF	1
CASSWYNEQFF	1
CASSWGRGLSYEQYF	1
CASSWGGVKNIQYF	1
CASSWGGSGLRNTEAFF	1
CASSWGTSGVNEQFF	1
CASSWGQGAGTEAFF	1
CASSWTFVEQYF	1
CASSWRDSRSSQGNEKLFF	1
CASSYLAGSTDTQYF	1
CASSYRGAGNEQFF	1
CASSYARAIDTQYF	1
CASSYGARYNSPLHF	1
CASSYSRLGEQFF	1
CASSYLGERTQYF	1
CASSYSGVPNEQFF	1
CASSYSRLVGTGELFF	1
CASSYSLAGVNEQYF	1
CASSYSGQGEKLFF	1
CASSYSDGPTGDTQYF	1
CASSYSIARGRNFYGYTF	1
CASSYSSRANTGELFF	1
CASSYSAGGENGYTF	1
CASSYSGAGNSYEQYF	1
CASSYSIGGGATGELFF	1
CASSYSTVRRGTGELFF	1
CASSYSRVWRAGLDEQYF	1
CASSYSRGGPPYEQYF	1
CASSYSQTNYGYTF	1
CASSYSGGITYNEQFF	1
CASSYPEGGSANTGELFF	1
CASSYRDGGDYNSPLHF	1
CASSYRTDNTGELFF	1
CASSYRGPLPSTDTQYF	1
CASSYQGPTYEQYF	1
CASSYVQETQYF	1
CASSYARVQPQHF	1
CASSYGANYEQYF	1
CASSYGGNYGNTIYF	1
CASSYGTGPYEAFF	1
CASSYGRGGLYNSPLHF	1
CASSYTRDWTYNEQFF	1
CASSYSRGLAGGPSTDTQYF	1
CASSYRDGEQFF	1
CASSYNRVPKETQYF	1
CASSYKGQDRFF	1
CASSLRGAGETQYF	1
CASSLRQGISSPLHF	1
CASSLTGAGGELFF	1
CASSLTGEYGYTF	1
CASSLRLTGLAKNIQYF	1
CASSLFRDRRPDTQYF	1
CASSLYNRGPRDEQFF	1
CASSLQGKTTGELFF	1
CASSLGLAGEVQYF	1
CASSLDKYNSPLHF	1
CASSLRGGELFF	1
CASSLGTKEQFF	1
CASSLTVSYEQYF	1
CASSLTDTNTEAFF	1
CASSLRTGAEETQYF	1
CASSLVDGQGTAFF	1
CASSLAGVGQPQHF	1
CASSLSGADNQPQHF	1
CASSPPTGEQYF	1
CASSPPTSEQFF	1
CASSPVRTSYEQYF	1
CASSPAGQGNQPQHF	1
CASSPGPATKRGNQPQHF	1
CASSPGQGNSPLHF	1
CASSPDSYEQYF	1
CASSPTRDTGELFF	1
CASSPTGQLKPQHF	1
CASSPFRTGDYGYTF	1
CASSPLPTGELFF	1
CASSPSLGTEQFF	1
CASSPSGLAGEETQYF	1
CASSPRWQGAHEQYF	1
CASSPQRSSGTDTQYF	1
CASSPAREKLFF	1
CASSPAGSYNEQFF	1
CASSPAMRDEQYF	1
CASSPATGMGTEAFF	1
CASSPAQRNQPQHF	1
CASSPGLGGGYTF	1
CASSPGGAGWDTQYF	1
CASSPGTVRTGELFF	1
CASSPGTGYFYYGYTF	1
CASSPTFGTDQTRDQPQHF	1
CASSPTSLAGRSDTQYF	1
CASSPRWGQETQYF	1
CASSPWGTGANTGELFF	1
CASSPPTRDRGNYEQYF	1
CASSPAPRPEYGYTF	1
CASSPGGTSGNNEQFF	1
CASSPGPGAGELFF	1
CASSPEQGSEKMFF	1
CASSPTGASSYGYTF	1
CASSPLAGMSEQYF	1
CASSPPDGSSYNEQFF	1
CASSPHGSFDGYTF	1
CASSPAGTNNYGYTF	1
CASSPGDRGPYEQYF	1
CASSPTPRGGGQETQYF	1
CASSPRTATRISYGYTF	1
CASSRLQRYNEQFF	1
CASSRPGTSTDTQYF	1
CASSRGTSGGRNPTDTQYF	1
CASSRTTGTANTEAFF	1
CASSRVSGPDTQYF	1
CASSRGQTHSYEQYF	1
CASSREISYNEQFF	1
CASSRGGLLERYYGYTF	1
CASSRGNTGELFF	1
CASSRGREQPQHF	1
CASSRTWTGLAFGNTIYF	1
CASSHRLIYEQYF	1
CASSHPLGGTTYEQYF	1
CASSHPPPDRGPNYGYTF	1
CASSQQNYYEQYF	1
CASSQTGIYGYTF	1
CASSQQVYNQPQHF	1
CASSVLHTEAFF	1
CASSVDRGGVTGELFF	1
CASSVPDRGQQFF	1
CASSVASGGNEQFF	1
CASSVPTQPQHF	1
CASSVGSEQYF	1
CASSVIGTENYEQYF	1
CASSALAGEGGTDTQYF	1
CASSASGVYGYTF	1
CASSAPGTGNNEQFF	1
CASSAPSGGAGWSNEQFF	1
CASSAGTSNQPQHF	1
CASSASGTDTQYF	1
CASSARTHGNYGYTF	1
CASSADGSGWETQYF	1
CASSATGNYGYTF	1
CASSGGDPIYNEQFF	1
CASSGSGSSNEQFF	1
CASSGRFGGGRSNEQFF	1
CASSGLSNEQFF	1
CASSGGTPNTGELFF	1
CASSGSGNTEAFF	1
CASSGSGDSNEQFF	1
CASSGLAGPTSTDTQYF	1
CASSGPQPGPTFSSYNEQFF	1
CASSGGEGSNSPLHF	1
CASSGDFYEQYF	1
CASSGTSVRQETQYF	1
CASSGKPVRGEPTDTQYF	1
CASSGLGGSPLHF	1
CASSGQGSYEQYF	1
CASSGGSTDTQYF	1
CASSGMGSGNYGYTF	1
CASSGTGGNTEAFF	1
CASSDSLAGGLSTDTQYF	1
CASSDSGETQYF	1
CASSDPGGRTDTQYF	1
CASSDTGFFLHF	1
CASSDSSGSTDTQYF	1
CASSDSSQGSDEQFF	1
CASSDSGGSSYNEQFF	1
CASSDSQGPNEQFF	1
CASSDLDRSSTDTQYF	1
CASSDLTGGPYEQYF	1
CASSDRDRPIEPQHF	1
CASSDQRQSTNEKLFF	1
CASSDQNSHNEQFF	1
CASSDSGGNTGELFF	1
CASSDRPANYGYTF	1
CASSESGVNEQFF	1
CASSERRDSNEQFF	1
CASSEARSGELFF	1
CASSEGRANYGYTF	1
CASSEGTGNTGELFF	1
CASSEGGGTDTQYF	1
CASSEDRLAGGSYEQYF	1
CASSEDRGPYQETQYF	1
CASSELAAAEGKETQYF	1
CASSESGVRNQPQHF	1
CASSESVRFSSYNSPLHF	1
CASSEPERPSGEF	1
CASSEPRGLAERETQYF	1
CASSEREKQGRGYTF	1
CASSEQPLYNEQFF	1
CASSEVPGSPLHF	1
CASSEVAGGETQYF	1
CASSEASPNTGELFF	1
CASSEAASGRETQYF	1
CASSEAFEQFF	1
CASSEAGGDTGELFF	1
CASSEGSYEQYF	1
CASSEGLSGSQPQHF	1
CASSEGAQETQYF	1
CASSEGGSYNEQFF	1
CASSEGEYRADTQYF	1
CASSEGTAGGETQYF	1
CASSEGSVRPSKETQYF	1
CASSEGVGGSPLHF	1
CASSEDPGLAGGNTDTQYF	1
CASSEDGRVRGYTF	1
CASSEEVWPVGYTF	1
CASSEEGQDWELFF	1
CASSEILFTEQFF	1
CASSEIGEEDQHF	1
CASSETRGRRNEQYF	1
CASSERVAGKDTQYF	1
CASSERLAGYNEQFF	1
CASSEKGWEGLDNEQFF	1
CASSEKWGSHYEQYF	1
CASSIRGRNTIYF	1
CASSIALAKNIQYF	1
CASSIGGSGRKETQYF	1
CASSIGQPLNTGELFF	1
CASSIDGTEAFF	1
CASSINTGELFF	1
CASSMTDNSRRYTGELFF	1
CASSMRQWNEQFF	1
CASSIPGQGWQPQHF	1
CASSIKDGFNYGYTF	1
CASSTYYGRRTDTQYF	1
CASSTRQGRSYEQYF	1
CASSTQPGTGVLTDTQYF	1
CASSTTPGTDTQYF	1
CASSTPPGQGEGIAKNIQYF	1
CASSTRGTGELFF	1
CASSTGASSYNSPLHF	1
CASSTDSETQYF	1
CASSTRDRYTDTQYF	1
CASSSLAGNEQFF	1
CASSSGTDSYEQYF	1
CASSSRGGNSPLHF	1
CASSRGTFEKLFF	1
CASSRTSGGRDTQYF	1
CASSRSTGSGSPLHF	1
CASSRQGTDTQYF	1
CASSRGGLAAETQYF	1
CASSRNRVGSNQPQHF	1
CASSRKSTDTQYF	1
CASSKHGAETQYF	1
CASSFSGSYTGELFF	1
CASSFSITGEYNEQFF	1
CASSFSAGELFF	1
CASSFWDTEETQYF	1
CASSFYPVLTDTQYF	1
CASSFYQRTGGYTF	1
CASSFYRQGLETQYF	1
CASSFLHRGYEQYF	1
CASSFPLAGRSYNEQFF	1
CASSFPPSGGRTTDTQYF	1
CASSFPGLADTGELFF	1
CASSFREKLFF	1
CASSFRGTYNEQFF	1
CASSFRRNLYGYTF	1
CASSFRQPGGTDTQYF	1
CASSFAQSGRVNTGELFF	1
CASSFGWTDTQYF	1
CASSFGAQLGNQPQHF	1
CASSFGAGGTDTQYF	1
CASSFGLALNEQFF	1
CASSFGTSGGETQYF	1
CASSFDTQYF	1
CASSFDRSTDTQYF	1
CASSFEGETQYF	1
CASSFEDEKLFF	1
CASSFSGDGQYF	1
CASSFSGKETQYF	1
CASSFRTVYNEQFF	1
CASSFFVRRIAGGPIRNEQFF	1
CASSFSPGTGYTGELFF	1
CASSFSGTEAFF	1
CASSFWTSGMSTDTQYF	1
CASSFPHQPQHF	1
CASSFRGGEQYF	1
CASSFQGANYGYTF	1
CASSFQDTGELFF	1
CASSFQETYEQYF	1
CASSFGSSLAGTGELFF	1
CASSFGQGADGYTF	1
CASSFGTGYNEQFF	1
CASSFGQSDYEQYF	1
CASSFDYGRLGEQFF	1
CASSFTGGSSYEQYF	1
CASSFKEGPETQYF	1
CASSLLGVRDTQYF	1
CASSLWSRTRTYNEQFF	1
CASSLWGSYNEQFF	1
CASSLLWPANTEAFF	1
CASSLLEGTEAFF	1
CASSLPLAGATDTQYF	1
CASSLPKGPGELFF	1
CASSLQGRDEQYF	1
CASSLVLSSYNEQFF	1
CASSLVGTQETQYF	1
CASSLVGQGRNYGYTF	1
CASSLVRNSLRNYGYTF	1
CASSLVARGSGDTQYF	1
CASSLAALSSGIGHEQFF	1
CASSLAASHNEQFF	1
CASSLAAGGGSSGNTIYF	1
CASSLAGRTDTQYF	1
CASSLAGRGLAEETQYF	1
CASSLGGEQFF	1
CASSLGEWTGDGYTF	1
CASSLGSTDTQYF	1
CASSLGQGADTQYF	1
CASSLGVGTYEQYF	1
CASSLGGTSGYSYEQYF	1
CASSLGDSAYEQYF	1
CASSLGEGTGYPYEQYF	1
CASSLGTTRETQYF	1
CASSLGTNSKYEQYF	1
CASSLGQGGNQPQHF	1
CASSLDPGQPQRSALHF	1
CASSLDGLIEQFF	1
CASSLDTGTSPLHF	1
CASSLDSNEQYF	1
CASSLEGGLAPTQYF	1
CASSLEGLAGGRDTQYF	1
CASSLEMDGLGWTQYF	1
CASSLTGHTEAFF	1
CASSLTITGVEQFF	1
CASSLSPQYGQPQHF	1
CASSLSGSSSYEQYF	1
CASSLNLRQGDEKLFF	1
CASSLNPGTGNTIYF	1
CASSLKRDRVDEQYF	1
CASSLFVGIREQYF	1
CASSLFRDLNEQFF	1
CASSLFGLQETQYF	1
CASSLLSDEQYF	1
CASSLLDTIYF	1
CASSLLAGGADTQYF	1
CASSLSGRVSTDTQYF	1
CASSLSRGSSYNEQFF	1
CASSLSPQSVYTQFF	1
CASSLSGALYNEQFF	1
CASSLSGGHSPLHF	1
CASSLWAGGRGYTF	1
CASSLYPRDINEQFF	1
CASSLYRDNQETQYF	1
CASSLYMGPRRETQYF	1
CASSLYTDTQYF	1
CASSLLAGGGDEQFF	1
CASSLLGGSNQPQHF	1
CASSLPRTGHEKLFF	1
CASSLPDGRFVEQFF	1
CASSLPGYTGELFF	1
CASSLPTVGKLFF	1
CASSLRQGVEQFF	1
CASSLRETQYF	1
CASSLRVRLVYNEQFF	1
CASSLHTGMDDYGYTF	1
CASSLHAGELFF	1
CASSLQGGYEQYF	1
CASSLVWTENIQYF	1
CASSLVSLSYNEQFF	1
CASSLVLGKAEQFF	1
CASSLVYSVSAHQYF	1
CASSLVPDSGTDTQYF	1
CASSLVLLEMNTGELFF	1
CASSLVALIYNEQFF	1
CASSLVDRDYEQYF	1
CASSLVTGPTQYF	1
CASSLVPGLATDTQYF	1
CASSLVQGENEQYF	1
CASSLVTGSYEQYF	1
CASSLALGGSYTF	1
CASSLAPTSGDNEQFF	1
CASSLATGGNTGELFF	1
CASSLASTDTQYF	1
CASSLAPWGRGNTDTQYF	1
CASSLAPGEQFF	1
CASSLAPDRGIGETQYF	1
CASSLAGGGGPKNIQYF	1
CASSLAGGEQYF	1
CASSLAGQGPPQHF	1
CASSLASFYEQYF	1
CASSLASGVAKNIQYF	1
CASSLAWGRENEKLFF	1
CASSLALGGANTGELFF	1
CASSLALLAVAQYF	1
CASSLAPGWQYF	1
CASSLAPGETQYF	1
CASSLAPGVIGNEQFF	1
CASSLAAGQGGELFF	1
CASSLAGGVTEAFF	1
CASSLAGTRIRQFF	1
CASSLAGSGGYTF	1
CASSLAGGLAGGPSSQFF	1
CASSLAGGNYEQYF	1
CASSLAGTNTGELFF	1
CASSLAETEPFYEQYF	1
CASSLARGSDTQYF	1
CASSLGPPSYNEQFF	1
CASSLGQGGVVYGYTF	1
CASSLGANNEQFF	1
CASSLGGRQPQHF	1
CASSLGSALSNEQFF	1
CASSLGPQGGGELFF	1
CASSLGPLGLEETQYF	1
CASSLGQGGYNSPLHF	1
CASSLGGEADTQYF	1
CASSLGGTSVVPYEQYF	1
CASSLGGSTDTQYF	1
CASSLGSADTQYF	1
CASSLGWGQENQETQYF	1
CASSLGLRTDTQYF	1
CASSLGVRSEGYTF	1
CASSLGASDNNEQFF	1
CASSLGGRRPQHF	1
CASSLGGSETQYF	1
CASSLGGGWDTF	1
CASSLGGQGFPQHF	1
CASSLGDQPQHF	1
CASSLGDRGYSPLHF	1
CASSLGTYTGELFF	1
CASSLGTSGRNEQFF	1
CASSLGTQYGYTF	1
CASSLGTIETDTQYF	1
CASSLGTKGIVYNEQFF	1
CASSLGSRRLGAVEQYF	1
CASSLGNLGPYEQYF	1
CASSLGLEKETQYF	1
CASSLGQRHNSPLHF	1
CASSLGGALTGYDQPQHF	1
CASSLGDRPSGNTIYF	1
CASSLDLGDRVVFF	1
CASSLDLGWTEAFF	1
CASSLDRQGGYNEQFF	1
CASSLDSIRDTEAFF	1
CASSLDSGSNEQFF	1
CASSLDGGSGDTQYF	1
CASSLDGTARLGVEQFF	1
CASSLDSQETQYF	1
CASSLDRKGKNIQYF	1
CASSLEPGVTEAFF	1
CASSLEALTGELFF	1
CASSLEAGVNQPQHF	1
CASSLEGRTGELFF	1
CASSLEGNKNIQYF	1
CASSLEGLHYEQYF	1
CASSLEDSYYEQYF	1
CASSLEDSSNQPQHF	1
CASSLENEQFF	1
CASSLELAYEQYF	1
CASSLESSAKETQYF	1
CASSLEALSSNEQFF	1
CASSLEATLTYEQYF	1
CASSLEGPGELFF	1
CASSLEGLAGDEQFF	1
CASSLILSEGRAGGPYEQYF	1
CASSLIRGGDIQYF	1
CASSLMARRPNTDTQYF	1
CASSLTWRYSPLHF	1
CASSLTVNTEAFF	1
CASSLTSGGWTHTQYF	1
CASSLTSGGETQYF	1
CASSLTPSGYLGDGELFF	1
CASSLTGELFF	1
CASSLTGGTGEKLFF	1
CASSLSLGRIDEQFF	1
CASSLSGVTGELFF	1
CASSLSQYNEQFF	1
CASSLSGSGKTQYF	1
CASSLSGEGTDTQYF	1
CASSLRGGEHEQYF	1
CASSLNHRGLPLHF	1
CASSLNRLAYYEQYF	1
CASSSPGLAKTYEQYF	1
CASSSAQRTNEKLFF	1
CASSSGTGVISGNTIYF	1
CASSSGTGGFVTDTQYF	1
CASSSGLAFQFF	1
CASSSDRNTEAFF	1
CASSSTSGGAGEQFF	1
CASSSTGGAFYNEQFF	1
CASSSSTSGDEDTQYF	1
CASSSYLGTYEQYF	1
CASSSLRDTDTQYF	1
CASSSPLKDRGVSYTF	1
CASSSPQGLYEQYF	1
CASSSRGGLTDTQYF	1
CASSSHSRPGEQFF	1
CASSSHRRVNSEGTDTQYF	1
CASSSHIAGGYNEQFF	1
CASSSQGLAGPLFYNEQFF	1
CASSSQMDGPNTGELFF	1
CASSSVTGGSYGYTF	1
CASSSGGAGASSYEQYF	1
CASSSGTGGLLAYEQYF	1
CASSSELGLKTQYF	1
CASSSTPGSYEQYF	1
CASSSTGNEQYF	1
CASSSRATGELFF	1
CASSSRGLVYEQYF	1
CASSSNQPQHF	1
CASSSNGKQNQETQYF	1
CASSSSGTGTSPLHF	1
CASSSLAGGSYNEQFF	1
CASSSRTTTNEKLFF	1
CASSSQTGASDTQYF	1
CASSSGLRTDTQYF	1
CASSSGQGNEKLFF	1
CASSSTEDNQPQHF	1
CASSSTGALYKNIQYF	1
CASSSTGGAGTEAFF	1
CASSSSSSYNSPLHF	1
CASSSLLKSGQGNIQYF	1
CASSSLAGGLLDEQYF	1
CASSSPGEQYF	1
CASSSALAGSGTDTQYF	1
CASSSAPYSENIQYF	1
CASSSGLAGGEQYF	1
CASSSEIGTGQQPQHF	1
CASSSTSYEQYF	1
CASSSTGDGDEQFF	1
CASSSSGRRYNEQFF	1
CASSSSRENTQYF	1
CASSSKLREQFF	1
CASSWLQGTNTGELFF	1
CASSWHGNGTSGNQPQHF	1
CASSWVGGKQETQYF	1
CASSWGGREETQYF	1
CASSWGRDNEQFF	1
CASSWGDRPSTGELFF	1
CASSWDAGTQYF	1
CASSWDRGNTEAFF	1
CASSWDRNYEQYF	1
CASSWESRGLNTEAFF	1
CASSWERESRDIQYF	1
CASSWEGLAGAAETQYF	1
CASSWEDRSNYGYTF	1
CASSWISDTQYF	1
CASSYLEGSTDTQYF	1
CASSYQVSGKETQYF	1
CASSYGYGSNQPQHF	1
CASSYGTDSTDTQYF	1
CASSYFRDPPPETQYF	1
CASSYSGYYNEQFF	1
CASSYGGAGTGELFF	1
CASSYGTTGELFF	1
CASSYIRTGSYEQYF	1
CASSYRDGTDTQYF	1
CASSYNEQFF	1
CASSLSGLNNNEQFF	1
CASSLYTDTQYF	1
CASSLGQTNTEAFF	1
CASSLLGGGEQFF	1
CASSLRAGPNYGYTF	1
CASSLRTDLYGYTF	1
CASSLQETQYF	1
CASSLGAGWSTEAFF	1
CASSLGQGYGYTF	1
CASSLDRQGGLPYYEQYF	1
CASSLDRRRETQYF	1
CASSLESGIHNEQYF	1
CASSLTNSYEQYF	1
CASSLSYNEQFF	1
CASSLPEGGGTDTQYF	1
CASSLGGDQPQHF	1
CASSLGFQEYSGNTIYF	1
CASSLGPRQNIQYF	1
CASSLDQAGPDEQFF	1
CASSLRLVSTDTQYF	1
CASSLYILQETQYF	1
CASSLLKGGTGELFF	1
CASSLGRTPNYGYTF	1
CASSLGALLTGELFF	1
CASSLGPGETQYF	1
CASSLGQGTYNEQFF	1
CASSLETRAQFF	1
CASSLTSGGLYEQFF	1
CASSPFGRSGETDTQYF	1
CASSPYSTSGSYEQYF	1
CASSPLGTGSSYGYTF	1
CASSPLLAGQETQYF	1
CASSPLVGGTEAFF	1
CASSPRPEGAGGYTF	1
CASSPRGLTQYF	1
CASSPVGGNTEAFF	1
CASSPGPVYGYTF	1
CASSPGTTKQYF	1
CASSPGATPNTGELFF	1
CASSPTGSTIYF	1
CASSPSPREYGNTIYF	1
CASSPRLAGGQSEGETQYF	1
CASSPNPGTGDFINYGYTF	1
CASSPKLGTSDYEQYF	1
CASSPFDNEQFF	1
CASSPLLNEQFF	1
CASSPSPLETQYF	1
CASSPYAGSRGYQPQHF	1
CASSPYLNEQFF	1
CASSPLPGELFF	1
CASSPLQGSTDTQYF	1
CASSPPGTSIYEQYF	1
CASSPPGEVDGYTF	1
CASSPPTSGRAHEQYF	1
CASSPRPGTDYNEQFF	1
CASSPRGNTGELFF	1
CASSPRDLLSSYNEQFF	1
CASSPRDRGDTQYF	1
CASSPRTGNTGELFF	1
CASSPRRLDSYNEQFF	1
CASSPRGQGTGELFF	1
CASSPHGGYGAYEQYF	1
CASSPHRGSNQPQHF	1
CASSPQGAVYEQYF	1
CASSPVGTSGGLSYEQYF	1
CASSPAWGAYQPQHF	1
CASSPGTSGLYNEQFF	1
CASSPGTGGYYGYTF	1
CASSPGTGGMGTEAFF	1
CASSPGPHGEQYF	1
CASSPGGYEQYF	1
CASSPDTPGPHRTDTQYF	1
CASSPETSSYEQYF	1
CASSPIRPGVTATQYF	1
CASSPTLRTTEAFF	1
CASSPSLQETQYF	1
CASSPLPRNTGELFF	1
CASSPPNLRDNEQFF	1
CASSPPVSWDGYTF	1
CASSPRVQAANNEQFF	1
CASSPADTDTQYF	1
CASSPGGPRWVAKNIQYF	1
CASSPGTGGTGELFF	1
CASSPDRGQGESYGYTF	1
CASSPDGTDYNEQFF	1
CASSPDGFNQPQHF	1
CASSPEILSTGELFF	1
CASSPETGPNRETQYF	1
CASSPELAYEQYF	1
CASSPIAGGFNEQFF	1
CASSPTSGGSNEQFF	1
CASSPTGGNQPQHF	1
CASSPNRGANTEAFF	1
CASSPKYNEQFF	1
CASSPLPWAEAFF	1
CASSPLTDTQYF	1
CASSPLAGNEQFF	1
CASSPPAGGFGDTQYF	1
CASSPHRDEQFF	1
CASSPQGVTEAFF	1
CASSPGTGTGYTF	1
CASSPERGSYNEQFF	1
CASSPERGQTSYEQYF	1
CASSPERIGVINSPLHF	1
CASSPTSGSYNEQFF	1
CASSPTGTRGDTQYF	1
CASSPTTLASYEQYF	1
CASSPTAGTAYEQYF	1
CASSPSYGGRGNQPQHF	1
CASSPNYEQYF	1
CASSRWGATEAFF	1
CASSRYNEQFF	1
CASSRPLGYTF	1
CASSRGVTDTQYF	1
CASSRDSRSEQYF	1
CASSRDRDGNQPQHF	1
CASSRKPTGAHEQYF	1
CASSRSSGGYNEQFF	1
CASSRLGENTEAFF	1
CASSRLGQSSYEQYF	1
CASSRPPQGSGYGYTF	1
CASSRGTLNEQYF	1
CASSRNTGELFF	1
CASSRLGESQETQYF	1
CASSRQYSYEQYF	1
CASSRVGGPDTQYF	1
CASSRARLFF	1
CASSRGSSRTYEQYF	1
CASSRGTEDNSPLHF	1
CASSRGTGTGGNQPQHF	1
CASSRDLRGTDTQYF	1
CASSRDGNQPQHF	1
CASSRDGSYEQYF	1
CASSRDRFRALHF	1
CASSRTSGGPDEQFF	1
CASSRTVYEQYF	1
CASSRSLRQETQYF	1
CASSRLAGANNEQFF	1
CASSRPPGTEAFF	1
CASSRPGQGNAYEQYF	1
CASSRRGYGYTF	1
CASSRRRVGPGELFF	1
CASSRRGDPETQYF	1
CASSRGVNYGYTF	1
CASSRGTVNSPLHF	1
CASSRTGEPPTQYF	1
CASSHLVGANDGELFF	1
CASSHLGGAPYNEQFF	1
CASSHWASGSYEQYF	1
CASSHRSRHTGELFF	1
CASSHALAGDYGETQYF	1
CASSHGQPAYNEQFF	1
CASSHSGSNTGELFF	1
CASSHSWWTGTSPLHF	1
CASSHYSYNEQFF	1
CASSHPDRGPYEQYF	1
CASSHPDRYNEQFF	1
CASSHRSGSIYNEQFF	1
CASSHRRNYEQYF	1
CASSHRWPIGQPQHF	1
CASSHQDEAGDTDTQYF	1
CASSHDYSNTDTQYF	1
CASSHITLDRGGGYTF	1
CASSHSGTSASSYNEQFF	1
CASSHRGWDYGYTF	1
CASSQHRQGRTGELFF	1
CASSQQQYEQYF	1
CASSQGLAGGKIHEQYF	1
CASSQDTGSNEQFF	1
CASSQDRGVYGYTF	1
CASSQTRVDYEQYF	1
CASSQSRGSGELFF	1
CASSQKTGVHEQYF	1
CASSQFATSGGPYNEQFF	1
CASSQYPILESSYNEQFF	1
CASSQLAGLSYEQYF	1
CASSQPGQGDEQYF	1
CASSQHPGQGDSYNSPLHF	1
CASSQVPGTSGDSSYNEQFF	1
CASSQVARGAYNSPLHF	1
CASSQVTAQETQYF	1
CASSQVQLEQYF	1
CASSQVHGYRNTDTQYF	1
CASSQVQGAANEQFF	1
CASSQVGGDRYGYTF	1
CASSQAHQPQHF	1
CASSQALAVYEQYF	1
CASSQAGTDTDTQYF	1
CASSQGWASRDNEQFF	1
CASSQGWAQPQHF	1
CASSQGPGLVGNEQFF	1
CASSQGRGGPDTQYF	1
CASSQGHGTANTEAFF	1
CASSQGASIEGNIQYF	1
CASSQGGEIRPTGELFF	1
CASSQGGEGPLKEQYF	1
CASSQGEWGTDTQYF	1
CASSQGTSGAQETQYF	1
CASSQGTAGEQYF	1
CASSQGRQLNTGELFF	1
CASSQGNSGVQETQYF	1
CASSQGLLAGDHEQYF	1
CASSQGLADTQYF	1
CASSQGRTANEQFF	1
CASSQGQGVSNQPQHF	1
CASSQDFIEAFF	1
CASSQDYGRGETQYF	1
CASSQDLGLAFSTDTQYF	1
CASSQDPPQWDNYGYTF	1
CASSQDRPDAMGETQYF	1
CASSQDRYTDTQYF	1
CASSQDRHGEYQETQYF	1
CASSQDRAILITDTQYF	1
CASSQDRERVPTETQYF	1
CASSQDQRSQGDEKLFF	1
CASSQDMNTGELFF	1
CASSQDSVGSDGNYGYTF	1
CASSQDSVGQLYEQYF	1
CASSQDRGTQYF	1
CASSQDVGGGTEAFF	1
CASSQELVRGYTF	1
CASSQEDTNTQYF	1
CASSQESWDRGLTDTQYF	1
CASSQERNEQYF	1
CASSQENRGGETQYF	1
CASSQTRGLSYNEQFF	1
CASSQRRQGRTTDTQYF	1
CASSQKTSGEQTQYF	1
CASSQKQIDFLDTQYF	1
CASSVGPDTDTQYF	1
CASSVSGRGELFF	1
CASSVRGGSTEAFF	1
CASSVPETGNTEAFF	1
CASSVGRDRVYEQYF	1
CASSVTSGSLGETQYF	1
CASSVFSQGASNYGYTF	1
CASSVSRGRGGELFF	1
CASSVVASGSAGELFF	1
CASSVALWGEQFF	1
CASSVAGRSYNEQFF	1
CASSVAFGEEQYF	1
CASSVGWANTEAFF	1
CASSVGLGGGGYEQYF	1
CASSVGVTYEQYF	1
CASSVGGTRTGELFF	1
CASSVGNREGGEAFF	1
CASSVGPRRAGRHEQYF	1
CASSVGPSTGELFF	1
CASSVDWNEQFF	1
CASSVEPRTYGYTF	1
CASSVETGELFF	1
CASSVSGQSYNEQFF	1
CASSVNGEGEQYF	1
CASSAWIDTEAFF	1
CASSALAVSYNEQFF	1
CASSARGDSNEKLFF	1
CASSARDRVLTGELFF	1
CASSARTAYGYTF	1
CASSARETQYF	1
CASSAGQKTSYEQYF	1
CASSAGTARYEQYF	1
CASSARGWETQYF	1
CASSARQGGDKETQYF	1
CASSAWTGTEQFF	1
CASSAGQTQETQYF	1
CASSADGREGQFF	1
CASSADRNNSPLHF	1
CASSAESYSNEKLFF	1
CASSGAQGFPSNQPQHF	1
CASSGTGPNIQYF	1
CASSGQVETGELFF	1
CASSGQGTDTQYF	1
CASSGGGNQPQHF	1
CASSGSQGRRGETQYF	1
CASSGSTDTQYF	1
CASSGNRAPNEKLFF	1
CASSDWDSDKETQYF	1
CASSDYYEQYF	1
CASSDRHNEQFF	1
CASSDRVETDTQYF	1
CASSDRGRTEAFF	1
CASSEGDGYEQYF	1
CASSETGANTGELFF	1
CASSERDPGRTDTQYF	1
CASSEHLSGNTIYF	1
CASSEQGVSTDTQYF	1
CASSEQSNQPQHF	1
CASSETGGKGYGYTF	1
CASSIDSDNYGYTF	1
CASSILRGSGGYTF	1
CASSIPGLATGELFF	1
CASSMEDRASPYEQYF	1
CASSIGDNRPDGNSPLHF	1
CASSINRGQVTGEQFF	1
CASSTLGLLGYTF	1
CASSTWTGMNTEAFF	1
CASSTPDRLFF	1
CASSTRQTYEQYF	1
CASSTAVGNEKLFF	1
CASSTDRAKNIQYF	1
CASSTSGRNSYEQYF	1
CASSTWDRPSTYTEAFF	1
CASSTLGLAADTQYF	1
CASSTAFPGWPQHF	1
CASSTGTGLAYNEQFF	1
CASSSLAGASYEQYF	1
CASSSQWTSGGVEQFF	1
CASSRYQETQYF	1
CASSRQGQRGYTF	1
CASSNSASYEQYF	1
CASSNKSDRVYEQFF	1
CASSNRDRVAGYTF	1
CASSNALGQGADTQYF	1
CASSNGGDQETQYF	1
CASSKDSPDTQYF	1
CASSKEQGVNNEQFF	1
CASSKLAGGLTDTQYF	1
CASSKVADRATGRRETQYF	1
CASSKAGRNSYEQYF	1
CASSKGVIWFQKGQTIPNTGELFF	1
CASSKDRKSSYNEQFF	1
CASSKDSRVSLPYEQYF	1
CASSKMWDPTYEQYF	1
CASSKTGVAETQYF	1
CASRWDSSYEQYF	1
CASRYSDTEAFF	1
CASRLKVTEQFF	1
CASRLGGAGNEKLFF	1
CASRLTSGGPGLGELFF	1
CASRPSGTGRGYTF	1
CASRPPQGPSTDTQYF	1
CASRPTGGNQPQHF	1
CASRPRTGPPGYTF	1
CASRPSGTANTEAFF	1
CASRPDTLGRMFF	1
CASRPTQGGGTGFTDTQYF	1
CASRRGSYEQYF	1
CASRRGAPLGQYF	1
CASRRQENSPLHF	1
CASRAREGEGYTF	1
CASRASYEQYF	1
CASRAQGEAEAFF	1
CASRGSGGRSSYNEQFF	1
CASRGSGRACNEQFF	1
CASRGSGVLPLHF	1
CASRGGTGSYEQYF	1
CASRGAEQFF	1
CASRGAGGDGYTF	1
CASRGGRQPQHF	1
CASRGDRGLAEGTGELFF	1
CASRGTGELFF	1
CASRGLAGSRETQYF	1
CASRDGWELFF	1
CASREGPSSPLHF	1
CASRELGGEQYF	1
CASREVGEYF	1
CASRIMTGGGYTF	1
CASRTGGPGRSEQFF	1
CASRTTGYNQPQHF	1
CASRTTGINYGYTF	1
CASRRWDRSTDTQYF	1
CASRNGDDSPLHF	1
CASRFPDRGNTIYF	1
CASRFMSSYNSPLHF	1
CASRLREGVYNEQFF	1
CASRSGQGYEQYF	1
CASRWGPDQPQHF	1
CASRWGGRLETQYF	1
CASRLAGTSYEQYF	1
CASRPTSGGAYGGELFF	1
CASRPTGTPIAGVGDTQYF	1
CASRPAGITDTQYF	1
CASRPGPVDGYTF	1
CASRPGLARETQYF	1
CASRPGPEIQETQYF	1
CASRPGQGDGLFF	1
CASRPQGAYEQYF	1
CASRPTGTVPTEAFF	1
CASRRRTSETDTQYF	1
CASRRDRASTGELFF	1
CASRQPGVSSYTQYF	1
CASRQQGAGETQYF	1
CASRVAATYEQYF	1
CASRAEWRESSYEQYF	1
CASRAGQGNNQPQHF	1
CASRAVGRHEAFF	1
CASRETSGLAKNIQYF	1
CASRERNSGNTIYF	1
CASRISSSTGELFF	1
CASRIGQNYSNQPQHF	1
CASRTGQGNQPQHF	1
CASRTTGKNEKLFF	1
CASRSQRGSSYNEQFF	1
CASRRSGHTDTQYF	1
CASRRQGVVSGYTF	1
CASRNGRSSYNEQFF	1
CASNSGTLDEKLFF	1
CASNDGTSGRGEQFF	1
CASNILGLAEGYNEQFF	1
CASNTGTNQPQHF	1
CASNRADRADTQYF	1
CASNLLGLFSDTQYF	1
CASNWGGTAFF	1
CASNLGTPTGELFF	1
CASNPPGGLQYF	1
CASNADRDGYNSPLHF	1
CASNGLAGAYEQYF	1
CASKSGTGTANSPLHF	1
CASKLAGETYEQYF	1
CASKPRTTPRRLAKNIQYF	1
CASKRATESSYEQYF	1
CASKVWLAGAGETQYF	1
CASKGVSEYTGELFF	1
CASKGQINTEAFF	1
CASKDSGGRKETQYF	1
CASKILAGGDLEHEQFF	1
CASKREGLNTEAFF	1
CASKSESRETQYF	1
CASKPDSFRGANNEQFF	1
CASKAGGLNQPQHF	1
CASKGRGYTGELFF	1
CANETDPSYEQYF	1
CANSRDRGETQYF	1
CANVLTTWSYEQYF	1
CAKTGTPGPNEQFF	1
CAKMGNTGELFF	1
CAGRGELFF	1
CAARKGAMNTEAFF	1
CAGKNIQYF	1
CATSPLTSGAVEQYF	1
CASRPHSTGDSNQPQHF	1
CASTTAGGRNQPQHF	1
CASKPDGHYEQYF	1
CASSETDTQYF	1
CASCPRDFRGAYEQYF	1
CASRPSGMNEQFF	1
CASQPPAGSFSESSYEQYF	1
CASQGENQETQYF	1
CASVTYSTDEQFF	1
CASAQGALETQYF	1
CASGLAPNEQFF	1
CASGDSTYEQYF	1
CASGRNQGREGKLFF	1
CASMDTSGVLNEQFF	1
CASTPAPGNPYEQYF	1
CASTSDVAANTQYF	1
CASTVNGGNYGYTF	1
CASTATGYEQYF	1
CASTEGQGDTQYF	1
CASSSGTSSYNEQFF	1
CASSPHDTTGELFF	1
CASSPQETQYF	1
CASSHGSENTEAFF	1
CASSQTGQGYHEQYF	1
CASSAQDQPQHF	1
CASSGAASQHEQYF	1
CASSGVWGSGYEQYF	1
CASSDPTRLEFPTYEQYF	1
CASSDRTGTGAGGEQFF	1
CASSELGHVRGEQYF	1
CASSESGGAAKNIQYF	1
CASSEGGLGLVKKGQYF	1
CASSERSGRYTGELFF	1
CASSEKFGTQYF	1
CASSEASGLATGELFF	1
CASSEGYGFYNEQFF	1
CASSERPRGVEKTQYF	1
CASSKDPTGELFF	1
CASSFRVAGASTDTQYF	1
CASSFRRTGQGVGDTEAFF	1
CASSFQWSSGGNEQFF	1
CASSFQRQGVGTDTQYF	1
CASSFVGAGNEQFF	1
CASSFGGTGNTIYF	1
CASSFGDRVANTEAFF	1
CASSFTSGPSYEQYF	1
CASSFKTGTNSPLHF	1
CASSFQATNEKLFF	1
CASSFQGSPEAFF	1
CASSFGGRSNYGYTF	1
CASSFGRAADTQYF	1
CASSFGQILTGNTIYF	1
CASSFDSGNYGYTF	1
CASSFTGSKNTEAFF	1
CASSLFLRSNTGELFF	1
CASSLFVWELDMNTEAFF	1
CASSLLGQGAMAKNIQYF	1
CASSLSSTPANEQFF	1
CASSLSGVLTEAFF	1
CASSLSTGVNTEAFF	1
CASSLWATGGRAYEQYF	1
CASSLWGQGPTGELFF	1
CASSLLPGTAAGYTF	1
CASSLLVPEGDTQYF	1
CASSLPAGQGPAGELFF	1
CASSLPEGRQNEKLFF	1
CASSLRGAEQFF	1
CASSLRTGPNTGELFF	1
CASSLVYMLGYNEQFF	1
CASSLVGTVDTGELFF	1
CASSLVETAYEQYF	1
CASSLVGTAGSPLHF	1
CASSLVDRGMDEQYF	1
CASSLVSDANTGELFF	1
CASSLVSARGGTEAFF	1
CASSLVGLSGDTQYF	1
CASSLVTANTGELFF	1
CASSLVRGRNTGELFF	1
CASSLVGPLGATEAFF	1
CASSLVGGLNTEAFF	1
CASSLVKGTEAFF	1
CASSLAAGENTGELFF	1
CASSLASSGGPSSYEQYF	1
CASSLALEIPEQYF	1
CASSLARRSGELFF	1
CASSLAVQGGRELFF	1
CASSLAVQNTGELFF	1
CASSLAAGSNYGYTF	1
CASSLAGQGHGYTF	1
CASSLADRENTEAFF	1
CASSLATPPAEQFF	1
CASSLATGTGIDTQYF	1
CASSLASNTGELFF	1
CASSLARADTQYF	1
CASSLALTGGGYEQYF	1
CASSLAWGDGYTF	1
CASSLAGVGYEQYF	1
CASSLAGSNTEAFF	1
CASSLGQDNNYGYTF	1
CASSLGVSGEKLFF	1
CASSLGSSGNTIYF	1
CASSLGWGNQPQHF	1
CASSLGPRTGGPQPQHF	1
CASSLGQKRTNTEAFF	1
CASSLGGTLLYEQYF	1
CASSLGSSNQPQHF	1
CASSLGPLTPSNTGELFF	1
CASSLGEGHTQYF	1
CASSLGTGLVLDTEAFF	1
CASSLGNARTSGYTF	1
CASSLGQGVYEQYF	1
CASSLGQGSDTQYF	1
CASSLGAYEQYF	1
CASSLGAGINEKLFF	1
CASSLDSGAEAFF	1
CASSLDPGSYEQYF	1
CASSLDRITNEKLFF	1
CASSLDAGAGTDTQYF	1
CASSLDGQPQHF	1
CASSLDGVAFYGYTF	1
CASSLDGGTEAFF	1
CASSLDGTHRVEQYF	1
CASSLDDRDTEAFF	1
CASSLESGSYEQYF	1
CASSLESGTDTQYF	1
CASSLELWDRGRNTEAFF	1
CASSLEPSGHSVVEQYF	1
CASSLEAGGDTQYF	1
CASSLEKHEQFF	1
CASSLEWGSITEAFF	1
CASSLEQGYNTEAFF	1
CASSLEAGAFNTGELFF	1
CASSLEGEPMNTEAFF	1
CASSLEGTPGQPQHF	1
CASSLEGQNYGYTF	1
CASSLENIQYF	1
CASSLIGDDEQFF	1
CASSLMTTGELFF	1
CASSLIGITNEKLFF	1
CASSLTGGPANTGELFF	1
CASSLTIADDEQYF	1
CASSLTGQGPGELFF	1
CASSLTVTNTEAFF	1
CASSLSSSLGSTEAFF	1
CASSLSGAASEQYF	1
CASSLRTAFTDTQYF	1
CASSLNSDTQYF	1
CASSLNSGGNTEAFF	1
CASSLNGYEQYF	1
CASSLNRANEKLFF	1
CASSLNRGSEKLFF	1
CASSLSIASYEQYF	1
CASSLPRTPNMNRNMNTEAFF	1
CASSLPGFDEQFF	1
CASSLQGGALDYGYTF	1
CASSLQGTDTEAFF	1
CASSLGPRGARDEKLFF	1
CASSLGGDTEAFF	1
CASSLGISNEKLFF	1
CASSLTIQGGRSIGGYTF	1
CASSLTSSYNEQFF	1
CASSLRGSHNEQFF	1
CASSSYQGVAEAFF	1
CASSSQGVFSYEQYF	1
CASSSSGNPSYEQYF	1
CASSSYRDEIWTEAFF	1
CASSSQGAGELFF	1
CASSSAGSYEQYF	1
CASSSAAGYGYTF	1
CASSSGEALEQPQHF	1
CASSSTDRGQQFF	1
CASSSKTGGFAYEQYF	1
CASSSASGQLNYGYTF	1
CASSSGSRTKLASHEQYF	1
CASSSGQDNQPQHF	1
CASSSETGEAFF	1
CASSSSAGTSRHNEQFF	1
CASSSWEGEESNEQFF	1
CASSSRADIHTGELFF	1
CASSSQTGDNTGELFF	1
CASSWAWTGSYEQYF	1
CASSWAANEKLFF	1
CASSWGHGPDTQYF	1
CASSWDLTGELFF	1
CASSWDSTLNTEAFF	1
CASSWTGTSGKLPLYEQYF	1
CASSYFITDTQYF	1
CASSYGTGAYEQYF	1
CASSYDRKEAFF	1
CASSYTGPDTQYF	1
CASSLDTGNQPQHF	1
CASSLSGSSYNEQFF	1
CASSLSGTGLGYTF	1
CASSLYTGSDSGNTIYF	1
CASSLPVDSRTYNEQFF	1
CASSLGGSGEQYF	1
CASSLGSLGDTQYF	1
CASSLGLAADTQYF	1
CASSLEQGANSPLHF	1
CASSLRTVHEQYF	1
CASSPRRPYEQYF	1
CASSPRGATSDTQYF	1
CASSPGLAGLGDEQFF	1
CASSPSPGADTQYF	1
CASSPSGGRSIQYF	1
CASSPWTGYGYTF	1
CASSPYPGEGSNTGELFF	1
CASSPLALAGRSDEQFF	1
CASSPRVGDTQYF	1
CASSPRTSGRNTGELFF	1
CASSPQGWAANEKLFF	1
CASSPAYGQVANIQYF	1
CASSPAIAGVYEQYF	1
CASSPAPPGSGNIQYF	1
CASSPGTGGEAFF	1
CASSPGQNEKLFF	1
CASSPDGGQGANGELFF	1
CASSPEYLGRNSPLHF	1
CASSPTPLTGYEQYF	1
CASSPTSYSGNTIYF	1
CASSPRGGEKLFF	1
CASSPNHRDVYEQYF	1
CASSPSRGLAVNYGYTF	1
CASSPSGDGSYNEQFF	1
CASSPLDSLRDQPQHF	1
CASSPPAQGVRDTEAFF	1
CASSPGWTGGGGEAFF	1
CASSPGQGYGYTF	1
CASSPDPGADYGYTF	1
CASSPDGPSWNEQFF	1
CASSPDRRYGYTF	1
CASSPEGLTDTQYF	1
CASSPTGNNSPLHF	1
CASSPQQGNTIYF	1
CASSPGQPNEKLFF	1
CASSPGQGSYEQYF	1
CASSPEREGDTQYF	1
CASSPTGQANIQYF	1
CASSPTVGQNYGYTF	1
CASSRGLAGYEDTDTQYF	1
CASSRDILSGEQYF	1
CASSRSGELFF	1
CASSRGRTGDEQYF	1
CASSRRDRWETQYF	1
CASSRVFATDTQYF	1
CASSRRDRAFELGAKNIQYF	1
CASSRWPGGSPLHF	1
CASSRIQETQYF	1
CASSHSGQTSPLHF	1
CASSHLTTGELFF	1
CASSHREYTDTQYF	1
CASSQPSLRDRGRGTAGANEQFF	1
CASSQHPAGQGAEQFF	1
CASSQGPQRGNTGELFF	1
CASSQLAGSYNEQFF	1
CASSQLASGTSYEQYF	1
CASSQLLAGVQETQYF	1
CASSQLASGSYEQYF	1
CASSQPGRQKNSPLHF	1
CASSQPGQGNADTQYF	1
CASSQPFRLGPGFNEQFF	1
CASSQRQGGTDTQYF	1
CASSQVFRENQPQHF	1
CASSQVSEQYF	1
CASSQVRAYSYNEQFF	1
CASSQVGTGPVTGELFF	1
CASSQVPSGGVISQYVRETQYF	1
CASSQVGQKSTDTQYF	1
CASSQVFSPKGRASETQYF	1
CASSQVPGQGLADTQYF	1
CASSQVGQGLAYEQYF	1
CASSQVILHTGSLTEAFF	1
CASSQALAGADTQYF	1
CASSQAPVQGATNEKLFF	1
CASSQAGPIGTDTQYF	1
CASSQAGTGTYGYTF	1
CASSQADSGRALFF	1
CASSQAGRALLETQYF	1
CASSQATAYEQYF	1
CASSQGLGAGGYNEQFF	1
CASSQGLGEQYF	1
CASSQGPGQGHGYTF	1
CASSQGREQYF	1
CASSQGDGELFF	1
CASSQGLAASYEQYF	1
CASSQGQATNEKLFF	1
CASSQDLALGGETQYF	1
CASSQDPPSGKRQYF	1
CASSQDPGTGTSEQYF	1
CASSQDPGADEQYF	1
CASSQDRGGQTQYF	1
CASSQDRGRGGTYEQYF	1
CASSQDGDTRAKNIQYF	1
CASSQDGTGTGGYEQYF	1
CASSQDTGGRRSYGYTF	1
CASSQDRPANTEAFF	1
CASSQDRMGGTGRGVYGYTF	1
CASSQDLPENSEQFF	1
CASSQDGAYNEQFF	1
CASSQEWVSSYEQYF	1
CASSQERGTLRNTEAFF	1
CASSQEQGRDGYTF	1
CASSQEVFRDYTF	1
CASSQERDRGTYEQYF	1
CASSQEKGPNQPQHF	1
CASSQEFDTQYF	1
CASSQEAGDLSYEQYF	1
CASSQEDPPIYEQYF	1
CASSQERQGKYEQYF	1
CASSQIGTRVREQFF	1
CASSQTGSPPTDTQYF	1
CASSQSLNTGELFF	1
CASSQNPNGSPLHF	1
CASSVESGGADYGYTF	1
CASSVGLGMDTQYF	1
CASSALFPIVRGGPEAFF	1
CASSAGPTGTSTDTQYF	1
CASSADEKLFF	1
CASSGGGGSNYNEQFF	1
CASSGDGTSGRGADTQYF	1
CASSGSGPDTQYF	1
CASSGDYEQYF	1
CASSGDRGNTIYF	1
CASSGNTGELFF	1
CASSGSSSGVTDTQYF	1
CASSGRLAGGPFEQYF	1
CASSDGGSLGGYTF	1
CASSEGRLSYEQYF	1
CASSIHRGNTEAFF	1
CASSIGAEAFF	1
CASSIGQGKDGYTF	1
CASSIDRARDTQYF	1
CASSTGQGALGSMELFF	1
CASSTRQGTGELFF	1
CASSTGQGSHEQYF	1
CASSTGDLNYGYTF	1
CASSTGTDYGYTF	1
CASSSPGPLNEQFF	1
CASSSQAGDTQYF	1
CASSRGDNSYEQYF	1
CASSRRLAGVSDTQYF	1
CASSNLHDRGVYEQYF	1
CASSKSGDWQFF	1
CASRLGPSQELNTEAFF	1
CASRYYPGTENTGELFF	1
CASRPDGTYSPLHF	1
CASRVRDTQYF	1
CASRAGLNSGELFF	1
CASRTGGDYGYTF	1
CASRKDRNTGELFF	1
CASRSQVLRGQNYGYTF	1
CASRPRDRNTEAFF	1
CASRPGGTNTGELFF	1
CASRRPGQGASEQFF	1
CASREGQDWTPLHF	1
CASREAGTGPYNEQFF	1
CASRIGQGANTGELFF	1
CASNPISGGTYEQYF	1
CASNGDSAYEQYF	1
CASKSTEAQETQYF	1
CARSRPTGELFF	1
CSLPAAPGNSPLHF	1
CSVSGGGKYEQYF	1
CSVASPNTGELFF	1
CSVKTGVGGYTF	1
CSVQGWEQYF	1
CSALDRAHEQYF	1
CSASVWEGNQPQHF	1
CSASNPRAGGPWGEQFF	1
CSAWGTSGFYNEQFF	1
CSALPRGFRADTQYF	1
CSALPLERISTDTQYF	1
CSALGAGTSGSYEQFF	1
CSALGLAGGPGRRSGELFF	1
CSALGETQYF	1
CSAPRQGNGYGYTF	1
CSAPPRSRGIANEKLFF	1
CSAPTGRTEAFF	1
CSAPTSVGTYEQYF	1
CSAHPSGRNTGELFF	1
CSAVSDEQFF	1
CSAAPGGRTYEQYF	1
CSAGTTGLNLYF	1
CSAGRTSGYEQYF	1
CSAGQGRGRYEQYF	1
CSAGSGGGFAKNIQYF	1
CSAGKDLSANTEAFF	1
CSADPRGGRGNYGYTF	1
CSAESAETLQETQYF	1
CSAEREGLYEQYF	1
CSAEQGALNEQYF	1
CSAIWENTEAFF	1
CSAIGLAAQETQYF	1
CSATRHPYYEQYF	1
CSATSDRTYEQYF	1
CSATARAYSNQPQHF	1
CSATGGTDTQYF	1
CSASWQVTDTQYF	1
CSASWRVNQPQHF	1
CSASYTDTQYF	1
CSASLAGVGTDTQYF	1
CSASPLRSIFTDTQYF	1
CSASRQRGRETQYF	1
CSASQAVNYGYTF	1
CSASVLGRKNIQYF	1
CSASGWGTNFYNEQFF	1
CSASEASGGWTDTQYF	1
CSASEGTGHTDTQYF	1
CSASTLPEQYF	1
CSASSLGGREDEQYF	1
CSASKLATPTDTQYF	1
CSASLPRDGPWTQYF	1
CSASPFLHMGGSYEQYF	1
CSASRIDPGLAGNEQFF	1
CSASVRGRGRGTDTQYF	1
CSASDRGTLYSSSPLHF	1
CSASDNEQFF	1
CSASTGMGSYEQYF	1
CSASRTGELFF	1
CSASRPGLAGSNGYNEQFF	1
CSARRLGLAGDEQFF	1
CSARVAEAFF	1
CSARGAGGRGNQPQHF	1
CSARDRADTQYF	1
CSARTRESSYEQYF	1
CSARKAVGLAEKLFF	1
CSARFHRAGYEQYF	1
CSARSQRNQPQHF	1
CSARSLAVSTDTQYF	1
CSARLAGITDTQYF	1
CSARPPQGGKDIQYF	1
CSARPGLELYEQYF	1
CSARPTISYNEQFF	1
CSARRPGSYVTDTQYF	1
CSARRPGLANTGELFF	1
CSARQGAGEQYF	1
CSARVMGDQPQHF	1
CSARVRQGSLYEQYF	1
CSARVLYGYTF	1
CSARVTDSPNQPQHF	1
CSARVGINEQFF	1
CSARAVTDTQYF	1
CSARARYFSGDEQFF	1
CSARAVAGGVYEQYF	1
CSARAGGTGELFF	1
CSARGVLGREAGAFF	1
CSARGRAYEQYF	1
CSARGRGGADIQYF	1
CSARGGAGNQPQHF	1
CSARGRDRGSPNYGYTF	1
CSARDWREGTNYGYTF	1
CSARDYGGESRNTIYF	1
CSARDPRVDTQYF	1
CSARDPWTEETQYF	1
CSARDPASGKDEQFF	1
CSARDPAGRKDTQYF	1
CSARDRISQPQHF	1
CSARDRRDTQYF	1
CSARDRKGHTQYF	1
CSARDHGEDYGYTF	1
CSARDHSETQYF	1
CSARDQQQIYEQYF	1
CSARDVGLLARSSYEQYF	1
CSARDGYRDTSYEQYF	1
CSARDGLFNGQYF	1
CSARDGRLAGTDTQYF	1
CSARDGQGQGNYGYTF	1
CSARDGWTGTDTQYF	1
CSARDETGVGSNQPQHF	1
CSARDIGTKAPRNYGYTF	1
CSARDQAHSETNEKLFF	1
CSARDAEDLGLVGYGYTF	1
CSARDGQDYQETQYF	1
CSARDDTEAFF	1
CSAREAVGQPQHF	1
CSAREGGQGYEKLFF	1
CSAREPVAIPLNTEAFF	1
CSAREVALQTKGLAYEQYF	1
CSAREVMDQPQHF	1
CSARTQPRGLSSPLHF	1
CSARTDRAYF	1
CSARTTSGTGELFF	1
CSARSGVSPDTQYF	1
CSARRDRGSGTQYF	1
CSARRMNTEAFF	1
CSAKMWENTEAFF	1
CSAKPTSTDTQYF	1
CSAFDDANTGELFF	1
CSASGQGLGGNTIYF	1
CSALGRASSYNSPLHF	1
CSAPHQHIQYF	1
CSAPEGYGSQPYEQYF	1
CSAHRWTSGGRTGELFF	1
CSAQTGGTYNSPLHF	1
CSAGGTSNQPQHF	1
CSAEEAGGRDEQYF	1
CSAISGISSYEQYF	1
CSATSQGIGEKLFF	1
CSATGYNEQFF	1
CSARQSLAKNIQYF	1
CSANAGDRFNSPLHF	1
CSASPGLAGEGPKNIQYF	1
CSAPRLNTEAFF	1
CSAATTSGNKETQYF	1
CSARDRAFNSPLHF	1
CSAQTGSREKLFF	1
CSADVGQGASYEQYF	1
CSADISTDTQYF	1
CSAEQGTGAKNIQYF	1
CSATGTNEGTGELFF	1
CSATGVLSYNEQFF	1
CSARGQTYEQYF	1
CSGLRGASYNEQFF	1
CSGWTGQIGEQYF	1
CSDETSGEQYF	1
CSDRGAGEDCEQYF	1
CSTPGPTTDTQYF	1
CSFPGVRPGELFF	1
CSLRGLGYTF	1
CSSDRVAYNEQFF	1
CSPGEGATIPLHF	1
CSVSSGRRGTRYEQYF	1
CSVWDYEQYF	1
CSVLNPEKLSTDTQYF	1
CSVPTISGKTQYF	1
CSVPSGSSYEQYF	1
CSVPKQGWNTEAFF	1
CSVPTGGTDTQYF	1
CSVRQDSKNIQYF	1
CSVRASGSRYEQYF	1
CSVRAPTYEQYF	1
CSVRDRDTFWGETQYF	1
CSVQLDTQYF	1
CSVVGGEKTQYF	1
CSVVASVDEQYF	1
CSVVLRGIQETQYF	1
CSVALGVWTGELFF	1
CSVALLAGGDEQFF	1
CSVAPRDTGELFF	1
CSVAGTITYEQYF	1
CSVATDSSYEQYF	1
CSVAGLYQETQYF	1
CSVAGQGGKNIQYF	1
CSVGQGDSYEQYF	1
CSVGGKGQLHPYGYTF	1
CSVGSEGSYGYTF	1
CSVGAGMTGELFF	1
CSVDRGGSITDTHYF	1
CSVDMGGQGYINEQFF	1
CSVDRRGAGDTQYF	1
CSVDLEANTGELFF	1
CSVDLGRSQETQYF	1
CSVDRVRGEQFF	1
CSVEDRGLYNEQFF	1
CSVEEALVYTQYF	1
CSVEREAETQYF	1
CSVEWTGPSYEQYF	1
CSVEPGQDPVTVF	1
CSVEPRTGPRGEQYF	1
CSVEARGTYEQYF	1
CSVEDYKGRGEQYF	1
CSVEDLSTPYNEQFF	1
CSVEDPRDRGYEQYF	1
CSVEDGTPGGQYF	1
CSVEEGKGYEQYF	1
CSVEESSAVQETQYF	1
CSVEMTSGGARNHNEQFF	1
CSVTGQGATGELFF	1
CSVTSGRSHEQFF	1
CSVTNTDTQYF	1
CSVSRRQNYEQYF	1
CSVLEGHFYEQYF	1
CSVPVLAGGYNEQFF	1
CSVRTVSQPQHF	1
CSVQQGASSGELFF	1
CSVGQGEKTQYF	1
CSVERPSGRIEAFF	1
CSVPGTSGGYNEQFF	1
CSVWDRDYEQYF	1
CSVTGVTGELFF	1
CSVNGLGPTYEQYF	1
CSALQLGANTGELFF	1
CSARTGTNTGELFF	1
CSAGDSFRGGIKNIQYF	1
CSAGQLQETQYF	1
CSATHRRGETYNEQFF	1
CSATPGTGSYEQYF	1
CSATGSTDTQYF	1
CSAKGQDTYNEQFF	1
CSAGTSGLEQYF	1
CSAIQGAETQYF	1
CSGDLLATDTQYF	1
CSGYRGRETQYF	1
CSGVRPNTGELFF	1
CSGTSGRGREQFF	1
CSGRQGARGELFF	1
CSTPGQGVITEAFF	1
CSTRDRYSYEQYF	1
WGSYEQYF	1
RASSLCQNPGQGSGELFF	1
RASSLCFRTGGNQPQHF	1
RASSLPRTGLSKTQYF	1
RASSLRDKAPYEQYF	1
RASSPQLF	1
RASSHRGQAYEQYF	1
RASSAVGTPNYGYTF	1
CASSTYTGEKGGIPGANVLTF	3
CATSRGDSTDRNTGELFF	2
CASTRGLHGLQLTYEQYF	2
CASSFVGYEQYF	2
CASSFRGPNQETQYF	2
CASSLQTAPTEAFF	2
CASSLEETQYF	2
CASSSRPGTSSYEQYF	2
CASSYSYEQYF	2
CASSLRQGSHEQYF	2
CASSDSGHNEQFF	2
CASSLASGQGNNEQFF	2
CASSLGGRRHWDYEQYF	2
CASSLKDGNEQYF	2
CASSPRGLAGGVRAYNEQFF	2
CASSQVEAVKWGETQYF	2
CASKVHQNTEAFF	2
CASSLVPDRGRFEQFF	2
CASSLDRGYYEQYF	2
CASSLEGGVAYNEQFF	2
CASSSDRGSVYEQYF	2
CASSSGEAGPYNEQFF	2
CASSYPSGETQYF	2
CASSPGTSAYNEQFF	2
CASSVTEISYNEQFF	2
CASSILAGESNEQFF	2
CASSIENEQFF	2
CSARDGAGVFQETQYF	2
SASEVGLGEQYF	1
CAIGLASDTQYF	1
CASSLGLAGAYEQYF	1
CASSLRSGQETQYF	1
CASSLRQGSYEQYF	1
CASSLKDSSYNEQFF	1
CASSGSQETQYF	1
CAFGEEERGAASTDTQYF	1
CASRQGFTEAFF	1
CASRGPLYEQYF	1
CASKVIGDGWNSPLHF	1
CAWGDFANTEAFF	1
CAWGGYGYTF	1
CAWDFLETQYF	1
CAWMPPSSNEKLFF	1
CAWSVRLAGNNEQFF	1
CAWSVSGGGNGYTF	1
CAWSVHPLSEAFF	1
CAWSADGAGQPQHF	1
CAWRGGVGNTIYF	1
CALRGSGNEQFF	1
CAPRQATSSYEQYF	1
CAAWTGEGETQYF	1
CAAQGEPNEQFF	1
CAAAGADTGELFF	1
CAGAGGRDQPQHF	1
CAGEVEGSTDTQYF	1
CAIQAGLALGGQETQYF	1
CAISSGGAHNEQFF	1
CAISLGSTDTQYF	1
CAILGDLTNYEQYF	1
CAIGGGYNEQFF	1
CAIISAKTYEQYF	1
CAITSGSSSTDTQYF	1
CAITSDGNEQYF	1
CAITPIEASGDIQDTQYF	1
CAITQGPPGTDTQYF	1
CAITERGGLGVEQYF	1
CAITGVEGETQYF	1
CAITRSSYNEQFF	1
CAISHPGQRGEQYF	1
CAISVGGGPQDTQYF	1
CAISVELAGVGSYNEQFF	1
CAISAGTGVGHEQYF	1
CAISAKISQAYEQYF	1
CAISGEWGAVETQYF	1
CAISGSGPSNEQFF	1
CAISGAMMPLQYF	1
CAISGAGGPGYEQYF	1
CAISGDQPLEQFF	1
CAISGTPEETQYF	1
CAISGTGADYEQYF	1
CAISGLPHYEQYF	1
CAISGRGANEQFF	1
CAISDPGGEETQYF	1
CAISDEGVQVQPQHF	1
CAISDRVPGHEQYF	1
CAISDNIGGRDTEAFF	1
CAISDLQAAEYRHEQYF	1
CAISDYRQKQGTTYEQYF	1
CAISDPGNYGYTF	1
CAISDGQSSYEQYF	1
CAISDDSGGFSYNEQFF	1
CAISDSTYEQYF	1
CAISDRETDGYYEQYF	1
CAISELGRKSTDTQYF	1
CAISESVGEVETQYF	1
CAISESDSAGGPYEQYF	1
CAISESPRGALYEQYF	1
CAISESGSKETQYF	1
CAISESGQTRAAGELFF	1
CAISESEGRASSYEQYF	1
CAISESTGVPGETQYF	1
CAISESTGSPYEQYF	1
CAISESGFIGTDTQYF	1
CAISECFLYEQYF	1
CAISEWGKRGSDTQYF	1
CAISEPTPGEETQYF	1
CAISEVIASGNYNEQFF	1
CAISEARGQSSYNEQFF	1
CAISEGLSNAHEQYF	1
CAISEGDQPQHF	1
CAISEGQGPYNEQFF	1
CAISEDRGGYEQYF	1
CAISEMGDREPTDTQYF	1
CAISETQTHEQYF	1
CAISENYEQYF	1
CAISEFLAGGGADTQYF	1
CAISESTGAEYEQYF	1
CAISEAGDVNEQYF	1
CAISEGGTASYEQYF	1
CAISEGRVGETQYF	1
CAISERAYNEQFF	1
CAISTGGLSQGELFF	1
CAISSGTAGGPPTDTQYF	1
CAISKGEQFRSGTDTQYF	1
CAISLPGGRSEQFF	1
CAISLELADTQYF	1
CAISPSTRGGYEQYF	1
CAISVEFGGAYNEQFF	1
CAISDGLADVEQFF	1
CAISTSGVTDTQYF	1
CAISTRTPGLAGSDTQYF	1
CAISRLQEYEQYF	1
CAIRGGSKYF	1
CAIRDSQGLEETQYF	1
CAIRDGTGGVNEQFF	1
CAIRLTGEETQYF	1
CAIRRRGEALGEQYF	1
CAIRGTSGRAKGSYEQYF	1
CAIRGQGFTDTQYF	1
CAIRETANTGELFF	1
CAIRKDASYEQYF	1
CAINLQRGGMDTQYF	1
CAINPGLLGGELFF	1
CAINSGGTNTQYF	1
CAIKAASGNYEQYF	1
CAIKETSAYNEQFF	1
CAIKSIGPQYF	1
CAIKEPGQRGYGYTF	1
CAISLAQGAGETQYF	1
CAIRPFQSGNTIYF	1
CAIRVGGELFF	1
CATHDRAHEQYF	1
CATGESPEKQYF	1
CATSLPGQGEEDTQYF	1
CATSLDRGGQPQHF	1
CATWDTVYQETQYF	1
CATLGGTWDTQYF	1
CATPRHPSTEGEGGNSPEETQYF	1
CATRNTLTNEQFF	1
CATQGRVEDTQYF	1
CATASGRAEDTQYF	1
CATAPSLQGEQYF	1
CATATGARNTIYF	1
CATANLDNEQFF	1
CATAIQARNQPQHF	1
CATGYGGSGSSGEQYF	1
CATGESSYNEQFF	1
CATGGGQRTDTQYF	1
CATDGGGGQETQYF	1
CATEQGRGNQPQHF	1
CATTHGYGYTF	1
CATTSGDANEKLFF	1
CATSFEWGDTQYF	1
CATSSGTAVYEQYF	1
CATSLNTGELFF	1
CATSPWSGNIQYF	1
CATSPGKISYNEQFF	1
CATSRPDTGTGELFF	1
CATSRDRSYNEQFF	1
CATSVTLDSSYNEQFF	1
CATSVSGLARDTGELFF	1
CATSVRPGLAPYNEQFF	1
CATSVEPYNEQFF	1
CATSARGGGETQYF	1
CATSAPPGSGDTQYF	1
CATSAGGTRETQYF	1
CATSGGLRGYETQYF	1
CATSGSVGAQETQYF	1
CATSGTSGSLYTGELFF	1
CATSGLAGGPKQETQYF	1
CATSGGYEQYF	1
CATSGTGQIGEQYF	1
CATSDFYTDTQYF	1
CATSDFRHNEQFF	1
CATSDLRDSRVGELFF	1
CATSDLASAYNEQFF	1
CATSDLGTGTLGSYTF	1
CATSDLTDFNEQFF	1
CATSDLREANTGELFF	1
CATSDLSSEQFF	1
CATSDSLEQVFRTDTQYF	1
CATSDSLQETQYF	1
CATSDSATFYNEQFF	1
CATSDSGEVDTQYF	1
CATSDSGGARSYEQYF	1
CATSDPLRAGSTGELFF	1
CATSDPRGLDEQYF	1
CATSDPGPVTDTQYF	1
CATSDPGLAGSRQFF	1
CATSDPIMGAHEQFF	1
CATSDHRLAGGPLETQYF	1
CATSDQQFSGKDTQYF	1
CATSDATSPPDTQYF	1
CATSDGSYNEQFF	1
CATSDGVVTDTQYF	1
CATSDIAGGPPSYNEQFF	1
CATSDTTGLGNEQFF	1
CATSDWTGAGELFF	1
CATSDPGLAGAPNNEQFF	1
CATSDHHETLAGQETQYF	1
CATSDAGTPYGYTF	1
CATSDTPQGWQETQYF	1
CATSEGTGRSVNYGYTF	1
CATSELLGESLQETQYF	1
CATSEPYRNTGELFF	1
CATSEGYEQFF	1
CATSRTGGYNEQFF	1
CATSSRTFQETQYF	1
CATSLGTGSNQPQHF	1
CATSPGGAPETQYF	1
CATSQTGVYNEQFF	1
CATSAGGSGTDTQYF	1
CATSGSESSYNEQFF	1
CATSENAGGRGTDTQYF	1
CATSIGKAISYNEQFF	1
CATSIPRGLQETQYF	1
CATSSFTGTTSTDTQYF	1
CATSSTYEQYF	1
CATSSLYRVAAETQYF	1
CATSSLEDYEQYF	1
CATSSGPNGETQYF	1
CATSRFSDTQYF	1
CATSREPHRPGTGELFF	1
CATSRVGTGFDEQYF	1
CATSRVGINLAGGTGELFF	1
CATSRVDQLTDTQYF	1
CATSRVSAGGDTQYF	1
CATSRVAGGQDTQYF	1
CATSRGVGQETQYF	1
CATSRDRGQVSSYEQYF	1
CATSRDRSISSYNEQFF	1
CATSRDQVRSETQYF	1
CATSRDMDGQGFF	1
CATSRDRAQVHQETQYF	1
CATSNRVNEQFF	1
CATSKGQGAGNEQFF	1
CATRGVTSDRETQYF	1
CATRDSQETQYF	1
CATRTSQNTDTQYF	1
CATRTAASNEQFF	1
CATRRQGYEQYF	1
CATREQGAQYNEQFF	1
CATQPTSGSYEQYF	1
CATGRGTDTQYF	1
CATEKGNEQFF	1
CASSWGVGSDTQYF	1
CASSGGFGTDTQYF	1
CASSTRAANEKLFF	1
CASHHTGTFYGYTF	1
CASQSSRGFNTGELFF	1
CASAGLAGNHTRTDTQYF	1
CASDRGVTYNEQFF	1
CASEGGQGNTIYF	1
CASTPGSGAIHEQYF	1
CASTRPNLAKNIQYF	1
CASTSSGQPQHF	1
CASSYRDRGNSPLHF	1
CASSQGVGYTF	1
CASSGGYEQYF	1
CASSMGQGNTEAFF	1
CASSIPSGGAQIYEQFF	1
CASSTGNTEAFF	1
CASSPVDTYTEAFF	1
CASLGGRAATQYF	1
CASSPGVGEFTGELFF	1
CASSRRGLAVYNEQFF	1
CASSSYGTGLYEQYF	1
CASSPAAGASYEQYF	1
CASSGTRTGELFF	1
CASSGTTLQPQHF	1
CASSDQGNEQYF	1
CASSEGAGVANTGELFF	1
CASSILWSSHQETQYF	1
CASSRGQGTGELFF	1
CASSRTSGVDEQFF	1
CASSPSGAGELFF	1
CASSPAGTGFYEQYF	1
CASSPALAGADTQYF	1
CASSPGYRTGGLHSPLHF	1
CASSPTQEYEQYF	1
CASSPSGESAGELFF	1
CASSPPGLGAYEQYF	1
CASSPPVGDADTDTQYF	1
CASSPPGQSYYGYTF	1
CASSPRVDNEQFF	1
CASSPQDGELFF	1
CASSPVSGRSYNSPLHF	1
CASSPGTTNEQFF	1
CASSIQANYEQYF	1
CASSIGTGELFF	1
CASYNRTGVFGDTQYF	1
CASLGLAEMNTGELFF	1
CASLNVRGARKTQYF	1
CASLRGEVNQPQHF	1
CASPFCSVEKLFF	1
CASPREAGPNEQFF	1
CASRLASTDTQYF	1
CASHPSAYNEQFF	1
CASHGAGEGEQFF	1
CASQGFRETQYF	1
CASQDGPRNTGELFF	1
CASQRGTANEQFF	1
CASQPPGYNSPLHF	1
CASQTRTGGPNTQYF	1
CASACGRSWTDTQYF	1
CASATERTMKTQYF	1
CASASLRPGPYEQYF	1
CASAGTSGVFSTDTQYF	1
CASASLGNEQFF	1
CASAKGAVGYGNQPQHF	1
CASGPSQGAYLDGYTF	1
CASGHRDGSSYEQYF	1
CASGAQGPEETQYF	1
CASGEGTGELFF	1
CASGVARYEQYF	1
CASGGLNQPQHF	1
CASGGGPWYTEAFF	1
CASGGYLTGELFF	1
CASGDNEQFF	1
CASGIRDNYGYTF	1
CASGTGDTGELFF	1
CASGRDILGQPQHF	1
CASGRGRAVGDTQYF	1
CASGRAIVDGELFF	1
CASGQGGTGELFF	1
CASGGTSGVIEQFF	1
CASDPGTGDQPQHF	1
CASDRDRVADTQYF	1
CASIWGAGNTIYF	1
CASIRDRYYGYTF	1
CASIADTYRGELFF	1
CASIMDPRGTEAFF	1
CASIYWTGANYGYTF	1
CASILGPSYEQYF	1
CASIVPDTQYF	1
CASIVQFF	1
CASMRTSVEETQYF	1
CASMKGVWGYTF	1
CASIHESSYNSPLHF	1
CASIGEGNQPQHF	1
CASTLGSGGADEQFF	1
CASTSDRGDQPQHF	1
CASTYSNSNQPQHF	1
CASTPGQQTYEQYF	1
CASTRTGSNQPQHF	1
CASTGQGLSVDEQFF	1
CASTENTEAFF	1
CASTLRPSGGPTYEQYF	1
CASTSAGGSSGELFF	1
CASTSPESRDEAFF	1
CASTLGLDNTGELFF	1
CASTLERGTGELFF	1
CASTLAGSSYNEQFF	1
CASTPSRGYQETQYF	1
CASTPQGLQETQYF	1
CASTPVWRETQYF	1
CASTPGPGLRGNQPQHF	1
CASTPDGQAAYEQYF	1
CASTPVGRDQETQYF	1
CASTRLWRGGLDTQYF	1
CASTRMGNQPQHF	1
CASTRGGTGYEQYF	1
CASTRGEKLFF	1
CASTHPQSSAQYF	1
CASTHLRGSYEQYF	1
CASTHPDRAASYSNQPQHF	1
CASTQQIANYGYTF	1
CASTQEGGLQETQYF	1
CASTVQFREGNQPQHF	1
CASTAGTGAYNEQFF	1
CASTGGYQETQYF	1
CASTELGQGENQPQHF	1
CASTEGGETYEQYF	1
CASTIGLGGTDTQYF	1
CASTMTGNTEAFF	1
CASTTGGGNQPQHF	1
CASTTSRRSIVVQYF	1
CASTRTTNSPLHF	1
CASTPRAAQPQHF	1
CASTHPGGDTQYF	1
CASTGTTSSSYEQYF	1
CASTDEDLDFLPNYNEQFF	1
CASTTLHSAHEQYF	1
CASTRGVDQPQHF	1
CASSFLGQRRTSYEQYF	1
CASSFLRGYGYTF	1
CASSFSGTGYNYGYTF	1
CASSFSGQGEQYF	1
CASSFSGLVDEQYF	1
CASSFYREETQYF	1
CASSFLPSNYGYTF	1
CASSFLTGKPHEQFF	1
CASSFLLAGWLSYEQYF	1
CASSFRWSGNTIYF	1
CASSFRSGLVSYEQYF	1
CASSFRRDRSSIQYF	1
CASSFVGFSTDTQYF	1
CASSFAGQGNQPQHF	1
CASSFGGREEEYF	1
CASSFGGGAVGELFF	1
CASSFGGTGELFF	1
CASSFGGLVNTGELFF	1
CASSFGRGNSYEQYF	1
CASSFGRPQHF	1
CASSFGQGRTEAFF	1
CASSFGLAGPDTQYF	1
CASSFGQGDQPQHF	1
CASSFEYRGYTF	1
CASSFTSYGYTF	1
CASSFTGAGGPYEQYF	1
CASSFTTGGYEQYF	1
CASSFSLIGGRGAFF	1
CASSFSVLGLETQYF	1
CASSFRTGSYF	1
CASSFKAEKLGGYTF	1
CASSFSGIYNEQFF	1
CASSFSYEQYF	1
CASSFSTAGETQYF	1
CASSFSWQGAFF	1
CASSFWADSDGTDTQYF	1
CASSFLAGGRNEQFF	1
CASSFPGINGYTF	1
CASSFPPRLAGAFPGTDTQYF	1
CASSFRGHTGGYTF	1
CASSFRGQGHNSPLHF	1
CASSFQAGVGNTIYF	1
CASSFGRTDRANTEAFF	1
CASSFGRRFEKLFF	1
CASSFGALTDTQYF	1
CASSFGGYGYTF	1
CASSFGDQPQHF	1
CASSFGTHSYNEQFF	1
CASSFGSYGYTF	1
CASSFGLGSRNEQFF	1
CASSFDRGLFGYTF	1
CASSFTAGTSDQETQYF	1
CASSFRVGATNEKLFF	1
CASSFRTGATDTQYF	1
CASSFNYGNQPQHF	1
CASSFKGRWREQYF	1
CASSLFQDTDTQYF	1
CASSLFGGSGTEAFF	1
CASSLSGGYNEQFF	1
CASSLYGETQYF	1
CASSLYGTSQPQHF	1
CASSLLKGDQPQHF	1
CASSLPLETQYF	1
CASSLPDRGNSPLHF	1
CASSLPGDSPLHF	1
CASSLRRWNQPQHF	1
CASSLRDSYLYQETQYF	1
CASSLHAQSSSYNEQFF	1
CASSLVTGVTDTQYF	1
CASSLAGGGTDTQYF	1
CASSLGSAYEQYF	1
CASSLGRGSNQPQHF	1
CASSLGGNYGYTF	1
CASSLGGQNNEQFF	1
CASSLGQGYGYTF	1
CASSLDLGGTQYF	1
CASSLRRGRTINEKLFF	1
CASSLNKGAYGYTF	1
CASSLFGGVTGVHEQYF	1
CASSLFSGGHNEQFF	1
CASSLFGGGTTEAFF	1
CASSLLGPTGYNEKLFF	1
CASSLLPVYYEQYF	1
CASSLLAERETQYF	1
CASSLSGPRGDTQYF	1
CASSLSGTSGSGDTQYF	1
CASSLSLGGNTIYF	1
CASSLSAPGGKNEQFF	1
CASSLSGGVLAYNEQFF	1
CASSLSGDQPQHF	1
CASSLSFTGTTYEQYF	1
CASSLSSSGTLELFF	1
CASSLSVSYEQYF	1
CASSLSVGTYEQYF	1
CASSLSGMGRHYEQYF	1
CASSLSGWTDTQYF	1
CASSLSGRLSYEQYF	1
CASSLSGAPNSPLHF	1
CASSLSGGKNYGYTF	1
CASSLWVEYEQYF	1
CASSLWASGRINNEQFF	1
CASSLWGEDGYTF	1
CASSLWGTDTQYF	1
CASSLWDGTLKLFF	1
CASSLWTLNNEQFF	1
CASSLYQTVFNQPQHF	1
CASSLYTSGGIFYNEQFF	1
CASSLLSAGQPTHNEQFF	1
CASSLLGSGGPHDNEQFF	1
CASSLLSGAAYNSPLHF	1
CASSLPGEGYTF	1
CASSLRGGRDTQYF	1
CASSLRTGAYNEQFF	1
CASSLRQGGGYTF	1
CASSLHPTYEQYF	1
CASSLQMNTEAFF	1
CASSLVPDTQYF	1
CASSLVGLDQPQHF	1
CASSLVINYNSPLHF	1
CASSLARPGNQPQHF	1
CASSLAGQETQYF	1
CASSLAGGNEQYF	1
CASSLAGGQVYEQYF	1
CASSLASWQVETQYF	1
CASSLGQAFNEQFF	1
CASSLGVGATPGPEAFF	1
CASSLGGQVQGQYF	1
CASSLGGSSTRGFF	1
CASSLGSYGYTF	1
CASSLGQLGYGYTF	1
CASSLGQYTDTQYF	1
CASSLGQEFNQPQHF	1
CASSLGGAGSNEQFF	1
CASSLGGNQPQHF	1
CASSLGGIRHEQFF	1
CASSLGEAGVPQHF	1
CASSLGTGSSYEQYF	1
CASSLGTGFYEQYF	1
CASSLGTGYGQPQHF	1
CASSLGTGGGSNQPQHF	1
CASSLGTGDEKLFF	1
CASSLGTGNSPLHF	1
CASSLGPPETQYF	1
CASSLGRAEQYF	1
CASSLGQYQETQYF	1
CASSLGQINTGELFF	1
CASSLGGAVDTIYF	1
CASSLEGILSYEQYF	1
CASSLEGRTYEQYF	1
CASSLIRASAFF	1
CASSLTGQGLGYTF	1
CASSLTSGGDTQYF	1
CASSLTGQGHEAFF	1
CASSLTGRGAEAFF	1
CASSLSGPRDEQYF	1
CASSLRVTEAFF	1
CASSLNPSGNTGELFF	1
CASSLKGARNEQYF	1
CASSLKGSPTGELFF	1
CASSLKVRGWGPNTEAFF	1
CASSSSRTGFSPLHF	1
CASSSSTGANEKLFF	1
CASSSRTSGETQYF	1
CASSSHPREAFF	1
CASSSNQGKQFF	1
CASSSYVTDAETQYF	1
CASSSLDFVSYNEQFF	1
CASSSLRLAGGETQYF	1
CASSSPSQTGGWGPQHF	1
CASSSPDSGGEDTQYF	1
CASSSPEEDGTDTQYF	1
CASSSPRGDFNTEAFF	1
CASSSRGAGNQPQHF	1
CASSSRGAVDQPQHF	1
CASSSRDRVGYGYTF	1
CASSSGGGPKTQYF	1
CASSSGTSHHYNEQFF	1
CASSSGTSGYNEQFF	1
CASSSGLAGNEQFF	1
CASSSDRYLQYF	1
CASSSTGLGQPQHF	1
CASSSRGTGELFF	1
CASSSRTANTEAFF	1
CASSSRTGTDTQYF	1
CASSSVREFPYNEQFF	1
CASSSGGGSTDTQYF	1
CASSSGQDNYEQYF	1
CASSSTSGDYEQYF	1
CASSSTYTGAGNTIYF	1
CASSSTGRNNEQFF	1
CASSSTEETQYF	1
CASSSRGYGYTF	1
CASSSLWRDSYEQYF	1
CASSSLPGLLQYF	1
CASSSQGARETQYF	1
CASSSQGEDAGELFF	1
CASSSTGTTIAKNIQYF	1
CASSSNRGPPLIQYF	1
CASSWVVPVDGAKNIQYF	1
CASSWGGTNSPLHF	1
CASSWGGTEAFF	1
CASSWDRGLDTQYF	1
CASSWTGTYEQYF	1
CASSWTGGRETQYF	1
CASSYSLGDVPYEQYF	1
CASSYGGGDQPQHF	1
CASSYGREQYF	1
CASSYDRVVSPETQYF	1
CASSYSGGSDTQYF	1
CASSYSSGPPYEQYF	1
CASSYFRPQRFQETQYF	1
CASSYFGWDSLSPLHF	1
CASSYLLDTQYF	1
CASSYSHLAGGPPDTQYF	1
CASSYSGQGRETQYF	1
CASSYSILGRYATNEKLFF	1
CASSYSTGFEQYF	1
CASSYSPLGRIPSYEQYF	1
CASSYSQGPADTQYF	1
CASSYSGGALTDTQYF	1
CASSYSGYTGELFF	1
CASSYSGQGIPGGEQFF	1
CASSYSTGANYEQYF	1
CASSYSRGGIYEQYF	1
CASSYSSWGQGYEQYF	1
CASSYSWGNEQFF	1
CASSYSASGTDTQYF	1
CASSYSGLAGVYNEQFF	1
CASSYSGFYEQYF	1
CASSYSGQGRDGYTF	1
CASSYSIRDRSYEQYF	1
CASSYSISEETQYF	1
CASSYSTGGEQYF	1
CASSYSTDTQYF	1
CASSYSRGWVLGLQFF	1
CASSYSRQGNEQFF	1
CASSYSETQYF	1
CASSYSRTGVNSPLHF	1
CASSYYSSADTQYF	1
CASSYLGDTDTQYF	1
CASSYLEGYEQYF	1
CASSYPDRGSYNSPLHF	1
CASSYRAVYGYTF	1
CASSYRTGGRAPLHF	1
CASSYREGLYEQYF	1
CASSYVLAGPDTQYF	1
CASSYVRGNEQFF	1
CASSYVTGGYEQYF	1
CASSYAGPYRDEQYF	1
CASSYALAGGHEEQTDTQYF	1
CASSYGERRNEQFF	1
CASSYGYQETQYF	1
CASSYGLAGVGEQFF	1
CASSYGQSYEQYF	1
CASSYGTSYEQYF	1
CASSYGLAGASNTGELFF	1
CASSYGPWADTQYF	1
CASSYDRTGVYEQYF	1
CASSYDGTAGNTIYF	1
CASSYMRGETQYF	1
CASSYTGTPEIQYF	1
CASSYTTSGNNEQFF	1
CASSYSGGPYSPLHF	1
CASSYSGSSYEQYF	1
CASSYRGAEQYF	1
CASSLHDQEKLFF	1
CASSLKGTNYEQYF	1
CASSLSRGGGFDEQFF	1
CASSLRQGVQPQHF	1
CASSLVAGGLIYEQYF	1
CASSLRGGGRNQPQHF	1
CASSLTGYGYTF	1
CASSLAGGFADTQYF	1
CASSLGWGGGTEAFF	1
CASSLDRADTEAFF	1
CASSLTYEQYF	1
CASSPLEAGQPQHF	1
CASSPQPPGPSINEQFF	1
CASSPQIEQFF	1
CASSPGDSRNCSPLHF	1
CASSPGTVIQETQYF	1
CASSPTSGDRYEQYF	1
CASSPSGGTDTQYF	1
CASSPLGVSNQPQHF	1
CASSPSSRESTEAFF	1
CASSPSYGGTGGNEQYF	1
CASSPSTGVGTEAFF	1
CASSPSTAGIEAFF	1
CASSPYEGASNEKLFF	1
CASSPLQETQYF	1
CASSPLKPNTEAFF	1
CASSPLTGVTTDTQYF	1
CASSPPGTSRETQYF	1
CASSPPGVEQYF	1
CASSPPGFGTGVADTQYF	1
CASSPRTGPTNEKLFF	1
CASSPVHANTGELFF	1
CASSPGRGLGNQPQHF	1
CASSPGGTQYF	1
CASSPGDGTTAGGQYF	1
CASSPGTLVNSPLHF	1
CASSPGTGNSPLHF	1
CASSPDRYNEQFF	1
CASSPEQTGGREKLFF	1
CASSPTPGTGGAEQYF	1
CASSPTGAGGNQPQHF	1
CASSPTGVVAFF	1
CASSPRGPDTQYF	1
CASSPRIEETQYF	1
CASSPGGRSYNEQFF	1
CASSPGQGMTDTQYF	1
CASSPGELNEQYF	1
CASSPDRGYGETQYF	1
CASSPSSYEQYF	1
CASSPYSANTEAFF	1
CASSPLPDATVNTEAFF	1
CASSPLQGGNEKLFF	1
CASSPPSGTSGSSYNEQFF	1
CASSPPTMTSADTQYF	1
CASSPGTGRQSNQPQHF	1
CASSPGLAGQETQYF	1
CASSPRPGQGTGELFF	1
CASSRDAAGTANTGELFF	1
CASSRLGPYNEQFF	1
CASSRGGARTDTQYF	1
CASSREASGYTF	1
CASSRFRTGGTETQYF	1
CASSRSGQGNYGYTF	1
CASSRAQGERAEAFF	1
CASSRGGALSQPQHF	1
CASSRGGVSNQPQHF	1
CASSRGHRADTQYF	1
CASSRDGTQYF	1
CASSRDNGEKLFF	1
CASSRTGGTGELFF	1
CASSRQLVNSPLHF	1
CASSRQKDRLTFWYQETQYF	1
CASSRVPPPANYGYTF	1
CASSRTGDELFF	1
CASSHNRGTHEQYF	1
CASSHQYRDRGNQPQHF	1
CASSQSGGDQPQHF	1
CASSQRVGEQPQHF	1
CASSQGGRAYEQYF	1
CASSQGDLEQFF	1
CASSQGRTSPGELFF	1
CASSQTLYRVLENGYTF	1
CASSQTTGNTEAFF	1
CASSQTGNTEAFF	1
CASSQNRDTDTQYF	1
CASSQWGRTDTQYF	1
CASSQRDRKGAEAFF	1
CASSQTWTGANYGYTF	1
CASSQSGGASGELFF	1
CASSVLAGANTGELFF	1
CASSVHSEFSYEQYF	1
CASSVGDGLNYGYTF	1
CASSVSQGFYGYTF	1
CASSVQSRPPYEQYF	1
CASSVKFRDNVMGYTF	1
CASSALGGGGSNQPQHF	1
CASSASTPMNTEAFF	1
CASSAGQVLGYGYTF	1
CASSAEGGHEQYF	1
CASSAGWRRHTGELFF	1
CASSATGEEYIQYF	1
CASSANPGQGVGKHYEQYF	1
CASSASTGSYYGYTF	1
CASSAGPGSYNEQFF	1
CASSGDGQNSYNEQFF	1
CASSGSSYNEQFF	1
CASSGLGRGNTEAFF	1
CASSGPGLARDGGELFF	1
CASSGRDIDLEQYF	1
CASSGDSYFIGSQHF	1
CASSGISFLAGTDTQYF	1
CASSGTSSSYEQYF	1
CASSDFVSLRDSPLHF	1
CASSDLAQDGELFF	1
CASSDPLTGTYNEQFF	1
CASSDRGVGNEKLFF	1
CASSDAGTLNYNEQFF	1
CASSDSASSSGRAWTGELFF	1
CASSDGVADTQYF	1
CASSDGGSNQPQHF	1
CASSEGAQETQYF	1
CASSEGINYEQYF	1
CASSEETQYF	1
CASSETGGVYGYTF	1
CASSESGGGLGTQYF	1
CASSESQSASGDLKETQYF	1
CASSESVQWYF	1
CASSESVVRGSSSYNSPLHF	1
CASSECEGLRGYNEQFF	1
CASSEYEQYF	1
CASSELLDREQFF	1
CASSERDRGTDTQYF	1
CASSEQARGYTF	1
CASSEQGAGNTEAFF	1
CASSEVQNEQYF	1
CASSEVKLENEQFF	1
CASSEATGFQPQHF	1
CASSEATRGGPQFF	1
CASSEALLGETQYF	1
CASSEALRTSSEQFF	1
CASSEALGGTDTQYF	1
CASSEGLEGTEAFF	1
CASSEGGRAYEQYF	1
CASSEDNRWDEQYF	1
CASSEEGGSSYEQYF	1
CASSEITSQETQYF	1
CASSEMRREQFF	1
CASSEIGQERFYGYTF	1
CASSETGTRETQYF	1
CASSESPASAYEQYF	1
CASSENDRASSYEQYF	1
CASSEKVGDNNEQFF	1
CASSITPNTEAFF	1
CASSIGVTEDEQYF	1
CASSINRGSGNEQFF	1
CASSMGRRPLEQYF	1
CASSIGTSGRVYEQYF	1
CASSTLSGGYYNEQFF	1
CASSTFQRGGDTQYF	1
CASSTGTANNQPQHF	1
CASSTTGARFSYEQYF	1
CASSTGGGYTF	1
CASSTDRGGQPQHF	1
CASSSPPSPLHF	1
CASSSGGLAGGGEQFF	1
CASSSGTSYEQYF	1
CASSRGTSGGRNEQFF	1
CASSRGLQSSYNSPLHF	1
CASSRQGYYTF	1
CASSRQRGSGYTF	1
CASSRTGTGGRWNTEAFF	1
CASSNRGPYGYTF	1
CASSNEETQYF	1
CASSKAGTSGTLRETQYF	1
CASSFFKNEQYF	1
CASSFFRGDSNQPQHF	1
CASSFLSPDTQYF	1
CASSFSYQGSGQYF	1
CASSFSQFDSEQFF	1
CASSFSGELFF	1
CASSFLGVAGELFF	1
CASSFPVRGETQYF	1
CASSFRWIALKETQYF	1
CASSFRGQGRTGELFF	1
CASSFQGIDSSSTDTQYF	1
CASSFVSTTHNQPQHF	1
CASSFAQAGGLLEQYF	1
CASSFASSNEQFF	1
CASSFGYSGETQYF	1
CASSFGLGELFF	1
CASSFGQGGTGELFF	1
CASSFGQTNTEAFF	1
CASSFDGDQPQHF	1
CASSFDTYEQYF	1
CASSFERTDTQYF	1
CASSFEPAADTQYF	1
CASSFTSSYEQYF	1
CASSFTGDTEAFF	1
CASSFSSKGTEAFF	1
CASSFSGGAEQFF	1
CASSFSGRANNEQFF	1
CASSFKAGDPYEQYF	1
CASSFKGAGELFF	1
CASSFSLQGPGETQYF	1
CASSFSLSSSYNEQFF	1
CASSFSRVNYGYTF	1
CASSFSIGGTNTGELFF	1
CASSFWDTSYEQYF	1
CASSFWEGPYNEQFF	1
CASSFPGLEDTQYF	1
CASSFPGLAGLWSSYNEQFF	1
CASSFRTSGLNIQYF	1
CASSFRSGLYNEQFF	1
CASSFGLAGEETQYF	1
CASSFGPSSGAYEQYF	1
CASSFGDRGRDYGYTF	1
CASSFGGDTQYF	1
CASSFDEQFF	1
CASSFDRGLLGYGYTF	1
CASSFTSGRETQYF	1
CASSFTGAILRNQPQHF	1
CASSLSTRNNNEQFF	1
CASSLSDPGPQNTGELFF	1
CASSLWVEQPQHF	1
CASSLPSGTGIREQYF	1
CASSLPSIQGRGSDEQFF	1
CASSLPGIGLAGNTGELFF	1
CASSLPGDTQYF	1
CASSLRTAGREQYF	1
CASSLHSYNEQFF	1
CASSLVLGGNTEAFF	1
CASSLVDGEETQYF	1
CASSLVLIGEETQYF	1
CASSLVLGTEAFF	1
CASSLVEDTQYF	1
CASSLASSYNEQFF	1
CASSLALGEAETQYF	1
CASSLARETGELFF	1
CASSLGQETQYF	1
CASSLGGDRGQDTEAFF	1
CASSLGGNTGELFF	1
CASSLGIELALAGEQYF	1
CASSLGAWGELFF	1
CASSLGMTYEQYF	1
CASSLGTGWTGELFF	1
CASSLGSSYEQYF	1
CASSLGRRNQPQHF	1
CASSLGSGDYEQYF	1
CASSLGPGELFF	1
CASSLGQGHYQPQHF	1
CASSLGQGTPYYEQYF	1
CASSLGQVNTGELFF	1
CASSLGAAGGIRTEQYF	1
CASSLGDQPQHF	1
CASSLGTSASSYEQYF	1
CASSLDPGRAGELFF	1
CASSLDRGFNNYGYTF	1
CASSLDLNDEQFF	1
CASSLEASGSTDTQYF	1
CASSLELAVSYNEQFF	1
CASSLEQGNGYTF	1
CASSLEGGDSSYEQYF	1
CASSLEGDSNQPQHF	1
CASSLIALQGDTQYF	1
CASSLMGEQYF	1
CASSLIRTDTDTQYF	1
CASSLTGTSSTDTQYF	1
CASSLTTDTQYF	1
CASSLSGSYEQYF	1
CASSLKGGAKNIQYF	1
CASSLKGTDTQYF	1
CASSLFLGNIQYF	1
CASSLFYSDQETQYF	1
CASSLFRSDPNYGYTF	1
CASSLFRRLGNEQFF	1
CASSLFYSTTQETQYF	1
CASSLFGTSSPYEQYF	1
CASSLLPVLEQYF	1
CASSLLLGGQGRPYEQYF	1
CASSLLDQGHYEQYF	1
CASSLLEGGAILGADTQYF	1
CASSLSSLNTEAFF	1
CASSLSYEQYF	1
CASSLSRSYEQYF	1
CASSLSNSDYGYTF	1
CASSLSRGMRYGYTF	1
CASSLSGNTEAFF	1
CASSLSGSTDTQYF	1
CASSLCNAQSNQPQHF	1
CASSLWGGRSYNEQFF	1
CASSLWGQGKLMNTEAFF	1
CASSLWTGAGDTQYF	1
CASSLYGGSTDTQYF	1
CASSLYHGTGKWSISGNTIYF	1
CASSLYGEETQYF	1
CASSLLAQNTDTQYF	1
CASSLLNEQFF	1
CASSLPFNSPLHF	1
CASSLPNRGRQFF	1
CASSLRPGLKTQYF	1
CASSLRRASGGYTQYF	1
CASSLRRFVGRIYGWPEAFF	1
CASSLRPSHTNEQFF	1
CASSLRAGSTDTQYF	1
CASSLHADTQYF	1
CASSLQRFRDRGETQYF	1
CASSLQLAYGIQETQYF	1
CASSLQRTSGYNEQFF	1
CASSLVRYEAFF	1
CASSLVVQGYSGNTIYF	1
CASSLVAHEQYF	1
CASSLVGQPQHF	1
CASSLVGTSGRFPNEQFF	1
CASSLVVLDRYNEQFF	1
CASSLVGQGGNEQFF	1
CASSLVDLNQPQHF	1
CASSLVDNSYEQYF	1
CASSLVRQNSYEQYF	1
CASSLVRGHRQPQHF	1
CASSLVGGSSYNEQFF	1
CASSLVGQNTGELFF	1
CASSLVILAGGYNEQFF	1
CASSLALAGSTDTQYF	1
CASSLAEGSLDNEQFF	1
CASSLASGGAYAADTQYF	1
CASSLASGSWETQYF	1
CASSLAYEARTEAFF	1
CASSLAPDRSYEQYF	1
CASSLATSAGGPYNEQFF	1
CASSLALGSQYTEAFF	1
CASSLASRRLNQPQHF	1
CASSLAYGGYEQYF	1
CASSLAPGSGQNYGYTF	1
CASSLAPNNEQFF	1
CASSLAPGLRGPNTGELFF	1
CASSLAQGAAEPQHF	1
CASSLAVRWGRETQYF	1
CASSLAVRDGYNEQFF	1
CASSLAGGGNQPQHF	1
CASSLAGQLYEQYF	1
CASSLAIGDRNGYTF	1
CASSLAGVGVQETQYF	1
CASSLAGGTGGVNQPQHF	1
CASSLATSGASSYNEQFF	1
CASSLGPGQGNQPQHF	1
CASSLGPSRGEQYF	1
CASSLGAGGQYF	1
CASSLGTGSSYNEQFF	1
CASSLGLTSGEVYNEQFF	1
CASSLGLGDEQYF	1
CASSLGRGSTDTQYF	1
CASSLGRGNQPQHF	1
CASSLGQPGELFF	1
CASSLGGDLTDTQYF	1
CASSLGDGTGGEKLFF	1
CASSLGTDTDTQYF	1
CASSLGSAGNTEAFF	1
CASSLGVGTLTDTQYF	1
CASSLGVASWTGELFF	1
CASSLGAGNAWDTQYF	1
CASSLGAGLAKNIQYF	1
CASSLGGLAGGTRRAYEQYF	1
CASSLGGLAGSTDTQYF	1
CASSLGGPPYEQYF	1
CASSLGENTGELFF	1
CASSLGTRGDTQYF	1
CASSLGTGGHGELFF	1
CASSLGLGTALYEQYF	1
CASSLGSTGGTGELFF	1
CASSLGQSSYGYTF	1
CASSLGQEQYF	1
CASSLGAYEQYF	1
CASSLGREGPSYEQYF	1
CASSLDLGGDYGYTF	1
CASSLDSGTPYFSYEQYF	1
CASSLDPWGSPNTGELFF	1
CASSLDPADTQYF	1
CASSLDPGSYEQYF	1
CASSLDGGFRLTGPNYNEQFF	1
CASSLDRLPYNEQFF	1
CASSLDNRGGLASREQFF	1
CASSLDSGWTTGELFF	1
CASSLDVLTSTNEKLFF	1
CASSLDTSYNEQFF	1
CASSLEPLAGAGTQYF	1
CASSLERRTDTQYF	1
CASSLERVRPVVELFF	1
CASSLEVYTGELFF	1
CASSLEGTQYF	1
CASSLEIGGETQYF	1
CASSLERDTQYF	1
CASSLELALHEQFF	1
CASSLEGRSATNEKLFF	1
CASSLETPETQYF	1
CASSLIRERTGELFF	1
CASSLMGPSNQPQHF	1
CASSLMSGSYNEQFF	1
CASSLTQREVLETQYF	1
CASSLTGQGVGETQYF	1
CASSLTTGNTGELFF	1
CASSLTVNTQYF	1
CASSLTGLVGYTF	1
CASSLSPSGTDTQYF	1
CASSLSVTGELFF	1
CASSLSTGTDTQYF	1
CASSLRPAGVEQYF	1
CASSLRGRETQYF	1
CASSLRLAGYNEQFF	1
CASSLRRKVYF	1
CASSLRGDLNNEQFF	1
CASSLNLGRGSYNEQFF	1
CASSLKSSLAQPEAFF	1
CASSSLNSPDQPQHF	1
CASSSWSHSNQPQHF	1
CASSSLGGDNEQFF	1
CASSSLGGSDF	1
CASSSRGGGGRADTQYF	1
CASSSHRDSGTPVSGNTIYF	1
CASSSGLPEQFF	1
CASSSIGASPGVQETQYF	1
CASSSWTSGIADTQYF	1
CASSSYRSRGNYGYTF	1
CASSSLVGNGELFF	1
CASSSLRPGGYTF	1
CASSSPRSGEVVETQYF	1
CASSSPVPSTTRTGPATNEKLFF	1
CASSSPGGRTDTQYF	1
CASSSPPDRQPGELFF	1
CASSSRGTGKDLNTQYF	1
CASSSQSDTQYF	1
CASSSGGTGAETQYF	1
CASSSGTSGEQFF	1
CASSSGTEPYGETQYF	1
CASSSGTGVSQPQHF	1
CASSSGTENNEQFF	1
CASSSDEQYF	1
CASSSDRSNQPQHF	1
CASSSTNGTSPTNEKLFF	1
CASSSREGKSSYEQYF	1
CASSSKLKREEGNEQFF	1
CASSSWTSYEQYF	1
CASSSYGGPGGHNEQFF	1
CASSSPLQGDTGELFF	1
CASSSQGPIQYF	1
CASSSQGAYTQYF	1
CASSSGGEQFF	1
CASSSGQGAQNTEAFF	1
CASSSDGYNEQFF	1
CASSSDSLNYGYTF	1
CASSSIRSSYEQYF	1
CASSSIGDEQYF	1
CASSSTGDGETQYF	1
CASSSTGSGNTIYF	1
CASSSRQSGELFF	1
CASSSYGRAYNEQFF	1
CASSSLGGSYEQYF	1
CASSSHRVTGNTGELFF	1
CASSSANTGELFF	1
CASSSAGGDPYEQYF	1
CASSSRLGTGLEDGYTF	1
CASSSNGGGYQETQYF	1
CASSWSRNTGELFF	1
CASSWGGFRGGLYEQYF	1
CASSWGTSENTGELFF	1
CASSWGTKWGTNEKLFF	1
CASSWDGDNTEAFF	1
CASSWRPGQANTGELFF	1
CASSYYNRAHQETQYF	1
CASSYAPSWEQYF	1
CASSYADRTGKDGYTF	1
CASSYSGGKSYEQYF	1
CASSYSGGPEDTQYF	1
CASSYHRGEQFF	1
CASSYGFGAASTDTQYF	1
CASSYGQGAAYEQYF	1
CASSYRGETQYF	1
CASSYKLAGVITDTQYF	1
CASSLLDEQFF	1
CASSLSFTDTQYF	1
CASSLHSGNTIYF	1
CASSLGGRSEQFF	1
CASSLGKGGNEQYF	1
CASSLDSSYEQYF	1
CASSLEIYTEAFF	1
CASSLSGGQVYGYTF	1
CASSLNSNQPQHF	1
CASSLNNEQFF	1
CASSLFGEPYEQYF	1
CASSLSQRYYNEQFF	1
CASSLYNEQFF	1
CASSLLGRSYGYTF	1
CASSLPLTSGETQYF	1
CASSLRSLSYNEQFF	1
CASSLRQSYGYTF	1
CASSLRDPGVSYNEQFF	1
CASSLRDRFYEQYF	1
CASSLRTSGGTDTQYF	1
CASSLRQVRQPQHF	1
CASSLQEYTEAFF	1
CASSLVPGRNEQFF	1
CASSLAAGHYEQYF	1
CASSLGSSSYNEQFF	1
CASSLGTSGRANTGELFF	1
CASSLTGFGLSSYNSPLHF	1
CASSLRLYEQFF	1
CASSLPTRTSGGLSSYNEQFF	1
CASSLGRLNAGELFF	1
CASSLTGSGLNEQFF	1
CASSLLGSRVAGELFF	1
CASSLLARGGELFF	1
CASSLQGSYGYTF	1
CASSLQGAKYGYTF	1
CASSLQTLSYNEQFF	1
CASSLGWDTDTQYF	1
CASSLGQGDTDTQYF	1
CASSLGGVGELFF	1
CASSLMARVGETQYF	1
CASSLRQGLAKNIQYF	1
CASSLKGWPQISNEQFF	1
CASSPFGNQPQHF	1
CASSPLQTSGSADTQYF	1
CASSPLGPRALSEQYF	1
CASSPLAGVDTQYF	1
CASSPPVEQTQYF	1
CASSPRIEANSPLHF	1
CASSPRGQVLYEQYF	1
CASSPQYRLQGFNYGYTF	1
CASSPGPTWGYTF	1
CASSPGIEDVQPQHF	1
CASSPILSGGPMYNEQFF	1
CASSPTDPLGTYNSPLHF	1
CASSPRRGNQPQHF	1
CASSPSPSRGLGDYRGYTF	1
CASSPSGGGRGYTF	1
CASSPSRETTQETQYF	1
CASSPYLRRTGELFF	1
CASSPLANQPQHF	1
CASSPLEGRGPLQYGYTF	1
CASSPLYPGTYEQYF	1
CASSPPWTPRQEVFF	1
CASSPPATWDEQFF	1
CASSPRPGADYEQYF	1
CASSPRTSGIYEQYF	1
CASSPRNEQFF	1
CASSPHSGLGYYEQYF	1
CASSPQSWVRGTEAFF	1
CASSPVRTDTYEQYF	1
CASSPADPTYEQYF	1
CASSPGNEQFF	1
CASSPGRSGQLLHEQFF	1
CASSPGTSGSWNTGELFF	1
CASSPGTGGPHGAGEQYF	1
CASSPGRSNTGELFF	1
CASSPGGMGTEAFF	1
CASSPEQAPTNGYTF	1
CASSPMQGYGELFF	1
CASSPTGGTGYTF	1
CASSPRFTGELFF	1
CASSPRAYYEQYF	1
CASSPRLAESNEQFF	1
CASSPNYRVSSTGELFF	1
CASSPKTGGGFYEQYF	1
CASSPWSGEQYF	1
CASSPWTGSLGYGNQPQHF	1
CASSPRASIDQSNQPQHF	1
CASSPVGGVGETQYF	1
CASSPAEVAGDEQYF	1
CASSPADRGNSPLHF	1
CASSPGQPSSYGYTF	1
CASSPGQGAYEQYF	1
CASSPDTSGLGEKLFF	1
CASSPIRTSEDEQYF	1
CASSPIKVQLGELFF	1
CASSPTGSTYEQYF	1
CASSPTGQKNIQYF	1
CASSPTGRERPTDTQYF	1
CASSPTGKYEQYF	1
CASSPSEGLVNSPLHF	1
CASSPNRELGGYTF	1
CASSPKGTSIKDTQYF	1
CASSPLGGNYGYTF	1
CASSPWNRGTDTQYF	1
CASSPPPQFNPSGNTIYF	1
CASSPHVGGRRTDTQYF	1
CASSPQAVNSYEQYF	1
CASSPQGGGNQPQHF	1
CASSPGGGSDTGELFF	1
CASSPGTQETQYF	1
CASSPGQLNTEAFF	1
CASSPDWTRTDTQYF	1
CASSPDLYGYTF	1
CASSPTGGTQYF	1
CASSPNNSPLHF	1
CASSRPRAYTGELFF	1
CASSRPGYYNEQFF	1
CASSRLGTGPPNTQYF	1
CASSRGGSGNEQFF	1
CASSRGDSYEQYF	1
CASSRELAGQDTQYF	1
CASSRTRTATDTQYF	1
CASSRKAGPYNEQFF	1
CASSRWGADTEAFF	1
CASSRLAGVGGELFF	1
CASSRGQGSQPQHF	1
CASSRDSAEAFF	1
CASSRDGAYEQYF	1
CASSRDRGLNQPQHF	1
CASSRTYNEQFF	1
CASSRTSGEKETQYF	1
CASSRTGVLYEQYF	1
CASSRTGNNQPQHF	1
CASSRRQGRNEQFF	1
CASSRKGYGNQPQHF	1
CASSRLAGANEQFF	1
CASSRPDTDTQYF	1
CASSRRDSTYEQYF	1
CASSRHIPTGGAYGYTF	1
CASSRQGYYEQYF	1
CASSRQGALPQHF	1
CASSRGTSVNEQFF	1
CASSRDLGEHSYNEQFF	1
CASSREGGTFRYTQYF	1
CASSRRLAGEQETQYF	1
CASSRNPGGELFF	1
CASSRNNQPQHF	1
CASSHFGGRGQETQYF	1
CASSHVVSGSTTDTQYF	1
CASSHGRSNQPQHF	1
CASSHGAGARSYEQYF	1
CASSHTNRGGYGYTF	1
CASSHRASGYSGTTYEQYF	1
CASSHRARKDEQYF	1
CASSHHRDRGLTGELFF	1
CASSHRRAGNTQYF	1
CASSQLSGRAYEQYF	1
CASSQPGNTYEQYF	1
CASSQHNRASYEQYF	1
CASSQGPTYEQYF	1
CASSQGRRGANQPQHF	1
CASSQGGEKLFF	1
CASSQDAKNIQYF	1
CASSQTPETQYF	1
CASSQFLAGPKTGELFF	1
CASSQSDRVSTDTQYF	1
CASSQWTGIETQYF	1
CASSQPGVGDEQFF	1
CASSQPTEGRYNEQFF	1
CASSQRTSGGNTGELFF	1
CASSQRSAGTYEQYF	1
CASSQRTGGNEQFF	1
CASSQQTPGLAGQQYF	1
CASSQVPGPLVTQYF	1
CASSQVAASSTDTQYF	1
CASSQVATGYNNEQFF	1
CASSQVGGAWETQYF	1
CASSQVGAEDYGYTF	1
CASSQVGQGLSYEQYF	1
CASSQVVAEETQYF	1
CASSQVAGVNTGELFF	1
CASSQASMGTEAFF	1
CASSQAGFTGELFF	1
CASSQANYEQYF	1
CASSQGNSADNEQFF	1
CASSQGAREQFF	1
CASSQGAGAYEQYF	1
CASSQGGDENEQFF	1
CASSQGGQGVNEQYF	1
CASSQGTPQQYF	1
CASSQGTDSNQPQHF	1
CASSQGSLSRTGELFF	1
CASSQGSGEQFF	1
CASSQGLAGWNEQFF	1
CASSQGQNYGYTF	1
CASSQGTGILRSPTQYF	1
CASSQDSVAVTGELFF	1
CASSQDPLPDPDTQYF	1
CASSQDPGTASWNTEAFF	1
CASSQDPSSGRPSYEQYF	1
CASSQDPTGTQYF	1
CASSQDRFRTNYGYTF	1
CASSQDRQGAEKLFF	1
CASSQDRGGDPLEQFF	1
CASSQDRDLAYVETQYF	1
CASSQDQGTGSYEQYF	1
CASSQDGQGYGETQYF	1
CASSQDKSGGAYEQYF	1
CASSQDPHPSGGADTQYF	1
CASSQDSFGLAGIMYEQYF	1
CASSQEYHDYEQYF	1
CASSQEPQGAYGYTF	1
CASSQEGQLETQYF	1
CASSQESLGGGTDTQYF	1
CASSQIRDNQPQHF	1
CASSQTPTSAIPNEQFF	1
CASSQTRDEGYEQYF	1
CASSQTIRVTYEQYF	1
CASSQNPPGLAGQSQYF	1
CASSQNVGGEKLFF	1
CASSVGGGASYEQYF	1
CASSVRLYNEQFF	1
CASSVGATGKEQYF	1
CASSVETQYF	1
CASSVTGLAGQQETQYF	1
CASSVRSGGPNEQFF	1
CASSVDRASTDTQYF	1
CASSVTHRDTQYF	1
CASSVLAGVGGNIQYF	1
CASSVRSGTSGRETQYF	1
CASSVVALSSYNEQFF	1
CASSVVSGDTQYF	1
CASSVALADEQFF	1
CASSVAGQFLETQYF	1
CASSVGGAYNEQFF	1
CASSVGEQFF	1
CASSVGQMETQYF	1
CASSVDQGTYEQYF	1
CASSVDGRGETQYF	1
CASSVDDGELFF	1
CASSVEGPETQYF	1
CASSVEGREDEQYF	1
CASSVILGAEQYF	1
CASSVRQSLDNEQFF	1
CASSVRTGLASTDTQYF	1
CASSVRQVAGELFF	1
CASSAERTYEQYF	1
CASSAFLPGSYEQYF	1
CASSAYSGGKNEQFF	1
CASSALTSGGYNEQFF	1
CASSAPVGADTQYF	1
CASSAGDRIAKNIQYF	1
CASSAMRGLASNTGELFF	1
CASSARNTGSEQYF	1
CASSANLAGEGDTQYF	1
CASSAGGAGTDTQYF	1
CASSATGGGQPQHF	1
CASSGWDSSYEQYF	1
CASSGYNEQFF	1
CASSGGTSGRSSYEQYF	1
CASSGTQYTDTQYF	1
CASSGRDSRNTEAFF	1
CASSGTRENEQYF	1
CASSDLLRVAFF	1
CASSDSGDPSPYEQYF	1
CASSDLHSGRMYEQYF	1
CASSDGQMRNQPQHF	1
CASSEGPLNEQFF	1
CASSEDRGHENEQFF	1
CASSETGYYEQYF	1
CASSETGPANYGYTF	1
CASSESGRGTGELFF	1
CASSESSFYNEQFF	1
CASSIPTENVIHEQYF	1
CASSIDRGRSEAFF	1
CASSMNSYEQYF	1
CASSIPPPGAYEQYF	1
CASSTPQDTQYF	1
CASSTPGGDTQYF	1
CASSTRDPYNEQFF	1
CASSTQTGSEQFF	1
CASSTQNTGELFF	1
CASSTGGTDEQYF	1
CASSTGLVETQYF	1
CASSTTEGAGELFF	1
CASSTSGTRGTGELFF	1
CASSTLTSGDEQYF	1
CASSTRRTRNQPQHF	1
CASSTQQGRGYNEQFF	1
CASSTDRGDTQYF	1
CASSTTETQYF	1
CASSSYRVVNTEAFF	1
CASSSGRGGLVGELFF	1
CASSSGAANTEAFF	1
CASSSGLGLADYEQYF	1
CASSRGEYNSPLHF	1
CASSRGDRENQPQHF	1
CASSRDNQETQYF	1
CASSRTGNQPQHF	1
CASSRLVGEQYF	1
CASSNRDVANYGYTF	1
CASSNRQGRTQYF	1
CASSNNPGDEQFF	1
CASSKDRPYEQYF	1
CASSKTGTPAYQETQYF	1
CASSKRSTEGRSSYNSPLHF	1
CASSKRFAGGPDTQYF	1
CASSKVRQWKTQYF	1
CASSKARTGEETQYF	1
CASSKAAGGIEQYF	1
CASSKGLAGKNEQFF	1
CASSKTRDYLYF	1
CASSKTRTSGGTQYF	1
CASRFSGSTDTQYF	1
CASRLGAHYGYTF	1
CASRSGGLAAPSYEQYF	1
CASRSREIPYNEQFF	1
CASRYRGVNTGELFF	1
CASRLNRQGPETQYF	1
CASRLGLEAGYEQFF	1
CASRPTGALGIGYTF	1
CASRPTGIWELFF	1
CASRPYVGVFKQYF	1
CASRPRTGVGQPQHF	1
CASRPTSGGDNEQFF	1
CASRPTGNEQYF	1
CASRPLAGATGELFF	1
CASRPPGHSQETQYF	1
CASRRQENEQYF	1
CASRRGGGYNSPLHF	1
CASRVGQGAIF	1
CASRVTSEETQYF	1
CASRAGVYEQYF	1
CASRAAGAVHQPQHF	1
CASRGSYNSPLHF	1
CASRGGQETQYF	1
CASRGDTSYGYTF	1
CASRGTGPNEQFF	1
CASRGLAGVRDTQYF	1
CASRGQGFGNTIYF	1
CASRGQEMNTEAFF	1
CASRDRGRGSYEQYF	1
CASREAEQFF	1
CASREGRLLYEQYF	1
CASREAGGYNEQFF	1
CASRMDGNYEQYF	1
CASRIAGGADTQYF	1
CASRTRRDGYTF	1
CASRTGGTDTQYF	1
CASRTGTEETEAFF	1
CASRSGTGSTGELFF	1
CASRRATGFLNTQYF	1
CASRRDSLYGYTF	1
CASRKDSRNTGELFF	1
CASRSGAYETQYF	1
CASRSDSTYEQYF	1
CASRYTTAEAFF	1
CASRLAGDLTQYF	1
CASRPTLGTDTQYF	1
CASRPLGSPYEQYF	1
CASRPSGTYEQYF	1
CASRPRTTSYNEQFF	1
CASRPGSLPSYEQYF	1
CASRRATLGSYEQYF	1
CASRRTNANTGELFF	1
CASRRRPDTLNIQYF	1
CASRALGSHNEKLFF	1
CASRGGGEVFGETQYF	1
CASRGTSTYEQYF	1
CASRGTAYNSPLHF	1
CASRDAGRNEQFF	1
CASRDTFSYEQYF	1
CASRMTLGHHYEQYF	1
CASRTMVNTQYF	1
CASRTSGGAAYEQYF	1
CASRTRQNTEAFF	1
CASRTIAGENYNEQFF	1
CASRTGTSGLQETQYF	1
CASRTGDTQYF	1
CASRRMWQGVNQPQHF	1
CASRNRPGQVRSNEQFF	1
CASNTGQGGQPQHF	1
CASNFVGGPYEQYF	1
CASNSYNEQFF	1
CASNYGRPNSPLHF	1
CASNYGGPFSGNTIYF	1
CASNLQSGPYNEQFF	1
CASNPGTVNTEAFF	1
CASNPTGLKTQYF	1
CASNPDPGTAAIQYF	1
CASNGGANNEQFF	1
CASKFREGNQPQHF	1
CASKRDQPYEQYF	1
CASKGGGETQYF	1
CASKESLPDTQYF	1
CASKEDSPLHF	1
CASKILADTQYF	1
CASKTGSYEQYF	1
CASKTDLNEQFF	1
CASKKQGAGRVGEQFF	1
CASKLRGGGYYNEQFF	1
CASKLSGIQETQYF	1
CASKPGLSSYEQYF	1
CASKHGTGVNQPQHF	1
CASKGGMSTDTQYF	1
CASKDRDRHTGELFF	1
CASKTMGSGGAYTGELFF	1
CASKTAGDTEAFF	1
CARGRAGRGRRNTEAFF	1
CARLNIRGARNSPLHF	1
CANSRPGGEADTQYF	1
CAVPKPGTRLSETQYF	1
CAAGGTGELFF	1
CATSLAGVYYNEQFF	1
CATALLRGGDDTGELFF	1
CATALAGEYNEQFF	1
CASHLTGYNEQFF	1
CASGANTDTQYF	1
CASRPSGGTEAFF	1
CASRSEPGTPIDEQYF	1
CASRSGLDYNEQFF	1
CASSWVVNTEAFF	1
CASLRREYNEQFF	1
CASLDGNTGELFF	1
CASLTGTSGTGELFF	1
CASRQGVAEAFF	1
CASRINQGAGELFF	1
CASHLGSGTDTQYF	1
CASQDRSNTGELFF	1
CASARGGETSFRADTQYF	1
CASAHLVITGLAGSENIQYF	1
CASGSWTDTYEQYF	1
CASGAGFGSGELFF	1
CASERTSGYNEQFF	1
CASILGDRSNTGELFF	1
CASIRLAGNTGELFF	1
CASMERQGRWSNQPQHF	1
CASMIAGGPTGELFF	1
CASTLAGDLWNEQFF	1
CASTGQWNTEAFF	1
CASTPTGNYGYTF	1
CASTPGMVGYEQYF	1
CASTPGQGYYNEQFF	1
CASTRNTEAFF	1
CASTREGAYEKLFF	1
CASTGLAGVETQYF	1
CASSSWDRKNTGELFF	1
CASSSPGESGQYF	1
CASSSGPEQYF	1
CASSPGLAGVNEQFF	1
CASSPTSVNEQFF	1
CASSPDSATNEKLFF	1
CASSPSLDTGELFF	1
CASSPTSVTQYF	1
CASSVRNRWGKVGELFF	1
CASSALGGPQHF	1
CASSARQTGDEQYF	1
CASSGRRDRAPLNPYEQYF	1
CASSDWGQETQYF	1
CASSDGQGGYEQFF	1
CASSDSASGSYEQYF	1
CASSDGADIREQFF	1
CASSDGRPLTDTQYF	1
CASSDDEQYF	1
CASSESGGGRYNEQFF	1
CASSESLGVMYEQYF	1
CASSESGDRGNREQYF	1
CASSESIPYNEQFF	1
CASSESTPGYEKLFF	1
CASSESGGEETQYF	1
CASSESTSGSYNEQFF	1
CASSEPAGSRDEQYF	1
CASSETRDLVKGSNQPQHF	1
CASSTPYNEQFF	1
CASSTGGYNEQFF	1
CASSFYRGPYEQYF	1
CASSFPGALESGELFF	1
CASSFGTEFYSNQPQHF	1
CASSFDDDGYTF	1
CASSFETSGLNTGELFF	1
CASSFTLGINYGYTF	1
CASSFTGEFGYGYTF	1
CASSFFQVNTGELFF	1
CASSFLQGSYNEQFF	1
CASSFSGAGELFF	1
CASSFLGGQSENTEAFF	1
CASSFPWEEDTQYF	1
CASSFRTSGRTGELFF	1
CASSFQGGMNTEAFF	1
CASSFQSGSYEQYF	1
CASSFAGGESYGYTF	1
CASSFNSGNTIYF	1
CASSLSPGEGVSGNTIYF	1
CASSLSVGEQFF	1
CASSLSRYYGYTF	1
CASSLSQGVTGELFF	1
CASSLWPNEQFF	1
CASSLWEQDEQFF	1
CASSLYRVEQFF	1
CASSLPVGQAYEQYF	1
CASSLPGGALRPQHF	1
CASSLVFSVGGRDIQYF	1
CASSLVFGGLQSTYEQYF	1
CASSLVGAETNTGELFF	1
CASSLVTGGIDTQYF	1
CASSLVGPITGFF	1
CASSLVWIGTGRGSTEAFF	1
CASSLVQGANSGNTIYF	1
CASSLVRQGTGATNEKLFF	1
CASSLVGTGHTGELFF	1
CASSLVEAGNTIYF	1
CASSLAFRGRKNTEAFF	1
CASSLALYPDNEQYF	1
CASSLAGVANEKLFF	1
CASSLASLAGGPWNEQFF	1
CASSLAPTGSNTEAFF	1
CASSLARTRGDTQYF	1
CASSLAVSYEQYF	1
CASSLAARRTEAFF	1
CASSLAAGLNYGYTF	1
CASSLAGGRGNTIYF	1
CASSLAGGNIQYF	1
CASSLASGPSTDTQYF	1
CASSLARASTGELFF	1
CASSLANGASYTF	1
CASSLAKGFADTQYF	1
CASSLAFSNYGYTF	1
CASSLAFNEQFF	1
CASSLARVWGFSNQPQHF	1
CASSLAAAYEQYF	1
CASSLAGVSPNTEAFF	1
CASSLAEKIGTSGEAYEQYF	1
CASSLGVGTDTQYF	1
CASSLGGQTVDTQYF	1
CASSLGGIRGEQYF	1
CASSLGTGELFF	1
CASSLGNSNQPQHF	1
CASSLGPYSNQPQHF	1
CASSLGRGQPQHF	1
CASSLGVTNYGYTF	1
CASSLGADFVANYGYTF	1
CASSLGGGPTLGSPLHF	1
CASSLGRIMNTEAFF	1
CASSLGKNTEAFF	1
CASSLGSHTNTGELFF	1
CASSLGAGYEQYF	1
CASSLGDGGSNSPLHF	1
CASSLGDRGSEQYF	1
CASSLGISGQGRDGYTF	1
CASSLGTGSNTEAFF	1
CASSLGLQSTSTDTQYF	1
CASSLGPGREMGEQFF	1
CASSLGQSSGNTIYF	1
CASSLGGRGDQPQHF	1
CASSLGIGNEQFF	1
CASSLDLAVTDTQYF	1
CASSLDPGGADGYTF	1
CASSLDRGSNQPQHF	1
CASSLDRTSGPRDTQYF	1
CASSLDGSNQPQHF	1
CASSLDTYNYGYTF	1
CASSLDLQGLGTEAFF	1
CASSLDPGSYRAYEQYF	1
CASSLDQASGSTDTQYF	1
CASSLDAGNTGELFF	1
CASSLDGGPGQPQHF	1
CASSLDGNDYEQYF	1
CASSLDGTGFGYTF	1
CASSLDGIGELFF	1
CASSLDRAGDTQYF	1
CASSLDRASHEQYF	1
CASSLDRGSTGELFF	1
CASSLDRGHGGELFF	1
CASSLDRPIEAFF	1
CASSLEYRPLYGYTF	1
CASSLEAGAGDTQYF	1
CASSLEGNQPQHF	1
CASSLEGQGIDTQYF	1
CASSLETPEGEQYF	1
CASSLEAGGLANTGELFF	1
CASSLIPQGRTLAKNIQYF	1
CASSLMGNGKTVYNSPLHF	1
CASSLTENTEAFF	1
CASSLTGTANTEAFF	1
CASSLTGGTNEQFF	1
CASSLTINQPQHF	1
CASSLTTRGGWDGYTF	1
CASSLRGYNEQFF	1
CASSLRPTYEQYF	1
CASSLRDDIQYF	1
CASSLNQGAEDTQYF	1
CASSLNQADTGELFF	1
CASSLKGGFLRNTEAFF	1
CASSLLTDTQYF	1
CASSLLEGQAIDTQYF	1
CASSLPEGSQPEAFF	1
CASSLRGTGGNEQFF	1
CASSLVAGTSGGAFINEQFF	1
CASSLAGFGYTF	1
CASSLGPNTEAFF	1
CASSLGQGKDTQYF	1
CASSLMTVSYEQYF	1
CASSLRTAYGYTF	1
CASSSGQGSQYF	1
CASSSILGQGGHGYTF	1
CASSSTSAGELFF	1
CASSSLLGGNTGELFF	1
CASSSRDYNTGELFF	1
CASSSAPGRVDTDTQYF	1
CASSSGTGWSYEQYF	1
CASSSDYSSTDTQYF	1
CASSSERGGWTDTQYF	1
CASSSNLGFEQFF	1
CASSSGLTGELFF	1
CASSSGQSPNSPLHF	1
CASSSGQGHEQYF	1
CASSSTSLADTQYF	1
CASSSLAVHEQYF	1
CASSSRDSSSYNSPLHF	1
CASSSVSGQETQYF	1
CASSSVSTDTQYF	1
CASSSGLDGELFF	1
CASSSTSLLTGELFF	1
CASSSRSMGGRYTDTQYF	1
CASSSNRARSVDTQYF	1
CASSWSVGDTDTQYF	1
CASSWSGVSGEQFF	1
CASSWAPGQGSTGELFF	1
CASSWATGRTNSPLHF	1
CASSWGGVLNTEAFF	1
CASSWGDGTDTQYF	1
CASSWDTPYEQYF	1
CASSWESSYNSPLHF	1
CASSYPVSGSNEQYF	1
CASSYDGSYEQYF	1
CASSYNRARELFF	1
CASSYANSATNEKLFF	1
CASSYGTGATNEKLFF	1
CASSLEVSYEQYF	1
CASSLKEDYEQFF	1
CASSLGYGIPDTQYF	1
CASSLTPPPAVAGELFF	1
CASSLRLAGERETQYF	1
CASSLGLDYEQYF	1
CASSLPGTGVNYGYTF	1
CASSLRERGNEQFF	1
CASSLRQGNYGYTF	1
CASSPAPSTEAFF	1
CASSPGAGGPSYEQYF	1
CASSPSEGTYNEQFF	1
CASSPSSRLAGIETQYF	1
CASSPLLTEWTGELFF	1
CASSPLPGDGQFF	1
CASSPPGGKKLGTGELFF	1
CASSPPSPNYGYTF	1
CASSPRSGSVDEQYF	1
CASSPVPGAQYF	1
CASSPGVLTDTQYF	1
CASSPGTGVPIYEQYF	1
CASSPGTGGEPQHF	1
CASSPGTDYNEQFF	1
CASSPGGVGYTF	1
CASSPLGGAETGYTF	1
CASSPPDREGSPLHF	1
CASSPRGNEQFF	1
CASSPRDSGGTGELFF	1
CASSPRLEPYNEQFF	1
CASSPASANMGHGELFF	1
CASSPGRGLSTGELFF	1
CASSPDWGNEQFF	1
CASSPDRGESPLHF	1
CASSPERGLRSDTQYF	1
CASSPTPTSEVGDEQFF	1
CASSPTGTGVFETQYF	1
CASSPTGGGNQPQHF	1
CASSPRTGGATDTQYF	1
CASSPNFARDGVTRGYTF	1
CASSPSTGTGSYGYTF	1
CASSPRTGYGNGYTF	1
CASSPGLASNNEQFF	1
CASSPTHPGTGELFF	1
CASSPTGLVSSEQYF	1
CASSPNSGRNTGELFF	1
CASSRDRGEVYGYTF	1
CASSRSGNYEQYF	1
CASSRLGNTGELFF	1
CASSRTPPSGANNSPLHF	1
CASSRSSGESTDTQYF	1
CASSRFRGQMNTEAFF	1
CASSRGTGELFF	1
CASSRGKETQYF	1
CASSRGPGQGHNEQFF	1
CASSRDGPGNTEAFF	1
CASSRDRGPSPLHF	1
CASSRMPGPGADTQYF	1
CASSRTLATGYNEQFF	1
CASSHPDEQFF	1
CASSHRWGRGGQSRETQYF	1
CASSHHTFRGPNTGELFF	1
CASSHKTESSYEQYF	1
CASSHLARQDTGGTEAFF	1
CASSHPEDQATDTQYF	1
CASSHGSVSSYEQYF	1
CASSHTRGESGYTF	1
CASSQLADRATGELFF	1
CASSQASGTLSF	1
CASSQGRGGAVSKEKLFF	1
CASSQGAVTTSYEQYF	1
CASSQGQGHDYGYTF	1
CASSQGNRGVFYNEQFF	1
CASSQILGTSRTDTQYF	1
CASSQTGTGAFEQFF	1
CASSQTNYYEQYF	1
CASSQSRDTQYF	1
CASSQRLAELSYEQYF	1
CASSQKFSIGTRQETQYF	1
CASSQLSVVGTSYEQYF	1
CASSQLQGADQPQHF	1
CASSQSQGLNTEAFF	1
CASSQPGTRAYNEQFF	1
CASSQPLRTPNTGELFF	1
CASSQVPRDRGYEQYF	1
CASSQVPQRADTQYF	1
CASSQVRAGSKTQYF	1
CASSQVQGAEYEQYF	1
CASSQVATTQNEQFF	1
CASSQVYVNTGELFF	1
CASSQVAGAGYNEQFF	1
CASSQVGQGTRNEQFF	1
CASSQVTGNNQPQHF	1
CASSQVTHSQETQYF	1
CASSQVRRGSQYF	1
CASSQVAGVAGSTDTQYF	1
CASSQVDWRGTSPLHF	1
CASSQVRLTGELFF	1
CASSQAYSGSSYEQYF	1
CASSQAQQSTQYF	1
CASSQAGTGTYEQYF	1
CASSQAGGQDEQFF	1
CASSQGDGTGGSYEQYF	1
CASSQGPPPLLEEQFF	1
CASSQGHWGQPQHF	1
CASSQGLGGKGFF	1
CASSQGAREEETQYF	1
CASSQGGDGPEQFF	1
CASSQGTNSNTDTQYF	1
CASSQGTFQVETQYF	1
CASSQGTGWGNTGELFF	1
CASSQGRREGLYEQYF	1
CASSQGLNNYEQYF	1
CASSQGHTEAFF	1
CASSQGTLAGAYNEQFF	1
CASSQDSSPASDRLGEQYF	1
CASSQDLGPSTDTQYF	1
CASSQDPPYRMNTEAFF	1
CASSQDRARGATEAFF	1
CASSQDRTGVYEQYF	1
CASSQDHRTGVGKGEQYF	1
CASSQDQAIWTGELFF	1
CASSQDGTVGLYEQYF	1
CASSQDTGRETQYF	1
CASSQDSYEQYF	1
CASSQDLGQLINEQFF	1
CASSQDRWADRPPETQYF	1
CASSQDGAGGSTDTQYF	1
CASSQESTSGGVNTQYF	1
CASSQEWERYEQYF	1
CASSQELGNEQYF	1
CASSQEDRMETQYF	1
CASSQETGSAYEQYF	1
CASSQEKVGGYNEQFF	1
CASSQEWDTSYEQYF	1
CASSQELGTASAEQYF	1
CASSQEVLLDTQYF	1
CASSQEAYTVYNEQFF	1
CASSQILWETQYF	1
CASSQIRQGTVYEQYF	1
CASSQILGYEQYF	1
CASSQTRTGINEQFF	1
CASSQRHGRVDNEQFF	1
CASSQRAGTQETQYF	1
CASSQKLAEYNEQFF	1
CASSVGQGAIDTGELFF	1
CASSVDIGDSGTYEQYF	1
CASSVSGDTDTQYF	1
CASSAAPGQGNFF	1
CASSAGTAYEQYF	1
CASSARAGETGELFF	1
CASSAGGEQYF	1
CASSARTSTDTQYF	1
CASSALQDDEQYF	1
CASSAKLAGEGDTQYF	1
CASSGEGHIQYF	1
CASSGRGLNTEAFF	1
CASSGQGGEKLFF	1
CASSGGTSEITDTQYF	1
CASSGGQSTDTQYF	1
CASSGDSLVGRKSYEQYF	1
CASSGDSLNEQFF	1
CASSGIDRDNEQYF	1
CASSGQLVLDEQFF	1
CASSGGQGFDTQYF	1
CASSGINRGYSYNEQFF	1
CASSDRQGPYNEQFF	1
CASSDQAVGPKNIQYF	1
CASSDAYEQYF	1
CASSDNGGGGGEKLFF	1
CASSDRDSTNQPQHF	1
CASSERPGPYGYTF	1
CASSEEQGWSTDTQYF	1
CASSIRGDEQYF	1
CASSIGQGGSGNTIYF	1
CASSIEQANTGELFF	1
CASSIPRDRGNDGELFF	1
CASSIGPGAGELFF	1
CASSMRGPYEQYF	1
CASSTLDGDGYTF	1
CASSTRDSVPIEAFF	1
CASSTDPGGTEKLFF	1
CASSTKQGSYNEQFF	1
CASSTGGTEAFF	1
CASSRALNTGELFF	1
CASSRGKNGYTF	1
CASSKDREIYEQYF	1
CASSKTTGWDTEAFF	1
CASSKTSGNYNEQFF	1
CASRLGPGSTQPQHF	1
CASRPGQPNTGELFF	1
CASRVGVDSPLHF	1
CASRAASNQPQHF	1
CASRGDSNQPQHF	1
CASRGLASQDTQYF	1
CASRETGFMNTEAFF	1
CASRTGTGRYEQYF	1
CASRTENYEQYF	1
CASRLSPSGAGPFQSGKSSPLHF	1
CASRGVSAYEQYF	1
CASRTGTASNQPQHF	1
CASNLRGYNSPLHF	1
CASNIAGEETQYF	1
CASNGLAGGGETQYF	1
CASNDQGASYNEQFF	1
CASKPGTNYGYTF	1
CASKDRVSADTQYF	1
CASKAQGRADTQYF	1
CANSPQGQPQHF	1
CGGVGAGNTIYF	1
CSLGQTLNYGYTF	1
CSPGLAGEGDEQYF	1
CSVTAPGQGDYGYTF	1
CSVGGWGRGNQPQHF	1
CSAFLGTSGRYTQYF	1
CSAFDRGPSYEQYF	1
CSALEPPDYGYTF	1
CSASSGQGVYEQYF	1
CSAWGGLYEQYF	1
CSAWTRSIPGELFF	1
CSAYRRDVPRGYTF	1
CSAYRDVINNEQFF	1
CSALRGPDTQYF	1
CSALKWDRPPPREQYF	1
CSALRRERFPDTQYF	1
CSAPATGRANTGELFF	1
CSAPGQAKQYF	1
CSAPSGFSYEQYF	1
CSAPLQREGDTQYF	1
CSAPRLATSNEQFF	1
CSAPRSGTGLETQYF	1
CSAPGTSGVTDTQYF	1
CSARPVSLNTEAFF	1
CSARLAPGGGQFF	1
CSARGLNNEQFF	1
CSAVGLADYNEQFF	1
CSAAGQGGHEQFF	1
CSAGRLDLGYTF	1
CSAGRGRINEKLFF	1
CSAGAKVAGGPRETQYF	1
CSAGTSYGTDTQYF	1
CSADTGPSSGNTIYF	1
CSAIVPPLQETQYF	1
CSAIIGGIAETQYF	1
CSAILAVEGYNEQFF	1
CSAIGSFRQADTQYF	1
CSAMGGRHGYTF	1
CSATPRRGGTQYF	1
CSATSGGTQETQYF	1
CSATSGRATGELFF	1
CSATLARGASNEQFF	1
CSATPRRDRYYNEQFF	1
CSATDSYEQYF	1
CSATPPLELAGDVDTQYF	1
CSATQGKLAKNIQYF	1
CSASFWGTYEQYF	1
CSASYVSGNIQYF	1
CSASLVLAGVQETQYF	1
CSASPTDFYGTF	1
CSASRTWTARPGDIQYF	1
CSASGPSTGESGGYTF	1
CSASEPQHF	1
CSASRGQSSYNEQFF	1
CSASKASPLETQYF	1
CSASFRAVGNSPLHF	1
CSASWQGPVEQFF	1
CSASYHLAGGFDEQFF	1
CSASLGVVKNIQYF	1
CSASPREDEQYF	1
CSASRQTGGQSPLHF	1
CSASRSEPNEQFF	1
CSASGGRTSYEQYF	1
CSASGPREYF	1
CSASGTANSPLHF	1
CSARFGDTQYF	1
CSARSGVNTGELFF	1
CSARSVSNEQFF	1
CSARPGPGDQYF	1
CSARALHEQYF	1
CSARASGSLSYEQYF	1
CSARGPSDGHEVTDTQYF	1
CSARGSSTDTQYF	1
CSARGGGTYEQYF	1
CSARDPGVYEQYF	1
CSARDRGEQFF	1
CSAREDSYSNQPQHF	1
CSARIGFQATQYF	1
CSARSSGLYNEQFF	1
CSARSALSSGFTDTQYF	1
CSARRQGNMNTEAFF	1
CSARREPEHEQFF	1
CSARNLGGPQFF	1
CSARKLAGAYNEQFF	1
CSARFPAGADNEQFF	1
CSARLVEYEQYF	1
CSARWVLAGFYEQYF	1
CSARWGRGPSNQPQHF	1
CSARWGHPGRETQYF	1
CSARWGDYGYTF	1
CSARPSFLGLASHEQYF	1
CSARRGARIYTQYF	1
CSARRLAGVYEQYF	1
CSARQGSGEQYF	1
CSARVQRAYNEQFF	1
CSARVAGYNEQFF	1
CSARVTWGSEQFF	1
CSARVTGGAYQPQHF	1
CSARVRGQEHTGELFF	1
CSARVEEGATYEQYF	1
CSARVRGLVPYNEQFF	1
CSARVSARTDTQYF	1
CSARVGGLTDTQYF	1
CSARARGTNYGYTF	1
CSARGSGNQPQHF	1
CSARGPGQAVQFF	1
CSARGLDRGEDEQFF	1
CSARGLWETQYF	1
CSARGRREAYTDTQYF	1
CSARGGTGNTEAFF	1
CSARGHKNSNQPQHF	1
CSARGTETGLYSNQPQHF	1
CSARDSRKGWDYGYTF	1
CSARDWDKYYNEQFF	1
CSARDYERDPTDTQYF	1
CSARDLILGQHTDTQYF	1
CSARDLAGWSSYEQYF	1
CSARDLAGKGYTF	1
CSARDPSGGTYEQYF	1
CSARDPRTGDTEAFF	1
CSARDPREYQETQYF	1
CSARDPQSTNEKLFF	1
CSARDPMDGQFF	1
CSARDPTGNEQFF	1
CSARDVNFYEQYF	1
CSARDGAVYEQYF	1
CSARDGDRLYGYTF	1
CSARDEREGRRFF	1
CSARDIQSQETQYF	1
CSARDSGSDYEQYF	1
CSARDNRGLHNSPLHF	1
CSARDSYRGIFEQYF	1
CSARDLRDTKNIQYF	1
CSARDTGSGGHVDTQYF	1
CSARERGGLIYEQYF	1
CSARETGHNSPLHF	1
CSAREPGKGYTF	1
CSAREHTGARPQHF	1
CSAREQAGNYGYTF	1
CSARISYEQYF	1
CSARIRGSVGELFF	1
CSARSGLGNQPQHF	1
CSARRQTGLSGELFF	1
CSARRSGTSYNEQFF	1
CSARKGNQPQHF	1
CSARKPPGQGFTDTQYF	1
CSANDRGTDEQYF	1
CSANNRQTYEQYF	1
CSAKAGGTDTQYF	1
CSAKEMAPNEQFF	1
CSAKRNRDHNRVQETQYF	1
CSAKQGYTEAFF	1
CSAKGLAPNEYEQYF	1
CSAKSGDSTDTQYF	1
CSASTSGNTYEQYF	1
CSALDWKKETQYF	1
CSALDDSQYGYTF	1
CSAPQGETYEQYF	1
CSAPLKLAVLTDTQYF	1
CSAPGSGLGNTIYF	1
CSAPGLVNTGELFF	1
CSAPGLAGGQGDTQYF	1
CSARGAGVNEQFF	1
CSAHGGMGYTF	1
CSAHGLIFSGNEQFF	1
CSAQQPLGRAYRGAPYSPLHF	1
CSAASGTGYQETQYF	1
CSAAGAEDGYTF	1
CSAGDRINEQFF	1
CSAELREQASYEQYF	1
CSATSGISQETQYF	1
CSASGTPGGNEQFF	1
CSAKTTRDWGYNEQFF	1
CSAPDSSDSQPQHF	1
CSAPRLPSNEQFF	1
CSARTPTGITTDTQYF	1
CSAGDIQRGEKLFF	1
CSAEPRDRGTDTQYF	1
CSAKDRGRWSEQFF	1
CSAGSYEQYF	1
CSAGTGASYEQYF	1
CSAKAGTFTYEQYF	1
CSGAGLAGEQYF	1
CSGEGTRGRRKAFF	1
CSGIPVDYAKNIQYF	1
CSTYRASNQPQHF	1
CSLAGGGEQYF	1
CSVFRRGQETQYF	1
CSVFGNYEQYF	1
CSVLGTSGRPPYEQYF	1
CSVSAANKNEKLFF	1
CSVPGALTGELFF	1
CSVRPDRVSIQYF	1
CSVVGTVSYEQYF	1
CSVVLALTGELFF	1
CSVVVGGRNLLEQYF	1
CSVVGGSYEQYF	1
CSVVDPYYTEAFF	1
CSVVGREGYTF	1
CSVASGWAQNIQYF	1
CSVAHPRGEAKNIQYF	1
CSVAGQGIEEQFF	1
CSVGGSPQETQYF	1
CSVGWTRQETQYF	1
CSVGLRAGEQFF	1
CSVGQETQYF	1
CSVGVRGNGRALYEQYF	1
CSVGEHEQYF	1
CSVGDSPQETQYF	1
CSVDNGGGKDLSSYEQYF	1
CSVDPSPAGNREQFF	1
CSVDVRELNEQFF	1
CSVDGVNQETQYF	1
CSVEGGGTTDTQYF	1
CSVESRVGDEQFF	1
CSVEPTSVSTDTQYF	1
CSVEVQGYTF	1
CSVEVVATGGYGYTF	1
CSVEVGVRNTGELFF	1
CSVEAAGTGVIGELFF	1
CSVEAGSYNEQFF	1
CSVEGRGLGIGELFF	1
CSVEGAPGLASSEQFF	1
CSVEGAGQSHSYNEQFF	1
CSVEGEVGAKSYNEQFF	1
CSVEDPGSGGTDTQYF	1
CSVEDRTSKGELFF	1
CSVEDQVTPDGNEQFF	1
CSVEDGAKREAFF	1
CSVEEQGFYEQYF	1
CSVEEGSYEQYF	1
CSVEEAGGLSGTDTQYF	1
CSVIGTTSRSRHNEQFF	1
CSVSGRGGGTGELFF	1
CSVKGTSGYEQYF	1
CSVSSGQHYEQYF	1
CSVSTGQSYEQYF	1
CSVPLGGETEAFF	1
CSVHRRGLVDTDTQYF	1
CSVHDNEQFF	1
CSVVSGTSSYNEQFF	1
CSVGVVYNEQFF	1
CSVGLLNSYEQYF	1
CSVDIGTDSTDTQYF	1
CSVEDRSSYNEQFF	1
CSVTPGEGQETQYF	1
CSVSLGGGDEQFF	1
CSVRTGGKANEQFF	1
CSVAGTGVSYEQYF	1
CSVGGTAETQYF	1
CSVETRDYYEQYF	1
CSVTSGKYNEQFF	1
CSVSISPSNTGELFF	1
CSVGDSSYEQYF	1
CSVDGTPPDQETQYF	1
CSVKEGGRTMNDEQFF	1
CSAQVPNYEQYF	1
CSAEAGTGGWETQYF	1
CSATRESYEQYF	1
CSARLVGETQYF	1
CSASGTGQRNYGYTF	1
CSARDTAKGEQYF	1
CSAQKGPQRNEQFF	1
CSAQHLDNHEQFF	1
CSGGAGGTDTQYF	1
CSGITGDSNQPQHF	1
CSGGTSGGLMAQYF	1
CSIIQYF	1
CSISHSGIPYEQYF	1
CSIPWADRDYGYTF	1
CRVALDTDTQYF	1
WGEPARDEQFF	1
RASALGGTEDYEQYF	1
RASSFREVPWNEQFF	1
RASSLTFEGYEQYF	1
RASSLKVRPSGGNGEQYF	1
RASSPPRLAGEPYEQYF	1
RASSPRTGGDDGYTF	1
RASSPPGREEETQYF	1
RASSKSGRVYNEQFF	1
CALSAGGALANEQFF	2
CAWSRISGSYEQYF	2
CATNPRQALAQYF	2
CASTPTGVSSYEQYF	2
CASSLGETQYF	2
CASSLSNFHEQYF	2
CASSSQKPGTNQETQYF	2
CASSLGRRGIRTGSYNEQFF	2
CASSESGAFNQPQHF	2
CASSLVRGSYGYTF	2
CASSLGVGFYEQYF	2
CASSLAGRRETQYF	2
CASSLEGRGTPEQFF	2
CASSLETLLVPSSYEQYF	2
CASSSRQELYGYTF	2
CASSSGLAGSTGELFF	2
CASSLRPPGQLNYGYTF	2
CASSPGRGLYEQFF	2
CASSVQGHIQYF	2
CASSRERGGGEQYF	2
CASSFTDRDNEQFF	2
CASSFRGTGNYEQYF	2
CASSLASSGSRSDDNEQFF	2
CASSLAGLSGETQYF	2
CASSLDGETQYF	2
CASSLDSANEQFF	2
CASSPGPSNTEAFF	2
CASSAGTSFYEQYF	2
CASSREYSYNEQFF	2
CARETTNETQYF	2
CASLTGSTYEQYF	1
CASSFGPGGTAQDLETQYF	1
CASSLGGSAGQETQYF	1
CASSLSYNGELFF	1
CASSLGREGRNEQFF	1
CASSLGSQKGETQYF	1
CASSSGGGSETQYF	1
CASSAEEGYLTGELFF	1
CASQEMAGGETQYF	1
CACSRDRANTEAFF	1
CAWALGLAGNEQFF	1
CAWETGTNEKLFF	1
CAWSPGATNEKLFF	1
CAWSRGLGRGKTQYF	1
CAWSQAGNNEQFF	1
CAWSVGRRLTEAFF	1
CAWSVLTVHGYTF	1
CAWSVRGTRQPQHF	1
CAWSGGQGSTNEKLFF	1
CAWSEGPVQPQHF	1
CAWSIKDSLELVYF	1
CAWSTRYRVTQPQHF	1
CAWSSGRDQETQYF	1
CAWSRGGRNQPQHF	1
CAWRSFGGNEQFF	1
CAYGPSSYEQYF	1
CALLGIPTGTNTGELFF	1
CAPTAYAGGNEQFF	1
CAPSQLTGELFF	1
CAQTSGRGTEAFF	1
CAVYRGNSNQPQHF	1
CAVGGDSGTSSYNEQFF	1
CAVDYSNQPQHF	1
CAAAMAPDRSSYNEQFF	1
CAAGAGRETQYF	1
CAAGLEGTDTQYF	1
CAADQSSYNEQFF	1
CAAGTVAYEQYF	1
CAGDDHSGPGGNEQFF	1
CAGTLGLNTEAFF	1
CAGRGANTGELFF	1
CADWFGRAQSQPQHF	1
CAIPGPSPYEQYF	1
CAIRLEGGTYEQYF	1
CAIRGLYNEQFF	1
CAIRQGHEQYF	1
CAIASQFTDTQYF	1
CAIAPWGGTPNEQFF	1
CAIATSGPYEQYF	1
CAIARDREYGYTF	1
CAIEDWLTYNEQFF	1
CAITPGSGQGGPDTQYF	1
CAITPSQGPSYEQYF	1
CAISLGDENIQYF	1
CAISSTGTGGIVQYF	1
CAISWGGVGDTQYF	1
CAISYGSEDTQYF	1
CAISLGTASSTDTQYF	1
CAISPGLAGSNEQFF	1
CAISPGELAGGLSSYEQYF	1
CAISPGLAGRDEQFF	1
CAISRELGMETQYF	1
CAISQTSGGTDTQYF	1
CAISVYDSGSFETQYF	1
CAISVTSAQETQYF	1
CAISAGVEQFF	1
CAISALYNEQFF	1
CAISAGPPPDTQYF	1
CAISATPGQGAYEQYF	1
CAISAGSPQYF	1
CAISGELAGLYNEQFF	1
CAISGTSDTTRGSYNEQFF	1
CAISGVTGVPDTQYF	1
CAISGTSGKTYEQYF	1
CAISGKPGGAGGSQNIQYF	1
CAISGMGEGTDTQYF	1
CAISDGKGNLQETQYF	1
CAISDRDTTNEKLFF	1
CAISDFTSGNTDTQYF	1
CAISDGNTEAFF	1
CAISELGDPYNEQFF	1
CAISESGTGNYEQYF	1
CAISESLAVKETQYF	1
CAISESLGGTGANEQYF	1
CAISESGGRYEQYF	1
CAISESGSSYNEQFF	1
CAISESGVLSYEQYF	1
CAISESTGLAGGIPYF	1
CAISESRGPGYNEQFF	1
CAISESNRNEQFF	1
CAISESVVILADTQYF	1
CAISEWEKDEQYF	1
CAISEPGEQFF	1
CAISEREADTQYF	1
CAISEGTDSYEQYF	1
CAISETSPHEQYF	1
CAISENAVYEQYF	1
CAISENRESANRIYNEQFF	1
CAISESLAGASTDTQYF	1
CAISEPSGGGYEQYF	1
CAISEASGKYNEQFF	1
CAISEGRLAGAYEQYF	1
CAISEKGISYNEQFF	1
CAISRTGASPSTYF	1
CAISNPGTSGSFNEQFF	1
CAISPGLAGGPTVTDTQYF	1
CAISPGQGIGYEQYF	1
CAISAAHSYNEQFF	1
CAISGGGNQPQHF	1
CAISGQPNQPQHF	1
CAIRPGTVTYEQYF	1
CAIRVGGSYNEQFF	1
CAIRDSSYEQYF	1
CAIRIEPGLAGGRVNYNEQFF	1
CAIRTTGAYEQYF	1
CAIRLAGGYEQYF	1
CAIRPQTSRYYNEQFF	1
CAIRPGQGPENEQFF	1
CAINVAGGPADTQYF	1
CAIHRTGNTDTQYF	1
CATSTVGSGTDTQYF	1
CATISQGYHEQFF	1
CATKRVIRGGGLDEQFF	1
CATLDRGGTGELFF	1
CATSQGLRETQYF	1
CATWWVSYEQYF	1
CATWTSGSTGELFF	1
CATLYRDGEKLFF	1
CATLGEVVHNEQFF	1
CATLEGGPPGELFF	1
CATLTGPTDTQYF	1
CATLGIDNEQYF	1
CATPFPRQGGTYEQYF	1
CATQSLSIFRAGAEHEQFF	1
CATQDYNEQFF	1
CATQEPDRDTGELFF	1
CATGPLAGGGTYNEQFF	1
CATGDTEETQYF	1
CATGTVGTQYF	1
CATGLGGVHNEQFF	1
CATGQGPQGGVKTQYF	1
CATTRDRGRRGYGYTF	1
CATTTGGFEQYF	1
CATTGAKDNEQFF	1
CATTESGKLTDTQYF	1
CATSLRGGHEQFF	1
CATSPAAGGVTDTQYF	1
CATSQLAGGGYTQYF	1
CATSVEQFF	1
CATSVGQGRNTGELFF	1
CATSVDRGPYNEQFF	1
CATSVRGQRKNEQFF	1
CATSVGQGFTGELFF	1
CATSAEGSYEQYF	1
CATSAVRLTSGRGSFDEQFF	1
CATSAGTSGPTDTQYF	1
CATSGRPNEQFF	1
CATSGRDSSNQPQHF	1
CATSGAFGETQYF	1
CATSGSSYEQYF	1
CATSDFLAGGGGGELFF	1
CATSDFASGAPQFF	1
CATSDFTKGNEQFF	1
CATSDLPGLAPRTYNEQFF	1
CATSDLPGLAGNTGELFF	1
CATSDLPGGPGTGELFF	1
CATSDLAGAGELFF	1
CATSDLGREQETQYF	1
CATSDLGTGGPGELFF	1
CATSDLDRQETQYF	1
CATSDLEPKGQFF	1
CATSDLGTVFF	1
CATSDLRGDGSSTDTQYF	1
CATSDSGRETQYF	1
CATSDSVRAGGPLYNEQFF	1
CATSDSWTGATDTQYF	1
CATSDWFEQFF	1
CATSDWSNDQPQHF	1
CATSDWDRPDEQYF	1
CATSDYGTDTQYF	1
CATSDLTGRGDEQFF	1
CATSDLAGAGTGELFF	1
CATSDLADSTDTQYF	1
CATSDPGLGDYGYTF	1
CATSDRPGDTVRGTQYF	1
CATSDRWAGRFTDTQYF	1
CATSDRVGGTTGELFF	1
CATSDHYEQYF	1
CATSDHVSGSTDTQYF	1
CATSDVGQSNTGELFF	1
CATSDAGGGSNQPQHF	1
CATSDAGDTQYF	1
CATSDGPGGMGETQYF	1
CATSDDTVLTDTQYF	1
CATSDEGQGSSETQYF	1
CATSDTPQGIGTYNEQFF	1
CATSDTGQWLTQYF	1
CATSDKVTASGRRETQYF	1
CATSDSYDRGSYNEQFF	1
CATSDPTSGVTDTQYF	1
CATSDGTSGSTDTQYF	1
CATSELAGGLRTQYF	1
CATSEPPNYEQYF	1
CATSEGGASSYNEQFF	1
CATSELGLAERKDTQYF	1
CATSEMGVSNTGELFF	1
CATSETSGTAQRIQETQYF	1
CATSETGSGRNQPQHF	1
CATSITTDRNEQFF	1
CATSRADLTSTDTQYF	1
CATSAPLAGSNEQFF	1
CATSGVNYNEQFF	1
CATSRPGTGFREQYF	1
CATSRATGTGREQYF	1
CATSRDFRKISGGLYEQYF	1
CATSRNINEQFF	1
CATSRLRQGAPDEAFF	1
CATSRGLRGGTDTQYF	1
CATSRGGLAGEETQYF	1
CATSRDGSADFYNEQFF	1
CATSRDRGQVDTQYF	1
CATSREGLYTYTQYF	1
CATSREMGGSETQYF	1
CATSREFGGLASYEQYF	1
CATSNRGDGETQYF	1
CATRATGQGLYEQYF	1
CATRGTGSSYNEQFF	1
CATRTGSSTGELFF	1
CATRISRWDQPQHF	1
CATNSFGRNNEQFF	1
CATKTGLWTYEQYF	1
CATKLKETQYF	1
CATIAGGDEQFF	1
CASFASGRTGPNEQFF	1
CASLIHVAYEQYF	1
CASPAEQDTDTQYF	1
CASALAGAYNEQFF	1
CASGRLAGATDTQYF	1
CASIRTGNTEAFF	1
CASTTQRGTGELFF	1
CASTSHRSYEQYF	1
CASSLGGPLHF	1
CASSLLEGDAEAFF	1
CASSLAGGEYNEQFF	1
CASSHPSDTQYF	1
CASSGITSGGPQETQYF	1
CASSIRTALNTEAFF	1
CASSIQGNTEAFF	1
CASSIGQGVSYEQYF	1
CASSTQQATNEKLFF	1
CASSGNRGPYGYTF	1
CASSGDREDHGYTF	1
CASSTGQASNQPQHF	1
CASSRGRETQYF	1
CASRGAGVGEQFF	1
CASFGPGQTYEQYF	1
CASLKKPPGQSSYEQYF	1
CASSGGAGQPQHF	1
CASSSAGPYETQYF	1
CASSLTDTSTDTQYF	1
CASSLNEQYF	1
CASSPGTGSTYEQYF	1
CASSPTGQETQYF	1
CASSRGGLNQPQHF	1
CASSGQGALRSDEQYF	1
CASSTIRGKRDEQYF	1
CASSYPEGPQHF	1
CASSLELTGTAEAFF	1
CASSPAGQGTDTQYF	1
CASSPPSNEQFF	1
CASSPAIYSVLGRPQHF	1
CASSPLDRHGELFF	1
CASSPLAGYNEQFF	1
CASSPLAGENTGELFF	1
CASSPPSISDTQYF	1
CASSPPGLAGVHDNEQFF	1
CASSPPNSQQETQYF	1
CASSPVSTDTQYF	1
CASSRAEEGLAGVF	1
CASYRGDQETQYF	1
CASLGPGGAYEQYF	1
CASLPGGGPLNEQFF	1
CASLRDSSYSGANVLTF	1
CASLRGTDNQPQHF	1
CASLVRGSPEQYF	1
CASRGPNEQFF	1
CASRGSNTGELFF	1
CASRYLGELFF	1
CASRLSGGSSYNEQFF	1
CASRGTETPYEQYF	1
CASHPGGEQFF	1
CASQPRLAYPTDTQYF	1
CASVSLSTGELFF	1
CASAWVGETQYF	1
CASARVDRTGSDSPLHF	1
CASATRTSGNTGELFF	1
CASATDSGEQYF	1
CASASSGNTIYF	1
CASAPWTSGNYEQFF	1
CASAGGGSNQPQHF	1
CASAGQGYTFF	1
CASARFDEQYF	1
CASGGGQQLNTGELFF	1
CASGLATQETQYF	1
CASGPQFNEQFF	1
CASGLDYNTGELFF	1
CASGLRQGRDYEQYF	1
CASGAGDTFSGELFF	1
CASGGRPAGAKNIQYF	1
CASGGLAGANEKLFF	1
CASGGTTGTGSKLFF	1
CASGDTNTGELFF	1
CASGSWTGELFF	1
CASGRSTDTQYF	1
CASGKVVNTEAFF	1
CASGRTYEQYF	1
CASGRQGGQPQHF	1
CASDRSLMEQYF	1
CASISYSGTPPTYGYTF	1
CASIWRGGGDTEAFF	1
CASIPERGRYNEQFF	1
CASIKGGETQYF	1
CASIKDSSPDTQYF	1
CASISGLAGGDEQFF	1
CASISTGSYEQYF	1
CASIPSIANTGELFF	1
CASIPGQGYNEQFF	1
CASIPMDGSYEQYF	1
CASIRGSLTDTQYF	1
CASIDYGGGGASYEQYF	1
CASIMLGGSYGYTF	1
CASIMNGGYTF	1
CASMRDRAYGYTF	1
CASMVLGAQYF	1
CASMGSRLAKNIQYF	1
CASMGQAYEQYF	1
CASILGQTSTDTQYF	1
CASIGGLPYEQYF	1
CASIDRPRQETQYF	1
CASIMDGKNSPLHF	1
CASINQGPLNTGELFF	1
CASTWGRGNSPLHF	1
CASTPMGEANTEAFF	1
CASTGPAYEQYF	1
CASTGTGDNEQFF	1
CASTFGRSGYTF	1
CASTLEDTGNTIYF	1
CASTSGTSGYNEQFF	1
CASTSTGEPTYNEQFF	1
CASTYKRGYNNEQFF	1
CASTLNRGQWTGELFF	1
CASTLLSGRGETQYF	1
CASTLTGELFF	1
CASTLGLGLSYEQYF	1
CASTLHGGNPPIGGLNTEAFF	1
CASTLAGGTTGELFF	1
CASTPPGGGKAYGYTF	1
CASTPGRFDHSPLHF	1
CASTPGLAGDTQYF	1
CASTPERGTYEQYF	1
CASTRHVHEQYF	1
CASTRGRTMNTEAFF	1
CASTRGTSEYNEQFF	1
CASTHSDRAETQYF	1
CASTQVGGNQPQHF	1
CASTVAGGTTDTQYF	1
CASTATSGRPGSSYNEQFF	1
CASTDFVGHEQYF	1
CASTDGQSPAKNIQYF	1
CASTIFMSGGGDTQYF	1
CASTTQQGADQPQHF	1
CASTTPGLAASSYEQYF	1
CASTTALPEQFF	1
CASTNKTSGSHNEQFF	1
CASTKGASGSYEQYF	1
CASTGVYGETQYF	1
CASTTLGGQETQYF	1
CASTTGYTEAFF	1
CASSFFSVFSSYEQYF	1
CASSFFHETDTQYF	1
CASSFFGGELFF	1
CASSFSGTVNSPLHF	1
CASSFSDNEQYF	1
CASSFSRVHEQYF	1
CASSFSRPRGSQRNTDTQYF	1
CASSFSGAGYGYTF	1
CASSFWGGELFF	1
CASSFWESPLHF	1
CASSFLRGYGYTF	1
CASSFPGQGKQPQHF	1
CASSFRRGDTQYF	1
CASSFRVVQFF	1
CASSFRRTGELFF	1
CASSFQGGEAFF	1
CASSFQDQPQHF	1
CASSFQTGGPYNEQFF	1
CASSFVEGKRPQYF	1
CASSFGGPEAFF	1
CASSFGVRNTIYF	1
CASSFGGSHNEQFF	1
CASSFGDLVGPGEQFF	1
CASSFGNTGELFF	1
CASSFGAPQYF	1
CASSFDGGPSYEQYF	1
CASSFDIISGNEKLFF	1
CASSFEDPGNTIYF	1
CASSFTGSYNEQFF	1
CASSFRTTQLENTEAFF	1
CASSFRGGYTGELFF	1
CASSFNGQGEAFF	1
CASSFNGGTPGSYNEQFF	1
CASSFKETQYF	1
CASSFFGASYTF	1
CASSFFTTDTQYF	1
CASSFSKSSYEQYF	1
CASSFSTNEKLFF	1
CASSFYYEQYF	1
CASSFYRDRISGNTIYF	1
CASSFPSGNEQYF	1
CASSFPPAGGTNEQFF	1
CASSFPNPRQGTGELFF	1
CASSFPSVGRGGTEAFF	1
CASSFRPSTDTQYF	1
CASSFRGGSTGELFF	1
CASSFRERHGYTF	1
CASSFRSNYGYTF	1
CASSFAAGVYEQYF	1
CASSFAPRGTIYF	1
CASSFAGLAGVRAYNEQFF	1
CASSFAGDTGELFF	1
CASSFGLADLYGYTF	1
CASSFGGGTDTQYF	1
CASSFGGGMNTGELFF	1
CASSFGRPGGLFF	1
CASSFGIGSNQPQHF	1
CASSFGTIDQETQYF	1
CASSFGTGGRQPQHF	1
CASSFGQLGQPQHF	1
CASSFGAKNIQYF	1
CASSFGGASSYEQYF	1
CASSFDSNQPQHF	1
CASSFTYEQYF	1
CASSFSSAGTDTQYF	1
CASSFSTSGSEQYF	1
CASSLFPYEQYF	1
CASSLFQPQHF	1
CASSLSRFQYF	1
CASSLWGGGYTF	1
CASSLYPENNSPLHF	1
CASSLYRYSGNTIYF	1
CASSLLPSDYSNQPQHF	1
CASSLLGGAQGQETQYF	1
CASSLVSSEQYF	1
CASSLAGNDGYTF	1
CASSLAGANTGELFF	1
CASSLGHEQYF	1
CASSLGQSPETQYF	1
CASSLGSMSTDTQYF	1
CASSLGRVANYGYTF	1
CASSLGVSGTNYGYTF	1
CASSLGSGDTQYF	1
CASSLGSGRRSPLHF	1
CASSLGVSSYNEQFF	1
CASSLGRASFGYTF	1
CASSLGNEQFF	1
CASSLGQGGSYEQYF	1
CASSLGQGVGGYTF	1
CASSLEFSVGGELFF	1
CASSLEGLGTGELFF	1
CASSLTGNTGELFF	1
CASSLNLGGSSGNTIYF	1
CASSLNRLPPGEPQHF	1
CASSLFFGDPANYGYTF	1
CASSLFSPSYEQYF	1
CASSLFSGRGSNEQFF	1
CASSLFRSSSRYGYTF	1
CASSLFQGEQYF	1
CASSLFGGAYGYTF	1
CASSLLVTSGPNEQFF	1
CASSLSGRGRESGNTIYF	1
CASSLSRQETQYF	1
CASSLSAGGYEQYF	1
CASSLSEWGGTDTGELFF	1
CASSLSLNQPQHF	1
CASSLSADNKNIQYF	1
CASSLSMASGTTDTQYF	1
CASSLSDTQYF	1
CASSLWWQGSFPVYNEQFF	1
CASSLWGDFFSPLHF	1
CASSLYVEYEQYF	1
CASSLYGGAYTGELFF	1
CASSLYASGKNEQFF	1
CASSLYRNTEAFF	1
CASSLLGGDTEAFF	1
CASSLLAGPYNEQFF	1
CASSLLEFQGHEQFF	1
CASSLPRTGGGSYEQYF	1
CASSLPGELFF	1
CASSLRSNRDYLNFSAKNIQYF	1
CASSLRAEYGYTF	1
CASSLRGNEQFF	1
CASSLQGASYEQYF	1
CASSLQEVAALTDTQYF	1
CASSLQLAGGYNEQFF	1
CASSLVAGTDTQYF	1
CASSLVVRSEVGKLFF	1
CASSLAGTVSGNTIYF	1
CASSLAPTGARGQPQHF	1
CASSLAAYEQYF	1
CASSLARGAPNYGYTF	1
CASSLGVFGEAFF	1
CASSLGISGHYNSPLHF	1
CASSLGSYNEQFF	1
CASSLGGGASYEQYF	1
CASSLGLADYTDTQYF	1
CASSLGPGPSYEQYF	1
CASSLGQEAYEQYF	1
CASSLGVRTGNQPQHF	1
CASSLGTSGGIRTDTQYF	1
CASSLGTGGIPYEQYF	1
CASSLGTGVGQPQHF	1
CASSLGLAGDEQFF	1
CASSLGGDGTQYF	1
CASSLGGRGQPQHF	1
CASSLDPGLAPDEQFF	1
CASSLDSNEQFF	1
CASSLDRPYNEQFF	1
CASSLEPWGPYEQYF	1
CASSLEAHPTDTQYF	1
CASSLEGLNTEAFF	1
CASSLETGFSGNTIYF	1
CASSLILSGGASEQFF	1
CASSLIRGITEAFF	1
CASSLIVASGTQYF	1
CASSLIGDEQFF	1
CASSLTPGQGKKLFF	1
CASSLTSGGPSSYNEQFF	1
CASSLTLTSLNTGELFF	1
CASSLTTSGSTEQFF	1
CASSLTSHYEQYF	1
CASSLTYQETQYF	1
CASSLTVDEQYF	1
CASSLRVPGKPQHF	1
CASSLRGFQPQHF	1
CASSLRGAEGNQPQHF	1
CASSLNRGAGDNYGYTF	1
CASSLNTVSNQPQHF	1
CASSLNSGNTIYF	1
CASSLNGRIGGWNEQFF	1
CASSLNTGGGADTQYF	1
CASSLKAGSSYEQYF	1
CASSLKTAPYGYTF	1
CASSSPTSLYF	1
CASSSHRGSREKLFF	1
CASSSESGYTF	1
CASSSIVKSTDTQYF	1
CASSSSTDTQYF	1
CASSSNRVPYGYTF	1
CASSSPLTATYEQYF	1
CASSSPTGDNEQFF	1
CASSSPARSSYEQYF	1
CASSSPDREGSPLHF	1
CASSSQGRSNQPQHF	1
CASSSQQGINEQFF	1
CASSSAGTEETQYF	1
CASSSGTALYEQYF	1
CASSSGTGPNNEQFF	1
CASSSGSRSRHEQYF	1
CASSSDSYEQYF	1
CASSSIQGVYNEQFF	1
CASSSTESGGIEQFF	1
CASSSTGDLYNEQFF	1
CASSSSGTYSNQPQHF	1
CASSSYSDTQYF	1
CASSSLSGNQPQHF	1
CASSSPTGSYNEQFF	1
CASSSAGTGSYEQYF	1
CASSSGGTGISYEQYF	1
CASSSGNQPQHF	1
CASSSGQSGNTIYF	1
CASSSDWNYGYTF	1
CASSSDTGELATNEKLFF	1
CASSSEQSRAETQYF	1
CASSSTSILDTQYF	1
CASSSTGTPYEQYF	1
CASSSPGQGGETQYF	1
CASSSAGAYEQYF	1
CASSSGSDTQYF	1
CASSSTPPQHF	1
CASSWLLKRTGSTGELFF	1
CASSWSNLEREATLAKNIQYF	1
CASSWVYYEQYF	1
CASSWGLEQFF	1
CASSWGGGNEQFF	1
CASSWGTSGKFAEQYF	1
CASSWDDGYTF	1
CASSWEGGDYGYTF	1
CASSYSGQGITPLHF	1
CASSYREGLQETQYF	1
CASSYGSWRDITDTQYF	1
CASSYIPSTSGLRETQYF	1
CASSYTGDQPQHF	1
CASSYFRGGTDTQYF	1
CASSYLGQFYTGELFF	1
CASSYSGGPYGELFF	1
CASSYSSGSLNTEAFF	1
CASSYSWREASNEQFF	1
CASSYSLGGSTYEQYF	1
CASSYSVANTGELFF	1
CASSYSGTSGGNEQFF	1
CASSYSGTGMGEQYF	1
CASSYSPHEQYF	1
CASSYSRDIGNTIYF	1
CASSYSAVLGSSYNSPLHF	1
CASSYSGSYEQYF	1
CASSYSRPSRRDTQYF	1
CASSYSKQEAYEQYF	1
CASSYSSGTANTGELFF	1
CASSYSGVGVESYEQYF	1
CASSYSGASGNTIYF	1
CASSYSRSYEQYF	1
CASSYLGKTSGGYEQYF	1
CASSYPAGLAEHYEQYF	1
CASSYRSGPYEQYF	1
CASSYRQGRTDTQYF	1
CASSYRTSVSSYNEQFF	1
CASSYHGLADYNEQFF	1
CASSYQYEKLFF	1
CASSYQLTGELFF	1
CASSYARGGYGYTF	1
CASSYAPGQGYGYTF	1
CASSYGPATNNEQFF	1
CASSYGGYGGYTF	1
CASSYGGVGEKLFF	1
CASSYGMGTPPYF	1
CASSYDTSGFTDTQYF	1
CASSYDRQGQPQHF	1
CASSYEPGAPDTQYF	1
CASSYTSTQYF	1
CASSYSGRWDTQYF	1
CASSYNPGLGLYEQYF	1
CASSYKRGDDIQYF	1
CASSLRTGDTEAFF	1
CASSLNRGHTYEQYF	1
CASSLSSGGLAQYF	1
CASSLPGDYEQYF	1
CASSLTHLSPRREQYF	1
CASSLPGNQPQHF	1
CASSLQFDRNPYEQYF	1
CASSLGGGGLYF	1
CASSLIGDRVNGYTF	1
CASSLYSTGETQYF	1
CASSLLAGVYNEQFF	1
CASSLARISYEQYF	1
CASSLALSYEQYF	1
CASSLTGNTIYF	1
CASSPSSGVRKTQYF	1
CASSPSRGRETQYF	1
CASSPRGQGANEQFF	1
CASSPRTGLSYEQYF	1
CASSPTSCEQFF	1
CASSPTGTGREQYF	1
CASSPTGVSLYEQYF	1
CASSPSSGPGDTGELFF	1
CASSPSPEAVTSTDTQYF	1
CASSPLGNTEAFF	1
CASSPPGRPYEQYF	1
CASSPRTSGVYEQYF	1
CASSPRHATNYGYTF	1
CASSPVFDGYTF	1
CASSPAPSGGAGELFF	1
CASSPASRYEQYF	1
CASSPAVWEQYF	1
CASSPGISRPTDTQYF	1
CASSPGTSGRNEQFF	1
CASSPGTSGYNEQFF	1
CASSPGSGIDTQYF	1
CASSPGREQFF	1
CASSPGSSEQFF	1
CASSPDRVPDTQYF	1
CASSPDNTGELFF	1
CASSPTEDVLAKNIQYF	1
CASSPSGWPETQYF	1
CASSPRTGGNTIYF	1
CASSPNPERGMSGELFF	1
CASSPLTSGIAKNIQYF	1
CASSPPGGTVNNEQFF	1
CASSPPGSNYGYTF	1
CASSPVTGGENTIYF	1
CASSPARVGELFF	1
CASSPGQGLNTEAFF	1
CASSPDIITDTQYF	1
CASSPTSGANNEQFF	1
CASSPTGSSYNSPLHF	1
CASSPKGGGYGYTF	1
CASSPSADTQYF	1
CASSPLLLHNTGELFF	1
CASSPLAAAYEQYF	1
CASSPAGDSDTQYF	1
CASSRGGQTSSNQPQHF	1
CASSRSGGAPETQYF	1
CASSRAVGRYTEAFF	1
CASSRGSMDTQYF	1
CASSRYTEHSPLHF	1
CASSRGSQETQYF	1
CASSRTVQHQPQHF	1
CASSRTGVGQPQHF	1
CASSRSGRSYNEQFF	1
CASSRPGLAGPSTDTQYF	1
CASSRRPGSYTF	1
CASSRQGLNQPQHF	1
CASSHLAGGSTDTQYF	1
CASSHRDSTLMIQYF	1
CASSHQGRGKTQYF	1
CASSHWGAGSSYEQYF	1
CASSHLGGVDTGELFF	1
CASSHPLRPVGNEQYF	1
CASSHRLAGSYEQYF	1
CASSHDVAYEQYF	1
CASSQAPNYGYTF	1
CASSQGGTEQFF	1
CASSQDTDTQYF	1
CASSQRQGMWYEQYF	1
CASSVQGAKNIQYF	1
CASSVSGNTGELFF	1
CASSVVDLRGDTQYF	1
CASSVGGAVNTIYF	1
CASSVEASGTLTDTQYF	1
CASSVTGTYNEQFF	1
CASSVGRGRDTDTQYF	1
CASSVGLPPTDTQYF	1
CASSVVIAGWGEQFF	1
CASSAYSGGASDTQYF	1
CASSAGPSFNEQFF	1
CASSAMTSGGSYEQYF	1
CASSASGPYNEQFF	1
CASSAFLDRLISYEQYF	1
CASSAHLSYEQYF	1
CASSAPTTGGLDEQYF	1
CASSAGGSSYNEQFF	1
CASSADRPNQPQHF	1
CASSATGPYEQYF	1
CASSATGIYSNQPQHF	1
CASSALRDPANQPQHF	1
CASSAHTSGRSHNEQFF	1
CASSGPTGGNNEQFF	1
CASSGTGTGANIQYF	1
CASSGPGRGYDYGYTF	1
CASSGHSPGLETQYF	1
CASSGGGSSYNEQFF	1
CASSGGESDTQYF	1
CASSGYNEQFF	1
CASSGQENTDTQYF	1
CASSGVTGDWDYGYTF	1
CASSGGRGGQPQHF	1
CASSGGLRSPLHF	1
CASSGGNEQFF	1
CASSGTGNYEQYF	1
CASSGSIAGGPNEQYF	1
CASSGPLDFSSYNSPLHF	1
CASSGQVTVGEQYF	1
CASSGQGNQPQHF	1
CASSGQSGPDTQYF	1
CASSGEGTIRYTF	1
CASSGMGDEQFF	1
CASSDWGGSTDTQYF	1
CASSDRRARDTGELFF	1
CASSDATSGGPNERDTQYF	1
CASSDIDSDTQYF	1
CASSDFGQGNTEAFF	1
CASSDSSGSYNEQFF	1
CASSDSVVVQTQYF	1
CASSDSTSGGNEQFF	1
CASSDPYPVGETQYF	1
CASSDPRFGEETQYF	1
CASSDPVVNTQYF	1
CASSDRETQYF	1
CASSDNRAGEETQYF	1
CASSELVGNIQYF	1
CASSESGWGTKNTEAFF	1
CASSEQLAYGETQYF	1
CASSEVGVSNSPLHF	1
CASSEDGGTGGEKLFF	1
CASSEEGNYGYTF	1
CASSEFSAYSNQPQHF	1
CASSEFATSQRREPYEQYF	1
CASSELGWAGDQPQHF	1
CASSESGIRSYEQYF	1
CASSESGANYEQYF	1
CASSESRGSDTQYF	1
CASSEWETGDEQYF	1
CASSEYSDGRTNEQFF	1
CASSEPVVWWDTQYF	1
CASSEPNTEAFF	1
CASSERTNRPSGYTF	1
CASSERGGELFF	1
CASSEQGTYEQYF	1
CASSEVYRSIYGYTF	1
CASSEVAGRGIEQYF	1
CASSEALGASGVFDNEQFF	1
CASSEADAGAPAGTGDTQYF	1
CASSEALLGGGYTF	1
CASSEAAGEAFF	1
CASSEATGGYQPQHF	1
CASSEGGEQYF	1
CASSEGGGWNTEAFF	1
CASSEGETQYF	1
CASSEEIGGADTQYF	1
CASSEIERVVFF	1
CASSETAGNTIYF	1
CASSERREETQYF	1
CASSERGRGGNQPQHF	1
CASSMSQGRLSYEQYF	1
CASSILSGRGTGELFF	1
CASSIQGSTDTQYF	1
CASSTPLVAISYEQYF	1
CASSTAFDTQYF	1
CASSTTSGRASNTGELFF	1
CASSTTYMNTEAFF	1
CASSSWRGYEQYF	1
CASSSVSTDTQYF	1
CASSREQGNEQYF	1
CASSNGYEQYF	1
CASSNRRETQYF	1
CASSNTRPGGYTF	1
CASSNSDTQYF	1
CASSNRGAQHF	1
CASSKTGGFHEQYF	1
CASSKRSSGEADTQYF	1
CASSKWGQGEKLFF	1
CASSKQGPVLYNEQFF	1
CASSKMGTSGSSEQYF	1
CASSFSPETQYF	1
CASSFSQGVYGYTF	1
CASSFSGELFF	1
CASSFSLVADYEQYF	1
CASSFWGTGELFF	1
CASSFLDLGETQYF	1
CASSFPGRGSYNEQFF	1
CASSFPAGELFF	1
CASSFRLETQYF	1
CASSFREAPTGELFF	1
CASSFRQGLREEETQYF	1
CASSFHSDQPQHF	1
CASSFQTSGREWDTQYF	1
CASSFALLAGHTDTQYF	1
CASSFGRTSYNEQFF	1
CASSFGGRPSYEQYF	1
CASSFGRVYNEQFF	1
CASSFGPNEQFF	1
CASSFGVSTGNEQFF	1
CASSFGTDSYNEQFF	1
CASSFGLFDKDYGYTF	1
CASSFGLAGGRGSYEQYF	1
CASSFFSNEQFF	1
CASSFSGPEQYF	1
CASSFWDTTSGYTF	1
CASSFLRKPYEQYF	1
CASSFPLRRVRGNTEAFF	1
CASSFPRSFNTGSSKITDTQYF	1
CASSFPGTGEEQFF	1
CASSFPRGRVHF	1
CASSFPRQGPYEQYF	1
CASSFRQSPSTDTQYF	1
CASSFRQGGDTQYF	1
CASSFQGLFYNEQFF	1
CASSFQTPGTLQIKYF	1
CASSFATGLNTGELFF	1
CASSFAGGGLEQYF	1
CASSFAGHEQYF	1
CASSFGPRGGELFF	1
CASSFGGLNTGELFF	1
CASSFGTGGSYGYTF	1
CASSFGPDNSPLHF	1
CASSFGQSNQPQHF	1
CASSFDGVSTDTQYF	1
CASSFEGRNQPQHF	1
CASSFMRGDNEQFF	1
CASSFTGGETQYF	1
CASSFRLAGHSYNEQFF	1
CASSFKHEAGELFF	1
CASSLLVATNTGELFF	1
CASSLLGTGGFYEQFF	1
CASSLSALRETQYF	1
CASSLWFSNEHFF	1
CASSLWPGEDTEAFF	1
CASSLLGGETQYF	1
CASSLLAGGPETQYF	1
CASSLRLAGFYNEQFF	1
CASSLRPGSTQIQETQYF	1
CASSLHVSEGFLDTQYF	1
CASSLVLGNTEAFF	1
CASSLVPSGRNEQFF	1
CASSLVTDLSYNEQFF	1
CASSLVRGMTGELFF	1
CASSLVGNEQFF	1
CASSLAPGMTYEQYF	1
CASSLAQASYEQYF	1
CASSLAVAPDTQYF	1
CASSLAGLTYNEQFF	1
CASSLATETYEQYF	1
CASSLACGPDTQYF	1
CASSLAHEQFF	1
CASSLAGVDNIQYF	1
CASSLGSGEQFF	1
CASSLGSNRGIPLQETQYF	1
CASSLGGEQYF	1
CASSLGDTPNQPQHF	1
CASSLGMNYEQYF	1
CASSLGTEQYF	1
CASSLGTGELFF	1
CASSLGTGGVDYEQYF	1
CASSLGPRPGELFF	1
CASSLGPGTVMGDTF	1
CASSLGGDRAPYEQYF	1
CASSLGDTQYF	1
CASSLGRRYTYYEQYF	1
CASSLGLEQFF	1
CASSLGLAGGPGNEQFF	1
CASSLGGTYEQYF	1
CASSLGGRTDTQYF	1
CASSLDLGLVYGYTF	1
CASSLDRVGFF	1
CASSLDRMSYNEQFF	1
CASSLELALSKNIQYF	1
CASSLIRTSGSAETQYF	1
CASSLMVAGGPSTDTQYF	1
CASSLMRGQGTGELFF	1
CASSLISSQETQYF	1
CASSLTLAGEDEQFF	1
CASSLTGARTDTQYF	1
CASSLRNTGELFF	1
CASSLKGEGYNEQFF	1
CASSLFGGQGNTGELFF	1
CASSLFWAHTGELFF	1
CASSLLGLSEQFF	1
CASSLLGTGTMDYEQYF	1
CASSLSTWTTGGDEQFF	1
CASSLSAEFTVPGEQFF	1
CASSLSFGYNSPLHF	1
CASSLYARQVSPLHF	1
CASSLLTVGSQPQHF	1
CASSLLEVPNEQFF	1
CASSLPTRVTGELFF	1
CASSLPRQPSYEQYF	1
CASSLPGIGGYTF	1
CASSLPTRRTNEKLFF	1
CASSLPSGGSRYEQFF	1
CASSLPGSKQPQHF	1
CASSLRRPGTHEQYF	1
CASSLRLPRDGYTF	1
CASSLRLAGLNEQFF	1
CASSLRPPSSNTGELFF	1
CASSLRQYNSPLHF	1
CASSLRGSSYEQYF	1
CASSLRKVGRSYNEQFF	1
CASSLQGNIQYF	1
CASSLQMTGSYEQYF	1
CASSLQPTDIFDEQYF	1
CASSLVSGGGSNYGYTF	1
CASSLVSGRKTQYF	1
CASSLVGPQQGSSGNTIYF	1
CASSLVGDTQYF	1
CASSLVRGNTEAFF	1
CASSLVLAGAETQYF	1
CASSLVQGGYGYTF	1
CASSLVGPLSEQYF	1
CASSLVGIKPSEQYF	1
CASSLVGRGTSYNEQFF	1
CASSLVERERRGNYGYTF	1
CASSLVRAFYEQYF	1
CASSLVGYVEGVETDTQYF	1
CASSLVGTGEVRSNQPQHF	1
CASSLVRADNEQFF	1
CASSLVVLGNVDGDTQYF	1
CASSLVVQETQYF	1
CASSLVVRAWGYGYTF	1
CASSLVANQETQYF	1
CASSLVGQHQPQHF	1
CASSLASSGTYNEQFF	1
CASSLAATRTGGYQPQHF	1
CASSLASYNEQFF	1
CASSLAPASVLGSGELFF	1
CASSLARGTATNEKLFF	1
CASSLARDREYGYTF	1
CASSLARLSDYNEQFF	1
CASSLAQIPGEQFF	1
CASSLAGGIPYNEQFF	1
CASSLAGGAGNEQFF	1
CASSLAGEQETQYF	1
CASSLAGMATQYF	1
CASSLAGTGHYSNQPQHF	1
CASSLAGTGAYEQYF	1
CASSLAGLAGNNEQFF	1
CASSLAGAIAGELFF	1
CASSLARQGRDANYGYTF	1
CASSLAVLRGENTGELFF	1
CASSLAVMNEQFF	1
CASSLAGRNQPQHF	1
CASSLGFGEQYF	1
CASSLGLEAETQYF	1
CASSLGRQTSSTDTQYF	1
CASSLGRAESQYF	1
CASSLGVKRLAHNEQFF	1
CASSLGILVVGEQFF	1
CASSLGLSYEQYF	1
CASSLGGGQETQYF	1
CASSLGGGAANEQFF	1
CASSLGTGTGTPLHF	1
CASSLGKQETQYF	1
CASSLGSYNEQFF	1
CASSLGSPRTGNTIYF	1
CASSLGLGYEDEQFF	1
CASSLGLAGIDYEQYF	1
CASSLGRLNLQETQYF	1
CASSLGVETYEQYF	1
CASSLGAGVTYSNQPQHF	1
CASSLGGFYEQYF	1
CASSLGGGEDTEAFF	1
CASSLGGRSEETQYF	1
CASSLGGTSGNRETQYF	1
CASSLGTGTDTQYF	1
CASSLGTSGAYEQYF	1
CASSLGTGAYEQYF	1
CASSLGTGIVYEQYF	1
CASSLGSPDGYTF	1
CASSLGLLPERDTQYF	1
CASSLGLALLSYEQYF	1
CASSLGLAGLSYEQYF	1
CASSLGQGRQETQYF	1
CASSLGASTDTQYF	1
CASSLGAPGELFF	1
CASSLGGYSYEQYF	1
CASSLGEGANTGELFF	1
CASSLGEEPKNIQYF	1
CASSLGIGVQETQYF	1
CASSLDFTPGRGGNTIYF	1
CASSLDSLAGDIYEQFF	1
CASSLDSQTGEAKNIQYF	1
CASSLDSGARDTQYF	1
CASSLDRFSGELFF	1
CASSLDRYNLLGTDTQYF	1
CASSLDRGGTGARRLGYTF	1
CASSLDAGLGNNEQFF	1
CASSLDANGYTF	1
CASSLDGTAPYEQYF	1
CASSLDSGGARSNEQFF	1
CASSLDLVYGYTF	1
CASSLDGRGSYEQYF	1
CASSLDGHTYEQYF	1
CASSLDRGDGELFF	1
CASSLDRDYEQYF	1
CASSLEFVGNIQYF	1
CASSLEPRNIQYF	1
CASSLEVRGYTF	1
CASSLEGRANTGELFF	1
CASSLEGQGAWTEAFF	1
CASSLEGGQTYNEQFF	1
CASSLETTKILAGVNNEQFF	1
CASSLERETQYF	1
CASSLEWSYEQYF	1
CASSLELRNSPLHF	1
CASSLTSGTDTQYF	1
CASSLTRWGEQFF	1
CASSLTRHDRPFYEQYF	1
CASSLTGFSMNTEAFF	1
CASSLSFRGGAYNEQFF	1
CASSLSGTGVNEQFF	1
CASSLSDEQFF	1
CASSLRGGLAYEQYF	1
CASSLRSGGDYNEQFF	1
CASSLNPQGHLTGELFF	1
CASSLKVRSNTGELFF	1
CASSSLGGDRVSSHQPQHF	1
CASSSLGVGDNQPQHF	1
CASSSPSGTSVLTGELFF	1
CASSSPAGQGNTGELFF	1
CASSSPDRYEQYF	1
CASSSRGLGAYNEQFF	1
CASSSGIYPGKTQYF	1
CASSSISTGSSYEQYF	1
CASSSTSGLTYEQYF	1
CASSSLGDTQYF	1
CASSSLAPSLRNEQFF	1
CASSSSETQYF	1
CASSSWDSSYEQYF	1
CASSSLLVVNEQFF	1
CASSSPQGTLGYNEQFF	1
CASSSPDRNTEAFF	1
CASSSRDNRFDGYTF	1
CASSSRTERYEQYF	1
CASSSRSVGTDTQYF	1
CASSSHRATSTDTQYF	1
CASSSQDTQYF	1
CASSSVLSYEQYF	1
CASSSVDRGDYGYTF	1
CASSSVAGNNEQFF	1
CASSSGGTGELFF	1
CASSSGDTQYF	1
CASSSGTGSTGELFF	1
CASSSGTGVSPPLHF	1
CASSSSPGLAGFSEQYF	1
CASSSNGPYYEQYF	1
CASSSGGWGTDTQYF	1
CASSSGANQPQHF	1
CASSSGLRTQYF	1
CASSSGLAGSYEQYF	1
CASSSDTGELFF	1
CASSSIFRGTPTYEQYF	1
CASSSTGRREQFF	1
CASSSKPLTGYNEQFF	1
CASSSWDSGGTSGRRTYEQYF	1
CASSSLDFYNEQFF	1
CASSSLAGADGELFF	1
CASSSRDYGYTF	1
CASSSQGYQETQYF	1
CASSSGTSETDTQYF	1
CASSSGNQPQHF	1
CASSSEETGNNEQFF	1
CASSSTDHTGTGISKVYGYTF	1
CASSSKGDTEAFF	1
CASSWWAVNTGELFF	1
CASSWLGQGIYEQYF	1
CASSWPGGGNGYTF	1
CASSWGWKQETQYF	1
CASSWDTSGNTIYF	1
CASSWIGTGYTDTQYF	1
CASSWTSGSLLFF	1
CASSYQGRITGELFF	1
CASSYGTGELFF	1
CASSYKSSYNEQFF	1
CASSYSGTSTDTQYF	1
CASSYWDRGRDQPQHF	1
CASSYRKGGGGTGSTGELFF	1
CASSYQGWYEQYF	1
CASSYGLVVEQYF	1
CASSYTGQGSPLHF	1
CASSYRFQETQYF	1
CASSLWTVQETQYF	1
CASSLGLVELNEQFF	1
CASSLGQEQYF	1
CASSLDHSYNEQFF	1
CASSLSGTISYEQYF	1
CASSLLAGTEAFF	1
CASSLPTERAGELFF	1
CASSLPSGGHNEQFF	1
CASSLHRNQPQHF	1
CASSLQRALGFFKRPYNSPLHF	1
CASSLVWASGGSYNEQFF	1
CASSLDLDGPYEQYF	1
CASSLEGLDTGELFF	1
CASSLIGGRGRPLNTEAFF	1
CASSLLVGGEQYF	1
CASSLVVYNNEQFF	1
CASSLGLASQETQYF	1
CASSLDPGITLHF	1
CASSLMDTQYF	1
CASSLTIGNEQFF	1
CASSLTSYEQYF	1
CASSLTERLAKNIQYF	1
CASSLSGQRGYTF	1
CASSLWDSEETQYF	1
CASSLYRDTDTQYF	1
CASSLLPSGRASTQYF	1
CASSLPQANYGYTF	1
CASSLQREIDEQFF	1
CASSLQGFIGYTF	1
CASSLAGLAPSEQFF	1
CASSLGQSSYEQYF	1
CASSLTRDRTYEQYF	1
CASSLSGGTGELFF	1
CASSLSGRVYEQYF	1
CASSPSLGRMKTSSQETQYF	1
CASSPYQTRRTEAFF	1
CASSPLISYPSSYNEQFF	1
CASSPPGVVNTEAFF	1
CASSPPGLAKDEQYF	1
CASSPPGRLAYEQYF	1
CASSPPAETQYF	1
CASSPRPPTDTQYF	1
CASSPQEYTYEQYF	1
CASSPAVRDHGYTF	1
CASSPGDSGYYEQYF	1
CASSPGTSGSPSTDTQYF	1
CASSPDRALYGYTF	1
CASSPEGRELFF	1
CASSPMSGAEQYF	1
CASSPTGSMVYTF	1
CASSPSVPNSYNEQFF	1
CASSPRGVSTYGYTF	1
CASSPRTGGSYEQYF	1
CASSPFYRRNYGYTF	1
CASSPFSGAFYNEQFF	1
CASSPLGDSLTDTQYF	1
CASSPSFGLYDEQFF	1
CASSPSGRLAGATGNEQFF	1
CASSPSTATDTQYF	1
CASSPSTGNVETQYF	1
CASSPLSQYGYTF	1
CASSPLVVSGGSDEQYF	1
CASSPLQLNTGELFF	1
CASSPLTRGIQLANEKLFF	1
CASSPPHGPMNTEAFF	1
CASSPPQGATNEKLFF	1
CASSPPLAKNIQYF	1
CASSPPANSPLHF	1
CASSPPGGGGDTQYF	1
CASSPPGNTQYF	1
CASSPPRGYAYNEQFF	1
CASSPRGVLDEKLFF	1
CASSPRTSGRNEQFF	1
CASSPHFADTQYF	1
CASSPHLAGGDEQFF	1
CASSPQGFDEQYF	1
CASSPVPEGKFNEQFF	1
CASSPVQGVIQPQHF	1
CASSPAYGITGELFF	1
CASSPGSGFGTQYF	1
CASSPGPYEQYF	1
CASSPGAANYGYTF	1
CASSPGGVLAYEQYF	1
CASSPGDRYTDTQYF	1
CASSPGTSEMKYF	1
CASSPGTGSWLNNEQFF	1
CASSPGTGPYDEQYF	1
CASSPTVGGIKQYF	1
CASSPTRPETGYGYTF	1
CASSPTGTPYNEQFF	1
CASSPTGWISGSLTDTQYF	1
CASSPTIAGGTDTQYF	1
CASSPRVLAVPYEQYF	1
CASSPRTGGAGELFF	1
CASSPLGTGGAEQYF	1
CASSPLSGLLYNEQFF	1
CASSPPAGDFSNQPQHF	1
CASSPPSGLYIQYF	1
CASSPGPSTDTQYF	1
CASSPGGSPLHF	1
CASSPGSSNQPQHF	1
CASSPGQRYEQYF	1
CASSPDSNSYNEQFF	1
CASSPERRSLEKLFF	1
CASSPTSGGYEQYF	1
CASSPTASNYGYTF	1
CASSPTGLSYEQYF	1
CASSPSGKVGYNEQFF	1
CASSPRTGGYEQYF	1
CASSPRPETGNEQFF	1
CASSPKKGQGAGELFF	1
CASSPWTGHNNEQFF	1
CASSPLLTGNQNQPQHF	1
CASSPRTSGPYTQYF	1
CASSPQAVYEQYF	1
CASSPQPGHTQETQYF	1
CASSPGVYNEQFF	1
CASSPGTYNEQFF	1
CASSPGTSGAYEQYF	1
CASSPGQGLQYGYTF	1
CASSPGQGNTGELFF	1
CASSPGQGAFEEQYF	1
CASSPDTETQYF	1
CASSPEAGITDTQYF	1
CASSPTTPSGETQYF	1
CASSPRVGGFLYNEQFF	1
CASSPRLYGQETQYF	1
CASSPKTFQETQYF	1
CASSRALSFASTGELFF	1
CASSRGQINNPASYNEQFF	1
CASSRDTGELFF	1
CASSRTQYRPNTEAFF	1
CASSRYGGTGDYNEQFF	1
CASSRRRTGGGLETQYF	1
CASSRGGTNYGYTF	1
CASSRKRTSGPYNEQFF	1
CASSRVWDKPYNEQFF	1
CASSRGTTGRTAPWEKLFF	1
CASSRGLAGEHEQYF	1
CASSRGLEMSGELFF	1
CASSRGRNYGYTF	1
CASSRDSSYEQYF	1
CASSRDSNPTNEKLFF	1
CASSRTTGGINTQYF	1
CASSRTVRETQYF	1
CASSRTEANVQYF	1
CASSRTNNEQFF	1
CASSRSGRGSSYNSPLHF	1
CASSRSSTDTQYF	1
CASSRLAGDRETQYF	1
CASSRPGTLNNEQFF	1
CASSRRLGGIDNSPLHF	1
CASSRGMAAITDTQYF	1
CASSRTRGQFF	1
CASSHLSGARSYEQYF	1
CASSHGYGYTF	1
CASSHDTVARGLQETQYF	1
CASSHRIEGQGYGYTF	1
CASSHNSGHYEQYF	1
CASSHLGGYEQYF	1
CASSHSGQGHEQYF	1
CASSHLTDYGYTF	1
CASSHGVGNAGELFF	1
CASSHGPVRVNRNEQFF	1
CASSHGTPVQYF	1
CASSHRGGETQYF	1
CASSQPGLAGDREQFF	1
CASSQQGTVNQPQHF	1
CASSQQTSGPLEQYF	1
CASSQALIQGANEQYF	1
CASSQGLLNTGELFF	1
CASSQGRQETQYF	1
CASSQRGSYEQYF	1
CASSQRDRVYEQYF	1
CASSQKPGDHQETQYF	1
CASSQFHRSSYNEQFF	1
CASSQSSGAGYEQYF	1
CASSQWLGQGQRNYGYTF	1
CASSQLPGGGQVWQETQYF	1
CASSQPILDGRPDTQYF	1
CASSQHLYEQYF	1
CASSQQGYSPLHF	1
CASSQVGTGGGGADGYTF	1
CASSQVYPGGYTF	1
CASSQVGSYEQYF	1
CASSQVGTGKAEAFF	1
CASSQAGPLYGYTF	1
CASSQGIKNYGYTF	1
CASSQGFRGTEAFF	1
CASSQGLGGYNEQFF	1
CASSQGGTSGKQETQYF	1
CASSQGGGEQYF	1
CASSQGEKTGQTEAFF	1
CASSQGIAGVQSDTQYF	1
CASSQGSGDIFSGNTIYF	1
CASSQGLAGYEQYF	1
CASSQGGPNQPQHF	1
CASSQGNNYGYTF	1
CASSQDLGDEQFF	1
CASSQDRWRAGTDTQYF	1
CASSQDQGSFNEQFF	1
CASSQDGLAGDGETQYF	1
CASSQDSEGEADTQYF	1
CASSQDSLPTQYF	1
CASSQDQSGLYNEQFF	1
CASSQDGSSYEQYF	1
CASSQDGGSSYNEQFF	1
CASSQDGNTGELFF	1
CASSQDRGYEQYF	1
CASSQDRDHGYTF	1
CASSQEAGGLYEQYF	1
CASSQETRREGYTF	1
CASSQEPSGVPDTQYF	1
CASSQEVLGYEQYF	1
CASSQEAGGSYEQYF	1
CASSQEGVLQYF	1
CASSQEGSTDTQYF	1
CASSQEGQFSQFF	1
CASSQTSQETQYF	1
CASSQTSGLYNEQFF	1
CASSQRIAGTTPYEQYF	1
CASSQRLAGRTDTQYF	1
CASSQNRRPQETQYF	1
CASSQKIAGGGTDTQYF	1
CASSVLASGGSYNEQFF	1
CASSVRASGGNEQFF	1
CASSVPGTGSYNEQFF	1
CASSVRTSSYNEQFF	1
CASSVTGTSYNEQFF	1
CASSVGQGIGTEAFF	1
CASSVTSGRTDTQYF	1
CASSVFAGEVEQYF	1
CASSVVPTLAGVGEQYF	1
CASSVVRNNEQFF	1
CASSVAGPGGGNEQFF	1
CASSVAFLAGVSDTQYF	1
CASSVADGSNSPLHF	1
CASSVALGTGEDTQYF	1
CASSVGYVRGRRETQYF	1
CASSVGPVRLNEQYF	1
CASSVGGFHQETQYF	1
CASSVGGGAYNEQFF	1
CASSVGGGFYEQYF	1
CASSVGLATYEQYF	1
CASSVGGINQPQHF	1
CASSVGGSTAGAGNEQFF	1
CASSVGDLYSIIHYEQYF	1
CASSVDPGTSNTGELFF	1
CASSVDGGQVYEQYF	1
CASSVDPAGFTDTQYF	1
CASSVEAGRETQYF	1
CASSVESNQPQHF	1
CASSVSSGTSGRASYNEQFF	1
CASSASSTDTQYF	1
CASSALGAGDQPQHF	1
CASSAPPGHLLEEPQYF	1
CASSARTGVGSTDTQYF	1
CASSAHWQGSTDTQYF	1
CASSAAPGAGYEQYF	1
CASSAGGGSGYEQYF	1
CASSAGTLTGELFF	1
CASSAQVHEQFF	1
CASSADSYTDTQYF	1
CASSATGIGTSGTYNEQFF	1
CASSATGTGETQYF	1
CASSASPGYNEQFF	1
CASSAADRFTNEQFF	1
CASSGGGDSYNEQFF	1
CASSGRTDTQYF	1
CASSGRAGRQETQYF	1
CASSGQGNQPQHF	1
CASSGVGSSYEQYF	1
CASSGASGRAWNEQFF	1
CASSGGGRRTDTQYF	1
CASSGGLAGEIYEQYF	1
CASSGTGGLNEQFF	1
CASSGLGPTYEQYF	1
CASSGSYTVTQYF	1
CASSGQRSEQFF	1
CASSGGPYLGGYTF	1
CASSGGTGYTQYF	1
CASSGIRDRENRDYNEQFF	1
CASSGNRGRGTGELFF	1
CASSDRLAGGPGQETQYF	1
CASSDGRGGNTEAFF	1
CASSDTGDEQYF	1
CASSDRLLASEQFF	1
CASSDSGANTGELFF	1
CASSDWDLSSYNEQFF	1
CASSDRDRGIQYF	1
CASSDRQNYGYTF	1
CASSDKRLGTVGTEAFF	1
CASSEGQKNIQYF	1
CASSEDLWDTGELFF	1
CASSEEQGAEQYF	1
CASSERGQGKDEQYF	1
CASSEKDRGDTGELFF	1
CASSIMPTVRLYEQYF	1
CASSITETQYF	1
CASSILIPGTGGLTDTQYF	1
CASSISAGQGRETQYF	1
CASSTSLITGAPRQPQHF	1
CASSTHRDRAYNEQFF	1
CASSTRLAPPGNEQFF	1
CASSTSGTPNSLYEQYF	1
CASSTPGDGSNQPQHF	1
CASSTPEGLAGADYNEQFF	1
CASSTRNTGELFF	1
CASSTGTRRAGNTIYF	1
CASSTRLDADTQYF	1
CASSTAGTGELFF	1
CASSTTDLAGGTDTQYF	1
CASSTTGGAGNQPQHF	1
CASSTGIEETQYF	1
CASSTGLAGAGYEQYF	1
CASSTDGYEQYF	1
CASSTTGTGVTGELFF	1
CASSSKDRGQGFAYEQYF	1
CASSRVAQPTDTQYF	1
CASSRDLAQYF	1
CASSRDTGELFF	1
CASSRDRSGNTIYF	1
CASSRLALNSYEQYF	1
CASSRRGFGTGELFF	1
CASSRQRANTGELFF	1
CASSRGLAGGLFNEQFF	1
CASSNPPGLAGWSSYEQYF	1
CASSNAKSGTSTDTQYF	1
CASSNGYSAFF	1
CASSNIRTGGTDTQYF	1
CASSNARDTYTDTQYF	1
CASSNGRTDNEQFF	1
CASSNDLAGGADTQYF	1
CASSNIQGSYEQYF	1
CASSNRGWYGYTF	1
CASSKLGYDEQFF	1
CASSKGPGGARTGELFF	1
CASSKGQGVDQPQHF	1
CASSKDPYYEQYF	1
CASSKSVKHSSYEQYF	1
CASSKQGYTEAFF	1
CASSKAGQGETDTQYF	1
CASSKGSGYTCNEQFF	1
CASSKDDVGTLHPQFF	1
CASSKDIAGGCNEQFF	1
CASSKDRLNTEAFF	1
CASSKELISGNTIYF	1
CASRFRASSSYNEQFF	1
CASRLAEKGNTEAFF	1
CASRLADTQYF	1
CASRSGTGDADTQYF	1
CASRSQGSRTDTQYF	1
CASRSTIQPQHF	1
CASRSRDRGPGGNQPQHF	1
CASRWPKETQYF	1
CASRLQETQYF	1
CASRLAGVEDTQYF	1
CASRPSVTGSYNEQFF	1
CASRPLTGMYTEAFF	1
CASRPLSSYNEQFF	1
CASRPGTGVYNEQFF	1
CASRPIPGQPKNIQYF	1
CASRPDRDITIYF	1
CASRRRWTDKNTEAFF	1
CASRRGLTEAFF	1
CASRRLGGGGYTF	1
CASRREKQVGELFF	1
CASRHRGVSYEQYF	1
CASRQGYTDTQYF	1
CASRQGGANTGELFF	1
CASRVGGANTGELFF	1
CASRVGELFF	1
CASRVTSTEETQYF	1
CASRVAGITDTQYF	1
CASRASPLREDEAFF	1
CASRAAGAHEQYF	1
CASRARETNTEAFF	1
CASRAGGGQETQYF	1
CASRGGPYGYTF	1
CASRGLSSYNEQFF	1
CASRGTANTGELFF	1
CASRGTDTDTQYF	1
CASRGNGLQNTEAFF	1
CASRGLAGGRDTGELFF	1
CASRGLAGNTGELFF	1
CASRGRTNYEQYF	1
CASRDRGYSQETQYF	1
CASREMSGRLHSYNEQFF	1
CASRESSYEQYF	1
CASREFGTPLVQPQHF	1
CASRIGGRDTEAFF	1
CASRTLAFDTDTQYF	1
CASRRTSGRNEQYF	1
CASRNNEKLFF	1
CASRNPSGGARGEQFF	1
CASRNPLPGDTEAFF	1
CASRNTLSGGYTF	1
CASRNRGTGELFF	1
CASRNRGRETQYF	1
CASRKLAADTQYF	1
CASRKFTVRGVGNTIYF	1
CASRKAGANTGELFF	1
CASRSRDRETDTQYF	1
CASRSDQAGYTF	1
CASRLGTDNSPLHF	1
CASRLQGSETQYF	1
CASRPRQQGGRLDTEAFF	1
CASRPAGNQPQHF	1
CASRPAGHSYNEQFF	1
CASRPQGEGSYEQYF	1
CASRRTGNGYTF	1
CASRHGRYEQYF	1
CASRQGDSYGYTF	1
CASRQFSPSYNEQFF	1
CASRVSSVIGTDTQYF	1
CASRAWDRGRLRSPLHF	1
CASRATSKLAGGTLAKNIQYF	1
CASRGPFANTGELFF	1
CASRGQGLYEQYF	1
CASRDNRRVNYGYTF	1
CASREYLAGGSYEQYF	1
CASRIGLAITDTQYF	1
CASRTHGGPSYEQYF	1
CASRTGGGSYNEQFF	1
CASRTGISSSYNEQFF	1
CASRSDRGGETQYF	1
CASRRNRGRTF	1
CASRRLVGLAEAGSYNEQFF	1
CASRRRGSEQYF	1
CASRNGTGEGTNTEAFR	1
CASRNGLAGLWETQYF	1
CASRKDRGQETQYF	1
CASRKLTGEAQYF	1
CASRKKYNEQFF	1
CASNRGETQYF	1
CASNKRGDGYTF	1
CASNLGGRSKVLGEQYF	1
CASNPGRSSYNEQFF	1
CASNPGQGMGYTF	1
CASNPLFREEQFF	1
CASNPGPDTQYF	1
CASNRDRGLYEQFF	1
CASNVDIPIGTDTQYF	1
CASNGGTATYNEQFF	1
CASNGQGDNSPLHF	1
CASNNLAGLYNEQFF	1
CASKWSEGIREQYF	1
CASKAPGPRPYNEQFF	1
CASKAQGPDGELFF	1
CASKGVVAGEQYF	1
CASKGQDGYQPQHF	1
CASKSSGTGELFF	1
CASKSSGGSYNEQFF	1
CASKNKIARTDTQYF	1
CASKLGRRETQYF	1
CASKPVWDRGLNPAFF	1
CASKRTLNQPQHF	1
CASKMADTQYF	1
CASKRQGDEQYF	1
CASKKGRMVSYEQYF	1
CARGHVNDGTDTQYF	1
CARGTGTSSNEQFF	1
CASARNNEQFF	1
CAIGGQGALNYGYTF	1
CASAREYYNEQFF	1
CSLEGSGEDTQYF	1
CPKTLSYNSPLHF	1
CAGGLKRGTQYF	1
CAISPGLVDYSYNEQFF	1
CATRPEDNEQFF	1
CATSLGTGSYEQYF	1
CATRSPTATNEKLFF	1
CASRLAGGGNEQFF	1
CASNPGGSTDTQYF	1
CASFSQGDSPLHF	1
CASSLLPAKNIQYF	1
CASSSTRRPNQPQHF	1
CASQTSGTDTDTQYF	1
CASVSRASGNQPQHF	1
CASATGTGETIQYF	1
CASGSGANTGELFF	1
CASGRGGTQETQYF	1
CASGDGQVYEQYF	1
CASDEGQGVRGQFF	1
CASIQANTQYF	1
CASISQGATEAFF	1
CASIQGRSDTQYF	1
CASTGGETQYF	1
CASTFHSGGTEAFF	1
CASTWGNTGELFF	1
CASTITTGYNEQFF	1
CASTTSNPTNEKLFF	1
CASTRSQRLGTDTQYF	1
CASTNLQGEGGEQFF	1
CASTNRPGQGIYEQYF	1
CASSYGTDSYGYTF	1
CASSYKDANYGYTF	1
CASSLLGQGHGYTF	1
CASSLTGAAGEGNEQFF	1
CASSPTGERDNQPQHF	1
CASSPGLAGYEQYF	1
CASSRLPRDEQYF	1
CASSRIDSSYEQYF	1
CASSHHSGNTGELFF	1
CASSQVGGLDYEQYF	1
CASSVGQGFNEQYF	1
CASSAGTTRHEQFF	1
CASSGGHAEQYF	1
CASSDRQHYSYEQYF	1
CASSESGEGGTEQYF	1
CASSESYSGRPYEQYF	1
CASSESAFTDTQYF	1
CASSESTPIVEFF	1
CASSESTQLLVGELFF	1
CASSELVSGWGSGELFF	1
CASSELQRAGGTDTQYF	1
CASSEQGPVTQYF	1
CASSEGANTAPRQFF	1
CASSEGRYNEQFF	1
CASSETGRGSYEQYF	1
CASSERDSGYNEQFF	1
CASSERGARDEQYF	1
CASSETYEQYF	1
CASSRNHRDIRNIQYF	1
CASSKTGDPYGYTF	1
CASSFPPGGNTEAFF	1
CASSFPGQEERNTF	1
CASSFGQGNEQFF	1
CASSFDPRPGDTQYF	1
CASSFEGDQPQHF	1
CASSFTTGGLEAFF	1
CASSFRTNEQYF	1
CASSFNGNTEAFF	1
CASSFSRDTNYGYTF	1
CASSFYEQYF	1
CASSFLQGTNEKLFF	1
CASSFAGIGNTEAFF	1
CASSFGSLASGDRNYEQYF	1
CASSFGGPVYEQYF	1
CASSFGLAVPTYEQYF	1
CASSFEEGYNEQFF	1
CASSFRRAGSNQPQHF	1
CASSLFTSGGYNEQFF	1
CASSLFRGQPQHF	1
CASSLFVSTYEQYF	1
CASSLFAGELFF	1
CASSLLGHSTDTQYF	1
CASSLSSTTGELFF	1
CASSLLRDGSYEQYF	1
CASSLLDRGSSEQYF	1
CASSLLARAGELFF	1
CASSLLIRGSTDTQYF	1
CASSLPGQLLYEQYF	1
CASSLHPRDRLILDGYTF	1
CASSLQGPYEQYF	1
CASSLQGMSNQPQHF	1
CASSLQGINADTQYF	1
CASSLQGNSNQPQHF	1
CASSLVLPGLETYEQYF	1
CASSLVMPDTQYF	1
CASSLVQYNEQFF	1
CASSLVAGGMPDTQYF	1
CASSLVIDEKLFF	1
CASSLVLADGELFF	1
CASSLVGVGGAINEQYF	1
CASSLALSTDTQYF	1
CASSLAVRTGDGYTF	1
CASSLADTGELFF	1
CASSLASGEFNYGYTF	1
CASSLAYGGATDTQYF	1
CASSLAPGLNYEQYF	1
CASSLARPDTGELFF	1
CASSLAHGPYEQYF	1
CASSLAVGSLNTEAFF	1
CASSLAVSTDTQYF	1
CASSLAAGNEKLFF	1
CASSLAAGGGTGELFF	1
CASSLAGTAGNIQYF	1
CASSLADRELFF	1
CASSLADSSYNEQFF	1
CASSLAESYEQYF	1
CASSLATGQRPQHF	1
CASSLANPGRDEQYF	1
CASSLALQRDSRELFF	1
CASSLAGHTNTGELFF	1
CASSLALAGGNEQFF	1
CASSLAGESTEAFF	1
CASSLADRVVNTEAFF	1
CASSLGLGTSGRDYEQYF	1
CASSLGPSSGNTIYF	1
CASSLGGYEQYF	1
CASSLGPPPMNTEAFF	1
CASSLGQNTGELFF	1
CASSLGWRNEQFF	1
CASSLGLTTSGYTDTQYF	1
CASSLGPGNTEAFF	1
CASSLGVGPYEQYF	1
CASSLGGSDTDTQYF	1
CASSLGDSYEQYF	1
CASSLGEGSINQPQHF	1
CASSLGISGSPYVGTAGELFF	1
CASSLGTANTEAFF	1
CASSLGTGAQPQHF	1
CASSLGLSGQPQHF	1
CASSLGLLAYEQYF	1
CASSLGHTDTQYF	1
CASSLGQTNYGYTF	1
CASSLGGPYEQYF	1
CASSLGGAADTQYF	1
CASSLDSGSATDTQYF	1
CASSLDASYNEQFF	1
CASSLDGQGFAEAFF	1
CASSLDRYTSKGHEQYF	1
CASSLDATGSSYNEQFF	1
CASSLDARGYSNQPQHF	1
CASSLDGISRSSYNSPLHF	1
CASSLDEGWYEQYF	1
CASSLDRPVPSYEQYF	1
CASSLDRGRLNSPLHF	1
CASSLDRGTGELFF	1
CASSLDRGTDTQYF	1
CASSLDRGTSYEQYF	1
CASSLDRKVSEAFF	1
CASSLDRGRTDTQYF	1
CASSLELEDGYSGNTIYF	1
CASSLESSGRAYEQYF	1
CASSLESGGVYNEQFF	1
CASSLERGYTGELFF	1
CASSLEATGELFF	1
CASSLEAGGTSYEQYF	1
CASSLEGRSGNTIYF	1
CASSLERQRYGYTF	1
CASSLESAEAGYTF	1
CASSLELSRELFF	1
CASSLEGPGVSNEQFF	1
CASSLEGREDYEQYF	1
CASSLEGSTDTQYF	1
CASSLEGSSYEQYF	1
CASSLEEIGDRSLRNIQYF	1
CASSLIVQGSSPLHF	1
CASSLMPSGGNEQFF	1
CASSLTRLNTEAFF	1
CASSLTQGSRANEQFF	1
CASSLTDRGLRGTGELFF	1
CASSLTEGQPQHF	1
CASSLSRTGHTGELFF	1
CASSLRVDSPFNYGYTF	1
CASSLNGDYYEQYF	1
CASSLPGGFEQYF	1
CASSLQGGYTEAFF	1
CASSLQGYTEAFF	1
CASSLGSADTQYF	1
CASSLGASLINEKLFF	1
CASSLGGGRLNVYNSPLHF	1
CASSLGGIGDSPLHF	1
CASSLTGTADIFYGYTF	1
CASSLTGSYTF	1
CASSLKGEQGEAFF	1
CASSSGPVPGELFF	1
CASSSGVADTEAFF	1
CASSSDRVRYEQYF	1
CASSSSQGTGELFF	1
CASSSSGGYTGELFF	1
CASSSWTSGKMAGELFF	1
CASSSPGQGPPYEQYF	1
CASSSRTGNTEAFF	1
CASSSQGATTEAFF	1
CASSSAGFGDTQYF	1
CASSSGHTENTGELFF	1
CASSSEAVAGLRSTDTQYF	1
CASSSRSGPVELFF	1
CASSSYFQRTGEGEKLFF	1
CASSSPLLPGSGYTF	1
CASSSGGQPNQPQHF	1
CASSSGQIGQPQHF	1
CASSSDSFNTEAFF	1
CASSSEVNSPLHF	1
CASSSIGGRHTGELFF	1
CASSSTGDHEQYF	1
CASSSSGTAYNEQFF	1
CASSSTSGATYNEQFF	1
CASSWVSRLYTGELFF	1
CASSWGGDTQYF	1
CASSWGTGGIYNEQFF	1
CASSWGSQGANYGYTF	1
CASSWGLAGAYNEQFF	1
CASSWDSSYEQYF	1
CASSWDRLNTEAFF	1
CASSWIAGANAKNIQYF	1
CASSWTGGDGYTF	1
CASSWTGGFEQYF	1
CASSYLGQGPLEQYF	1
CASSYRTSANTGELFF	1
CASSYSGPNTGELFF	1
CASSYFFGTRINEQFF	1
CASSYRQSSYEQYF	1
CASSYGGPGDTEAFF	1
CASSYGLATYEQYF	1
CASSLYGAKLGANTEAFF	1
CASSLGPSGPSTDTQYF	1
CASSLILQGLKGANTEAFF	1
CASSLYYSPLDLQYF	1
CASSLANEQFF	1
CASSLQVGRVQDTQYF	1
CASSLGGVSNQPQHF	1
CASSLEITGELFF	1
CASSLTGTSNTGELFF	1
CASSLTGTAFYEQYF	1
CASSLSGLGLTNEQFF	1
CASSLRLAGGSTDTQYF	1
CASSLQGGGGYTF	1
CASSLGTGASTGELFF	1
CASSLGSGAYEQYF	1
CASSLDPTGGGQPQHF	1
CASSLSGRTDTQYF	1
CASSLSTASGSSYEQYF	1
CASSPSFYGGNEQFF	1
CASSPGTSGNQFF	1
CASSPTGEQNYGYTF	1
CASSPKGTGYNEQFF	1
CASSPSTGGYEQYF	1
CASSPWTSGVYEQYF	1
CASSPLISGSYEQYF	1
CASSPPGKYTQYF	1
CASSPPSNEQFF	1
CASSPPGLAKRELFF	1
CASSPRRIGSTDTQYF	1
CASSPRGTGLDEQYF	1
CASSPRTSFDTQYF	1
CASSPGLRGGYEQYF	1
CASSPGTGGMAFF	1
CASSPGQGNEQFF	1
CASSPGKILWGGTF	1
CASSPIGQGYEQYF	1
CASSPSYGTSVTDTQYF	1
CASSPRLGLGMNTEAFF	1
CASSPSRGAGKETQYF	1
CASSPLDSLNSPLHF	1
CASSPQYRSSYEQYF	1
CASSPGQGVYEQYF	1
CASSPGGSTDTQYF	1
CASSPEPQGALDTQYF	1
CASSPTGTDITGELFF	1
CASSPRQGTGELFF	1
CASSPQGANTEAFF	1
CASSPGQETDTQYF	1
CASSPGRGTETYEQYF	1
CASSPTTNYGYTF	1
CASSRAGSMGYDTEAFF	1
CASSRGHQGNTEAFF	1
CASSRLDRGGDTQYF	1
CASSRGTLYEQYF	1
CASSRAPIAGQQFF	1
CASSRDPDSGNTIYF	1
CASSRDRANTGELFF	1
CASSRTSGRAYEQYF	1
CASSRGAAEALFDEQYF	1
CASSRTGARSRIYGYTF	1
CASSHQSGNGYTF	1
CASSHVAGIRVRNQPQHF	1
CASSHEPLGVWPLQYF	1
CASSHFRGGATDTQYF	1
CASSHYGQGAYEQYF	1
CASSHPGELFF	1
CASSHPGQGTNQPQHF	1
CASSHHQRGLGLNSSYEQYF	1
CASSHATGAGEETQYF	1
CASSHGHRIGYEQYF	1
CASSQLEDRTYEQYF	1
CASSQRQGLYGELFF	1
CASSQGGREYNEQFF	1
CASSQGTGPYEQYF	1
CASSQDRGFGYTF	1
CASSQRRTGPHEQYF	1
CASSQYGSSAGELFF	1
CASSQYTGVNQPQHF	1
CASSQPSRRDLGGYTF	1
CASSQPTGEGDSNQPQHF	1
CASSQPLRGSYNEQFF	1
CASSQPATGGFGTQYF	1
CASSQRTGNEAFF	1
CASSQHWGEWQPQHF	1
CASSQHVMGASGAGELFF	1
CASSQVPSTQETQYF	1
CASSQVPAAERSRRVF	1
CASSQVRGRGYTF	1
CASSQVGAPGPNIQYF	1
CASSQVGDSSYEQYF	1
CASSQVFGSVEYF	1
CASSQVPRFGTDTQYF	1
CASSQVGQGAWNEQFF	1
CASSQALDNEQFF	1
CASSQATAETYEQYF	1
CASSQAEGQTYEQYF	1
CASSQGLGEGRHEQFF	1
CASSQGSGLAAEAYNEQFF	1
CASSQGYRDGTDTQYF	1
CASSQGDPYEQYF	1
CASSQGPVQETQYF	1
CASSQGSAQYF	1
CASSQGLGETQYF	1
CASSQGGVYEQYF	1
CASSQDFLADSYNEQFF	1
CASSQDFASPKRNEQFF	1
CASSQDSPSGYNEQFF	1
CASSQDSGSSYNEQFF	1
CASSQDWSNQPQHF	1
CASSQDLGYEQYF	1
CASSQDQAAGARYEQFF	1
CASSQDAAGGNTGELFF	1
CASSQDEAGPSWEYF	1
CASSQDSGSSTRNIQYF	1
CASSQDNRGYYEQYF	1
CASSQDAGGHTDTQYF	1
CASSQEWTSGTYEQYF	1
CASSQEQRGPGNEQFF	1
CASSQEAAPEQFF	1
CASSQEGGRGEQFF	1
CASSQEMVATNEKLFF	1
CASSQERQALVYTDTQYF	1
CASSQTALAGGNTGELFF	1
CASSQTDRGGYNEQFF	1
CASSQSTGPGTGELFF	1
CASSQNLAGTYNEQFF	1
CASSQKAVQETQYF	1
CASSVGDRLSNSPLHF	1
CASSVSGSDYGYTF	1
CASSVGTDYGYTF	1
CASSVRQGSSYNEQFF	1
CASSVAGLGSYNEQFF	1
CASSALAGAHTGELFF	1
CASSARDRAYEQYF	1
CASSAQGAGYGYTF	1
CASSADREKWNEQFF	1
CASSGGTMNTEAFF	1
CASSGTSGRSYEQYF	1
CASSGPGRGPYNEQFF	1
CASSDPIRLAKNIQYF	1
CASSDQGTNEQYF	1
CASSDQSRHQSSYNEQFF	1
CASSEGPTFSYEQYF	1
CASSEARTYEQYF	1
CASSETSGQETQYF	1
CASSMDRSGELFF	1
CASSIQGGPNYGYTF	1
CASSTVRDPPYEQYF	1
CASSTPLVGEATDTQYF	1
CASSTAGTGISEQYF	1
CASSTGTGIPGNTIYF	1
CASSTGQENPTDTQYF	1
CASSTGTGTDTQYF	1
CASSTSPSFTYEQYF	1
CASSSGAGAKNIQYF	1
CASSRDGTGELFF	1
CASSRTGDTDTQYF	1
CASSRGTGKNTEAFF	1
CASSKDNFGYTF	1
CASRLGTYNYNEQFF	1
CASRWTGPGTEAFF	1
CASRLAGTTNEKLFF	1
CASRRGKLTDTQYF	1
CASRGQGIFGEQYF	1
CASRNTGANEQFF	1
CASRSGGDPSTDTQYF	1
CASRSLAGANTGELFF	1
CASRLGMGAGTDTQYF	1
CASRPLGEKGGYTF	1
CASRPRTGDTEAFF	1
CASRPAGAPYNEQFF	1
CASRVAGEGYNEQFF	1
CASNPSGLTDTQYF	1
CASNQSWEGTDTQYF	1
CASNTQGITNTGELFF	1
CASKALLATNEQFF	1
CASKESGPDTQYF	1
CASKLAGHNEQFF	1
CASQGQMNTEAFF	1
CGARGRDEQFF	1
CGDRGSPYGYTF	1
CSPKWGQETQYF	1
CSPQGPLDEQFF	1
CSVSPVQGYQETQYF	1
CSVTPGAEDTQYF	1
CSVTQPGVGNEQFF	1
CSVGGSYNEQFF	1
CSVPDELYEQYF	1
CSAFRGDVGQPQHF	1
CSASSGRVVNEQFF	1
CSASPIGYNEQFF	1
CSASRAGGELFF	1
CSASPGQGYNEQFF	1
CSASQRDEQYF	1
CSAYRQGLGGYNQPQHF	1
CSAYRTDTQYF	1
CSALLAGVNEQFF	1
CSALGQPDEQFF	1
CSAPLAGGTDTQYF	1
CSAPRDIFSYEQYF	1
CSAPAPGLGYNEQFF	1
CSAPGRAGHTDTQYF	1
CSAPTGTSGHSQETQYF	1
CSARGDRADSMRGGYTF	1
CSARGGGETMDNTF	1
CSAHSGTDSYNEQFF	1
CSAHKRENLVIETQYF	1
CSAQPRTPSYEQYF	1
CSAQRTRYEQYF	1
CSAVNRGAPQETQYF	1
CSAVWAVDQETQYF	1
CSAVPGSTDTQYF	1
CSAVTADTGELFF	1
CSAARSEGTGELFF	1
CSAGLYEQYF	1
CSAGTFRTSGMEEQFF	1
CSAGTGARALYQPQHF	1
CSAGGTSGSGNEQFF	1
CSAGEGVLETQYF	1
CSADMDEPADTQYF	1
CSADWGQGFSYEQYF	1
CSAERPGQASYEQYF	1
CSAIDVLGETQYF	1
CSAIIQNTGELFF	1
CSATTGVEQFF	1
CSATFSRLYGYTF	1
CSATPRHGRSSYEQYF	1
CSATPRDRVKNPYEQYF	1
CSATDRVYNSPLHF	1
CSATGSYEQYF	1
CSATKQFANPSVHRPEAFF	1
CSATQGLAVSYEQYF	1
CSATRAGPLYEQYF	1
CSASFRWGTREEQYF	1
CSASSAGGPSDTQYF	1
CSASSTGSYYEQYF	1
CSASGDRDYEQYF	1
CSASGQGNIQYF	1
CSASDRRESSYNSPLHF	1
CSASRRASGSGTDTQYF	1
CSASLRGGTGYTF	1
CSASPTSYEQYF	1
CSASRSGTGELFF	1
CSASRGLAVEQYF	1
CSASRTPKDYEQYF	1
CSASVIYEQYF	1
CSASGVAGASTDTQYF	1
CSASGTSGGADTQYF	1
CSASGLVGNEQFF	1
CSASELEAARPQHF	1
CSASTNRAYQPQHF	1
CSASRTESNEKLFF	1
CSASNGGYNEQFF	1
CSARSGDLAGEGNEQFF	1
CSARQTLPDTQYF	1
CSARVGGDIQYF	1
CSARAEWLGATYEQYF	1
CSARDYNEQFF	1
CSARIPLAGVTITDTQYF	1
CSARIGGAYNSPLHF	1
CSARTQLAGGLNEQFF	1
CSARTSGETQYF	1
CSARTGISYEQYF	1
CSARRGFLDQPQHF	1
CSARRGQRQETQYF	1
CSARFDREGRDTQYF	1
CSARFGRLTGELFF	1
CSARFDNEQFF	1
CSARLERSSGGYNEQFF	1
CSARLRVLAAYNEQFF	1
CSARSQRTTTYEQYF	1
CSARYTSGGRTDTQYF	1
CSARPPAGGPYEQYF	1
CSARPPPGLASDTQYF	1
CSARPRLAGVVDEQFF	1
CSARRRDRGLNTEAFF	1
CSARRTSGRSYNEQFF	1
CSARRQATEAFF	1
CSARRNTGNTEAFF	1
CSARHRDRANSPLHF	1
CSARQAGALYNEQFF	1
CSARVATGGFSEQFF	1
CSARVGTPTGELFF	1
CSARVGPSTDTQYF	1
CSARVGPGISNQPQHF	1
CSARVTGTDTQYF	1
CSARVRPTQGPYGYTF	1
CSARAFGSSTDTQYF	1
CSARAASQPLRPNTGELFF	1
CSARAGTSRETQYF	1
CSARAEAAGSYEQYF	1
CSARAGSGVYEQYF	1
CSARGLSGDTSYEQYF	1
CSARGDTDTYEQYF	1
CSARGRVGETQYF	1
CSARGPGGPHEQFF	1
CSARGVREDYGYTF	1
CSARGGSSYEQYF	1
CSARGDRPSETQYF	1
CSARGETPDSGELFF	1
CSARGMMLPGAEAFF	1
CSARGALAGGRGDTQYF	1
CSARDLAGGLSYEQYF	1
CSARDLPSYEQYF	1
CSARDLRDSNTGELFF	1
CSARDPRVGYEQYF	1
CSARDPQGSGRVPQFF	1
CSARDPGGVTDTQYF	1
CSARDRWGLAGGAGELFF	1
CSARDHRAAIETQYF	1
CSARDQLGFRYGYTF	1
CSARDVGWQYF	1
CSARDGGQGKDTQYF	1
CSARDERQGEADTQYF	1
CSARDNRDTLQETQYF	1
CSARDKRAGGGNQPQHF	1
CSARDYSGGLPNEQFF	1
CSARDPRRRVAETQYF	1
CSARDGTETYEQYF	1
CSAREARYNEQFF	1
CSAREGFYPEAFF	1
CSARENGNNQPQHF	1
CSAREKRGFQETQYF	1
CSARESRSGTGSNQPQHF	1
CSAREGRQGGEQFF	1
CSAREMRRSYEQYF	1
CSARTGGRTRGYF	1
CSARSGFTDTQYF	1
CSARNPFQETQYF	1
CSARNVRGWPQHF	1
CSARKTGFTDTQYF	1
CSANSGTSGSDEQFF	1
CSANGAGGRNEQFF	1
CSANRASGYYEQYF	1
CSAKGVQETQYF	1
CSAKLGGLGEQFF	1
CSALRGQGKQYF	1
CSALQGGATNTGELFF	1
CSAPGLAANTDTQYF	1
CSAPLSGGTQETQYF	1
CSARRTGKDIQYF	1
CSAHPGGPINSPLHF	1
CSAHSLYEQYF	1
CSAQGLAPFREQYF	1
CSAVSGGGGTDTQYF	1
CSAGGFNDEQYF	1
CSADLFSGGTPGF	1
CSAEGLAGITQYF	1
CSAEDRADSSELFF	1
CSAIPGTGNQPQHF	1
CSATLGEGLGAGELFF	1
CSANIAGGPDTQYF	1
CSAKRFSTDTQYF	1
CSASGTERTDTQYF	1
CSARPDFPYEQYF	1
CSAQDRDNVRYTF	1
CSATWPAQAYEQYF	1
CSANRFAGPLTDTQYF	1
CSALNQGYEQYF	1
CSARTGGETQYF	1
CSAAALRANYGYTF	1
CSATGTSGYNEQFF	1
CSATDGRGGYTF	1
CSATELAQRETQYF	1
CSGRRTSGHLRSNIQYF	1
CSGVVTGSYEQYF	1
CSGSSGGYSYEQYF	1
CSTYPGEGGYGYTF	1
CSSGGGTRRPYNEQFF	1
CSLGDRKRNEQFF	1
CSVSRGAHEQYF	1
CSVSGRGETQYF	1
CSVSLGGTEYEQYF	1
CSVSAGVQETQYF	1
CSVSGQGVYEQYF	1
CSVYDTTRSNEQFF	1
CSVLSIGQGPYEQYF	1
CSVLRDRGHEQYF	1
CSVRVLGIHEQYF	1
CSVQGWNTDTQYF	1
CSVVGLAGNNEQFF	1
CSVVKNAAQETQYF	1
CSVVGIEGQLRGTEAFF	1
CSVVVKNTDTQYF	1
CSVVGPLSYNEQFF	1
CSVVGGNIQYF	1
CSVVGPLKGEKLFF	1
CSVVTVSYEQYF	1
CSVVYRGYTEAFF	1
CSVVRGSNEQFF	1
CSVVAGAPEAFF	1
CSVVGKGETQYF	1
CSVVEVGETQYF	1
CSVAGGADTQYF	1
CSVASHSTDTQYF	1
CSVARGAGELFF	1
CSVAQGGRDEQFF	1
CSVAGQGAYNEQFF	1
CSVATDSSGNTIYF	1
CSVAHRLSYNEQFF	1
CSVGRTRVNYEQYF	1
CSVGGRATDTQYF	1
CSVGLSYEQYF	1
CSVGQGHGTGELFF	1
CSVGGTVTYEQYF	1
CSVGDFTDTQYF	1
CSVGDRVSYEQYF	1
CSVGESTDTQYF	1
CSVDFAGSGELFF	1
CSVDLMLVGKGDTQYF	1
CSVDSGAREQYF	1
CSVDLVNEQFF	1
CSVDQGASEQYF	1
CSVDGGGMNTEAFF	1
CSVDTGSLYEQYF	1
CSVDLPDRVPGGYTF	1
CSVDPGEETQYF	1
CSVDRVAKTQYF	1
CSVDELSQETQYF	1
CSVDRAKETQYF	1
CSVELSPYEQYF	1
CSVEGQGGSYEQYF	1
CSVEGGVSETQYF	1
CSVESPGSGYTF	1
CSVEWTGTAYNEQFF	1
CSVERVDTHYNEQFF	1
CSVEVRLAGDNEQFF	1
CSVEVTGRGLYEQYF	1
CSVEGPPGQPTDTQYF	1
CSVEDLLGNIQYF	1
CSVEDLRPDTQYF	1
CSVEDPGLSSYEQYF	1
CSVEDGRETQYF	1
CSVEELTWGTGLEREYNEQFF	1
CSVEERQGGDYEQYF	1
CSVEEVGAFSVF	1
CSVITGARAYEQYF	1
CSVTGLAGPHTGELFF	1
CSVTTTGTSSYNEQFF	1
CSVRTGSIETQYF	1
CSVKAGEDEQYF	1
CSVKGSPSTDTQYF	1
CSVSEGNQPQHF	1
CSVLLQGKQPQHF	1
CSVRTSGSTDTQYF	1
CSVHRGGGETQYF	1
CSVQGQGSYNEQFF	1
CSVGFGQGYDGYTF	1
CSVDTSSTDTQYF	1
CSVDRGAGETQYF	1
CSVTGPPGTGPTYEQYF	1
CSVSVINYGYTF	1
CSVWTSAQETQYF	1
CSVPRPGVNEQFF	1
CSVAGTSGAELVTYNEQFF	1
CSVTFRTPYNEQFF	1
CSVKTGQPSTDTQYF	1
CSVARPGRPYNEQFF	1
CSASTGPYEQYF	1
CSAGGTGGDFQYF	1
CSAIDWDEQYF	1
CSAKDRGGITDTQYF	1
CSASGGTKYNEQFF	1
CSAARKTTDTQYF	1
CSAERLAGYNEQFF	1
CSAEQGSYEQYF	1
CSARGLNYEQYF	1
CSAAGFTDTQYF	1
CSADGQSF	1
CSAWDRGTDIQYF	1
CSAEKDRDQETQYF	1
CSGDRFF	1
CSGGTGSNEQFF	1
CSGTRSADTQYF	1
CSGREAIPGELFF	1
CSGLAGRQETQYF	1
CSGGRAPKETQYF	1
CSEFGRYNEQFF	1
CSIPGQGVASDPYEQYF	1
CRRGLAVSYEQYF	1
CNTFRGLNTGELFF	1
PHGGETQYF	1
RASISRAGVYNEQFF	1
RASSLSLLDSFSDSPLHF	1
RASSFLGGQGGTEAFF	1
RASSLTSTSGRLYNEQFF	1
RASSSRTYQMVGTYEQYF	1
RGPFGDPHEQFF	1
QKGQVGEKLFF	1
CASSLGLAGFKETQYF	3
CAISEPSGARSSYNEQFF	2
CASWGDPEADTEAFF	2
CASMEAAGANVLTF	2
CASSLGPEGSYNEQFF	2
CASSERDFWGETQYF	2
CASSLVEPQETQYF	2
CASSWGQNQETQYF	2
CASSLTSGLAKNIQYF	2
CASSPTRLAGVRGGELFF	2
CASSRTGRGYTEAFF	2
CASSQGEASYNEQFF	2
CASRDAKETQYF	2
CATAGAFSEQFF	2
CASGNPINEQFF	2
CASSFLPGPQETQYF	2
CASSFLAGGRYYNEQFF	2
CASSLAEVSYEQYF	2
CASSLRAGGDEQFF	2
CASSPGTGETQYF	2
CSAIWDTSYNEQFF	2
CSARVGLAGGPTGTDTQYF	2
CSAGQGGYEQYF	2
SASSLEVSNYGYTF	1
CSSQGDNTGELFF	1
CALSSGPGELFF	1
CASGRDTNTGELFF	1
CASLSASGDPPYEQYF	1
CASGFNGEAKNIQYF	1
CASGLVHTGELFF	1
CASGLAILVGGDIEQFF	1
CASSGTSGKTGELFF	1
CASRSFLGGGELFF	1
CASQLLEGTDTQYF	1
CASGGQGYNEQFF	1
CAWTKIRGQPQHF	1
CAWSSRAQETQYF	1
CAWSYLIKNYGYTF	1
CAWSPKTGVIYEQYF	1
CAWSPPSGTSGILYF	1
CAWSVLAQGWFGTEAFF	1
CAWSVLGTSGSTEQYF	1
CAWSVQGPETQYF	1
CAWSVGQGRQPQHF	1
CAWSGRANYGYTF	1
CAWSGVSGYTF	1
CAWSGELAGGETQYF	1
CAWSGGREQYF	1
CAWSDRGHQPQHF	1
CAWSKVYIMWGNTEAFF	1
CAWSLGNIQYF	1
CAWSLSGSSYNEQFF	1
CAWNSRLSTDTQYF	1
CAASPSTTYEQYF	1
CAARGPDGPEQYF	1
CAAKGQGVTGELFF	1
CAAPGTGPFYGYTF	1
CAGRLAENTGELFF	1
CAGGSGGGGFHEQFF	1
CAGKTDPFEVNEQYF	1
CAGKSGADTDTQYF	1
CAIPAGAPYEQYF	1
CAIRGFGDEQYF	1
CAITLGLWNTGELFF	1
CAISSGGPNTGELFF	1
CAISSAGAQETQYF	1
CAIPPGEQYF	1
CAIRSRGDTGELFF	1
CAIAGTGNTEAFF	1
CAIASGRAGEQYF	1
CAIAGGSYNEQFF	1
CAIGREEGEQFF	1
CAIGGPSSYEQYF	1
CAIDRYAGEVPADTQYF	1
CAITPSREDEQFF	1
CAITVGREISYNEQFF	1
CAITERGRDYEQYF	1
CAITTGGTDTQYF	1
CAISSSEGQQETQYF	1
CAISSTGSGPGEQFF	1
CAISYGRQSEQYF	1
CAISPRGPTGELFF	1
CAISPTSGSFNEQYF	1
CAISVGDRGETQYF	1
CAISVGIGSGDEQFF	1
CAISVTGVYYEQYF	1
CAISASGSSYNEQFF	1
CAISASRDRGHNEQFF	1
CAISAGGSSYNEQFF	1
CAISATMNTEAFF	1
CAISASSGTHNEQFF	1
CAISADRDSEGSSSYNEQFF	1
CAISGVPGLAGAIQETQYF	1
CAISGGKETQYF	1
CAISGTADNEQFF	1
CAISGTGIRGGEQYF	1
CAISGLAGGNNEQFF	1
CAISDPEGAAYGYTF	1
CAISDPSYEQYF	1
CAISDRRTSGRYNEQFF	1
CAISDRGGSGSYDAEQFF	1
CAISDVQGAWEQFF	1
CAISDGGLAIQETQYF	1
CAISDIPSGEETQYF	1
CAISDSATGTRAYEQYF	1
CAISDYRDTRTDTQYF	1
CAISDRADSRRETQYF	1
CAISDVPGVTEQYF	1
CAISDRVWDTQYF	1
CAISELQGSYEQYF	1
CAISELNVGYEQYF	1
CAISELYSGRMSNQPQHF	1
CAISESPGTDEQFF	1
CAISESQLLQETQYF	1
CAISESVGIRNNQPQHF	1
CAISESATEDNEQYF	1
CAISESASGYEETQYF	1
CAISESDGIYEQYF	1
CAISESKASQLAGFINEQFF	1
CAISESGYEQYF	1
CAISESKAGDVAIQYF	1
CAISEWTSGRETQYF	1
CAISEPPELGTDTQYF	1
CAISEAGFGPYNEQFF	1
CAISEDTSSTRYGTQYF	1
CAISETQTGKNIQYF	1
CAISERAGVFADTQYF	1
CAISEGEDTGELFF	1
CAISEGGEQFF	1
CAISETSGPVTDTQYF	1
CAISESKGNSGNTIYF	1
CAISDLGAWAYFSYEQYF	1
CAISDPGNQPYTDTQYF	1
CAIRPLENYNEQFF	1
CAIRPGLAVYEQYF	1
CAIRASGVKVVDEQYF	1
CAIRAGAYGYTF	1
CAIRGGAGAYEQYF	1
CAIRTSGPYEQYF	1
CAIRTERNEQFF	1
CAIRSGTSTDTQYF	1
CAIRRTSGAYNEQFF	1
CAIRGPRITPTRDTQYF	1
CAIRDRADNEQFF	1
CAIKMDSLPYEQYF	1
CAIKDPGTAKADTQYF	1
CAILDRGLRFF	1
CATAPLAGAYNEQFF	1
CATTRTSGVYEQYF	1
CATWFPYEQYF	1
CATPRDSNEKLFF	1
CATRGGGPRETQYF	1
CATRRVGAFF	1
CATHEAIGGDTEAFF	1
CATAGTQLWDEQFF	1
CATAGRGGAYNEQFF	1
CATGAGSYNEQFF	1
CATGRTGIETQYF	1
CATGDSPLYEQYF	1
CATGTASPSREQYF	1
CATEDLQTQYF	1
CATMTSGDSNEQFF	1
CATTSIRGGGSSYEQYF	1
CATTPGGRAGELFF	1
CATTGPRYVRNTIYF	1
CATSFGDGSYNEQFF	1
CATSSPGNQETQYF	1
CATSSSGEKHNEQFF	1
CATSPSSYNEQFF	1
CATSPRKYEQYF	1
CATSPGQYSNQPQHF	1
CATSRDLSYEQYF	1
CATSRGRTGNEQFF	1
CATSVWGQETQYF	1
CATSALTDTQYF	1
CATSAPTRGRVGELFF	1
CATSARGGVETQYF	1
CATSAVQGSEQYF	1
CATSGSATDTQYF	1
CATSGGRGAGAINEQFF	1
CATSGRQSLEAFF	1
CATSGHPRETQYF	1
CATSGVGHDGFNEQFF	1
CATSGPGGMVNEQFF	1
CATSDFNSGMGADTQYF	1
CATSDFLTEDTDTQYF	1
CATSDFRPTSGSSYNEQFF	1
CATSDLFQGEQFF	1
CATSDLLGREQFF	1
CATSDLLTGDTGELFF	1
CATSDLPLAPNTGELFF	1
CATSDLPRPDTQYF	1
CATSDLRWERGYTF	1
CATSDLQQPTFPTDIQYF	1
CATSDLAGPWETQYF	1
CATSDLGDYGTGELFF	1
CATSDLMRPEQFF	1
CATSDSPTYEQYF	1
CATSDSGAEQYF	1
CATSDCPGLAGHNEQFF	1
CATSDWTSEETQYF	1
CATSDYVPDTQYF	1
CATSDYGNTGELFF	1
CATSDPSKEQFF	1
CATSDPSGSQETQYF	1
CATSDPHGQQREEQYF	1
CATSDPGSQEPFQPQHF	1
CATSDPGQGAPYNEQFF	1
CATSDRLDRGGTDTQYF	1
CATSDRLAGRSYF	1
CATSDRTSGQETQYF	1
CATSDRKGMVPQHF	1
CATSDARVKNIQYF	1
CATSDAGLGNEQFF	1
CATSDGGQGRDYNEQFF	1
CATSDTPGPDNEQFF	1
CATSDRYEQYF	1
CATSDRTSGNTDTQYF	1
CATSDKLYGYTF	1
CATSDPGHPQETQYF	1
CATSDPLVGRETQYF	1
CATSDRTGKATDTQYF	1
CATSDQVVQETQYF	1
CATSDERRSSYNEQFF	1
CATSDTTSAHNEQFF	1
CATSESRGTPTQDTQYF	1
CATSEPTGMNTGELFF	1
CATSERNEQFF	1
CATSETGTGYDEQFF	1
CATSETGRFYEQYF	1
CATSTQPGTSSLGEQFF	1
CATSNSGTGVTDTQYF	1
CATSSGQGFDEQYF	1
CATSRVGSSYEQYF	1
CATSGGGGAGSSYEQYF	1
CATSTVLGDRQFF	1
CATSRVSVLAGGPTDTQYF	1
CATSRGTGDSEFF	1
CATSRGFGPGGEFF	1
CATSRGPGGPETQYF	1
CATSRGTGSYEQYF	1
CATSRDLRIPPYEQYF	1
CATSRDGQGTHEQYF	1
CATSRDLVQGSGETQYF	1
CATSRDPTGTSESSYNEQFF	1
CATSREYNEQFF	1
CATSNSSGDYNEQFF	1
CATRRGDDSTDTQYF	1
CATRAGVLSNEQFF	1
CATRRQGTYNEQFF	1
CATRPGLGNTGELFF	1
CATRGDGLYNEQFF	1
CATNLQGCSSYNEQFF	1
CATNREPHYGYTF	1
CATKGREEWADTQYF	1
CATKEQSEQFF	1
CATHSPGLAYNEQFF	1
CATQATDQNTQYF	1
CATGELAGDSGEQFF	1
CATTRESTYEQYF	1
CATTKGDANTGELFF	1
CATAGQGAGTQYF	1
CASSGGSRYYEQYF	1
CASSQETQYF	1
CASPPSAENNQPQHF	1
CASRSLGENTIYF	1
CASRQGASEQYF	1
CASATTSGRRPYEQYF	1
CASGTGRSPYEQYF	1
CASEVGGSPIQETQYF	1
CASSLWTVDSNQPQHF	1
CASSGTGPNTGELFF	1
CASSMTGEGAEAFF	1
CASSIGPSDTQYF	1
CASSIDRKEPQHF	1
CASSIINNEQFF	1
CASSIKLFPGIQPQHF	1
CASSIKGAPEAFF	1
CASSNQANEKLFF	1
CASRDTYSAGYTF	1
CASRTMTNTGELFF	1
CASRNWGGMNTEAFF	1
CASRFWAGGNSPLHF	1
CASNVGASNQPQHF	1
CASKGGAGNQPQHF	1
CASFGDRNSYNEQFF	1
CASFRGSGGEPRHEQYF	1
CASLAGAQPQHF	1
CASSSGDRFYEQYF	1
CASSRGAAYEQYF	1
CASSVGLRGAGNTIYF	1
CASSAGGGYEQFF	1
CASSRVGRASGELFF	1
CASSNQRDGYTF	1
CASSPRGGDSPLHF	1
CASSRLTSGGPRTGELFF	1
CASSGIQETQYF	1
CASSTTGNYEQYF	1
CASSLGQITDTQYF	1
CASSLDINEQYF	1
CASSPGTEAGYTF	1
CASSPVDSSYEQYF	1
CASSPTSEGNGELFF	1
CASSPFGQPYSNQPQHF	1
CASSPPLGQRSQQYF	1
CASSPPSTTVYNEQFF	1
CASSIGYQETQYF	1
CASSKEAGLSTDTQYF	1
CASCLQRRNEQYF	1
CASYSLLTLTGAGARDGELFF	1
CASYSGTSLPEQFF	1
CASLIQGVSYNEQFF	1
CASLNSGSGNEQFF	1
CASLTFGQRQETQYF	1
CASPLGGNGLIDGYTF	1
CASPGRGKVETQYF	1
CASRWTGDEKLFF	1
CASRRGSLNEQFF	1
CASRAYFTDTQYF	1
CASRGFETQYF	1
CASRTGNEQFF	1
CASRGPGDSGELFF	1
CASHAAITGELFF	1
CASQRTGSYEQYF	1
CASQFKGTDTQYF	1
CASQTGAEQFF	1
CASATGIYSPLHF	1
CASASRAGGVREETQYF	1
CASALRGSGAQETQYF	1
CASAHETGTNEKLFF	1
CASAGGRGKLAGRYEQFF	1
CASAAEITDTQYF	1
CASASGAVNTEAFF	1
CASGSSLGNTGELFF	1
CASGYQGVGTEAFF	1
CASGYEQYF	1
CASGRSETQYF	1
CASGRGRGTGELFF	1
CASGATNRRDGYTF	1
CASGRPDYGYTF	1
CASGKWAKNIQYF	1
CASGPAGAYTDTQYF	1
CASGHLSYEQYF	1
CASGAGTEGGELFF	1
CASGGPATNEKLFF	1
CASGTGQPQHF	1
CASGLHGGLAVQETQYF	1
CASGLPYPTDTQYF	1
CASGQSSYNEQFF	1
CASGAGGPLDTQYF	1
CASGAGLSGGTQYF	1
CASGGFPGDSDTQYF	1
CASDGRGAQETQYF	1
CASDRGVYYTGELFF	1
CASERRGQETQYF	1
CASILDFRGWNTIYF	1
CASIGHGGPQETQYF	1
CASIDRAQQETQYF	1
CASIYSGTTDTQYF	1
CASILRGSSYNEQFF	1
CASIRLGIFIRNTIYF	1
CASIQGDTSTDTQYF	1
CASITDREGAVEQINQPQHF	1
CASITGGYGYTF	1
CASITKGGTDTQYF	1
CASINVRGEQFF	1
CASIKASGGWEQYF	1
CASMGRETRSSPLHF	1
CASMETGNGNIQYF	1
CASMRRGLEATDTQYF	1
CASMRPPLSGELFF	1
CASTPARVSYGYTF	1
CASTPRRASGGAGSQETQYF	1
CASTHAGGDGRLGETQYF	1
CASTRQESWGITIWPYNEQFF	1
CASTLIPVGGQQFF	1
CASTLSGGSYNEQFF	1
CASTWALSSYNEQFF	1
CASTLRGTDTQYF	1
CASTLQSSGNTIYF	1
CASTLGQGNNSPLHF	1
CASTLLAGGTDTQYF	1
CASTLQGLGQPQHF	1
CASTPVYPSDTEAFF	1
CASTPSAGVGGTEAFF	1
CASTPLGGTSGTDTQYF	1
CASTPSGGPDNNSPLHF	1
CASTPDTYTDTQYF	1
CASTPTLDRGREQYF	1
CASTRTGTDTQYF	1
CASTRTDTGELFF	1
CASTQDLYNEQFF	1
CASTQMQGLDQPQHF	1
CASTQGLAGEGTGELFF	1
CASTQNRVGELFF	1
CASTVSQPPSYEQYF	1
CASTASRQSQETQYF	1
CASTAPTWRGGYTGELFF	1
CASTAHLSTDTQYF	1
CASTGQGGGNTIYF	1
CASTGTSGVKQYF	1
CASTGTPGGYTF	1
CASTDHVGVRNGYTF	1
CASTIAGARTDTQYF	1
CASTIRVGATNEKLFF	1
CASTIRNTDTQYF	1
CASTTTAWGNYNEQFF	1
CASTRRDRGYNEQFF	1
CASTNGGASGNAYEQYF	1
CASTPGLGGEQFF	1
CASTGTGGFTYGYTF	1
CASTEPGTARETQYF	1
CASTMGTSGNSDTQYF	1
CASTRQGAFTGELFF	1
CASTRDISENEQFF	1
CASSFLPIKLDEQFF	1
CASSFSGTSGSYEQYF	1
CASSFSTSNQPQHF	1
CASSFSGVRNSPLHF	1
CASSFWRARDSNQPQHF	1
CASSFYNEQFF	1
CASSFLAGGTDTQYF	1
CASSFLAGHTEAFF	1
CASSFPASGSHDTQYF	1
CASSFPRGDTEAFF	1
CASSFRRILDYGYTF	1
CASSFRTVSYGYTF	1
CASSFQWVGYTF	1
CASSFQGRNQPQHF	1
CASSFGSNEQFF	1
CASSFGASGYNEQFF	1
CASSFGGLNQPQHF	1
CASSFGDRGRLVCEKLFF	1
CASSFGTAPTEQYF	1
CASSFGGASQPQHF	1
CASSFEAGRTQPQHF	1
CASSFIAGVPNQPQHF	1
CASSFMHTDTQYF	1
CASSFIGNTGELFF	1
CASSFTGTGGYEQYF	1
CASSFSGIITGELFF	1
CASSFLRGTGELFF	1
CASSFLGRDTGELFF	1
CASSFLGQMNTEAFF	1
CASSFSARGSDTQYF	1
CASSFSSGQGIDTQYF	1
CASSFYGGTNTGELFF	1
CASSFLRTFDNSPLHF	1
CASSFPPWDRQSTDTQYF	1
CASSFPRVQLAHYNEQFF	1
CASSFRANNQPQHF	1
CASSFRGGNQPQHF	1
CASSFQGGGEKLFF	1
CASSFALAGGPVEQFF	1
CASSFARPQVDQPQHF	1
CASSFGVPHNEQFF	1
CASSFGAGEMNTEAFF	1
CASSFGEYNEQFF	1
CASSFGQGVDTQYF	1
CASSFGGPQETQYF	1
CASSFDRNNQPQHF	1
CASSFEDSPLHF	1
CASSFENAETQYF	1
CASSFITSGSYEQYF	1
CASSFTGPGTGELFF	1
CASSFSSYNSPLHF	1
CASSLLQNTQYF	1
CASSLLQGAQETQYF	1
CASSLQSGQQETQYF	1
CASSLVGLNYEQYF	1
CASSLVESSTDTQYF	1
CASSLASSYNEQFF	1
CASSLASGTANEQFF	1
CASSLAPGLSYNEQFF	1
CASSLGSYNEQFF	1
CASSLGYEQYF	1
CASSLGLVPRTDTQYF	1
CASSLGSARDTQYF	1
CASSLGVSEQYF	1
CASSLGATREKLFF	1
CASSLGANYGYTF	1
CASSLGTRRGYTF	1
CASSLGQGEYF	1
CASSLGAGGPTDTQYF	1
CASSLDTHNYGYTF	1
CASSLDRNSPLHF	1
CASSLEPPTDF	1
CASSLESLSYGYTL	1
CASSLESNQPQHF	1
CASSLERYGYTF	1
CASSLIGDEQFF	1
CASSLTQETQYF	1
CASSLTGTSTGELFF	1
CASSLTNTEAFF	1
CASSLRTSQETQYF	1
CASSLRENTEAFF	1
CASSLKPGTGELFF	1
CASSLKGGNEQFF	1
CASSLFWSSYEQYF	1
CASSLLGLGDTEAFF	1
CASSLLGPEGQYF	1
CASSLLGGSTDTQYF	1
CASSLLDGGYTF	1
CASSLLDRRGPYNEQFF	1
CASSLSVGGAYEQYF	1
CASSLSDGTYEQYF	1
CASSLSFFGNEQYF	1
CASSLSLGPNSYEQYF	1
CASSLSGEGTNQPQHF	1
CASSLSGNTGELFF	1
CASSLSGQGALQETQYF	1
CASSLSSGTGELFF	1
CASSLSSTAPWDIQYF	1
CASSLSGDTQYF	1
CASSLSSSGFQPQHF	1
CASSLSGGNEQFF	1
CASSLSGELFF	1
CASSLSRIAGELFF	1
CASSLWGGRQYF	1
CASSLWGQSTDTQYF	1
CASSLYPWTDTQYF	1
CASSLLSGGAADTQYF	1
CASSLLLAGHQDTQYF	1
CASSLLERREGYEQYF	1
CASSLPLGTGNLLRTEAFF	1
CASSLPPAGTIQETQYF	1
CASSLPGRNQPQHF	1
CASSLRQGTNEQFF	1
CASSLRGRYQQTQYF	1
CASSLRADTIYF	1
CASSLRRGSGNEQFF	1
CASSLRQSNVYNEQFF	1
CASSLRQPEKLFF	1
CASSLRGNYYGYTF	1
CASSLREQSTEAFF	1
CASSLHLLYEQYF	1
CASSLQGARQPQHF	1
CASSLQGGYSNQPQHF	1
CASSLQGGSVDQPQHF	1
CASSLVPGNYGYTF	1
CASSLVPDQPQHF	1
CASSLVGIQYF	1
CASSLVSGGPRAFF	1
CASSLAGLEETQYF	1
CASSLAGHYNEQFF	1
CASSLAPGQGGGYTF	1
CASSLAARHSNQPQHF	1
CASSLARVGGQPQHF	1
CASSLALGGAEDQPQHF	1
CASSLARGGNQPQHF	1
CASSLAGGRYEQYF	1
CASSLAGGRAGELFF	1
CASSLAGQSYEQYF	1
CASSLAKGTNEKLFF	1
CASSLAGLNGYTF	1
CASSLGYGGSNQPQHF	1
CASSLGRDRVGNTEAFF	1
CASSLGGSGQAEQYF	1
CASSLGWLGSSYNEQFF	1
CASSLGQGLSSYNSPLHF	1
CASSLGQSYEQYF	1
CASSLGRVANYTF	1
CASSLGLDSEAFF	1
CASSLGQGNTGELFF	1
CASSLGAIEYNEQFF	1
CASSLGDSDQPQHF	1
CASSLGTSLYNEQFF	1
CASSLGTGFYEQYF	1
CASSLGLAGLADTQYF	1
CASSLEQNTEAFF	1
CASSLETGGGSDEQFF	1
CASSLESDTQYF	1
CASSLEVRGYTF	1
CASSLEIRAGSNQPQHF	1
CASSLIGTEHYEQYF	1
CASSLIGSRKETQYF	1
CASSLMSGGSNQPQHF	1
CASSLMGAKNSPLHF	1
CASSLMDSGNTIYF	1
CASSLIWRGRSDTQYF	1
CASSLIAGGGTQYF	1
CASSLTLGGLAGGTLQFF	1
CASSLTGTGDQPQHF	1
CASSLTQEANPLHF	1
CASSLTATSYEQYF	1
CASSLTFGASNTEAFF	1
CASSLTGHGYTF	1
CASSLSGRSADTQYF	1
CASSLRFGAGVSYEQFF	1
CASSLRVDTGELFF	1
CASSLRVTYNEQFF	1
CASSLRGVNTGELFF	1
CASSLRGLVTDTQYF	1
CASSLRDYTGELFF	1
CASSLRFGGNQPQHF	1
CASSLNYGYTF	1
CASSLKGWGTAFF	1
CASSLKTSAISTYEQYF	1
CASSSWTSGATQYF	1
CASSSPLREQYF	1
CASSSPRSPPLHF	1
CASSSHPGNEQFF	1
CASSSHRDTQYF	1
CASSSQGWDTEAFF	1
CASSSQFYGYTF	1
CASSSGYRTPGPYEQYF	1
CASSSSGGAVNEQYF	1
CASSSRDSRLETQYF	1
CASSSLGLAGGFDTQYF	1
CASSSLGLAGRGLTGNEQFF	1
CASSSSQRVAYEQYF	1
CASSSSAQSYNEQFF	1
CASSSLSNQPQHF	1
CASSSLRGSGGLNTGELFF	1
CASSSLDRDYEQYF	1
CASSSPVESVQQPQHF	1
CASSSPTGGLETQYF	1
CASSSPTNEKLFF	1
CASSSVRGYGYTF	1
CASSSVGQGSNQPQHF	1
CASSSGTGPMNTEAFF	1
CASSSGRGRGYEQYF	1
CASSSERSPYEQYF	1
CASSSMISGRYQGEQYF	1
CASSSIAEANTGELFF	1
CASSSIDSRLDTQYF	1
CASSSTGAYEQYF	1
CASSSSDRGTYEQYF	1
CASSSNRGNRKMTQYF	1
CASSSLAGLSGELFF	1
CASSSSGSGAYEQYF	1
CASSSGTGAYEQYF	1
CASSSIGVRDTQYF	1
CASSSRQGLNTEAFF	1
CASSSWDFSYEQYF	1
CASSSLPRTSGGPEQFF	1
CASSSLGGSTEAFF	1
CASSSPGLNSPLHF	1
CASSSPGTAGTDTQYF	1
CASSSPTKTGSVNQPQHF	1
CASSSRGGGNNEQFF	1
CASSSQRTGELFF	1
CASSSQGQGRRELFF	1
CASSSVGLAGVGEQYF	1
CASSSATDTQYF	1
CASSSGARTGELFF	1
CASSSEPPNTGELFF	1
CASSWRDEQFF	1
CASSWAPDSSYEQYF	1
CASSWAGREQYF	1
CASSWGPTLGTEAFF	1
CASSWGEGPQHF	1
CASSWGQGGYGYTF	1
CASSWGQSYTF	1
CASSWDLNQPQHF	1
CASSWDILDNEQFF	1
CASSWTASYEQYF	1
CASSWTEGYEQYF	1
CASSWSSKNIQYF	1
CASSYFSSYNEQFF	1
CASSYSTVYGYTF	1
CASSYYRGNTGELFF	1
CASSYPSSLVYGYTF	1
CASSYRYGTLSSYEQYF	1
CASSYRLSQETQYF	1
CASSYGESYGYTF	1
CASSYRSDSPLHF	1
CASSYLGVGGNEQYF	1
CASSYSYAGSGYEQYF	1
CASSYSLRDIVAKNIQYF	1
CASSYSSGRARGEQYF	1
CASSYSSFLRTDTQYF	1
CASSYSRQDGNEQFF	1
CASSYSETSGNEQFF	1
CASSYSTSRDSENTEAFF	1
CASSYSLGYEQYF	1
CASSYSWEAAGVTEAFF	1
CASSYSLRFTDTQYF	1
CASSYSPSGVLFF	1
CASSYSGGSTDTQYF	1
CASSYSEGNEQFF	1
CASSYSIQGLSEQYF	1
CASSYSMGETEAFF	1
CASSYSTGGYGYTF	1
CASSYSSGAHNEQFF	1
CASSYSWTRTNSPLHF	1
CASSYSLAGGFGVEFF	1
CASSYSVRDRAPYEQYF	1
CASSYSGGGENLSEAFF	1
CASSYYTYYEQYF	1
CASSYLDGQGELFF	1
CASSYPPGDTEAFF	1
CASSYPGHTYEQYF	1
CASSYRRATGELFF	1
CASSYRHSSYNSPLHF	1
CASSYRTSSTDTQYF	1
CASSYHRETQYF	1
CASSYVPYEQYF	1
CASSYVADNEQFF	1
CASSYALAVPGNEQFF	1
CASSYGWGRGGYTF	1
CASSYGQSSTDTQYF	1
CASSYGRLYGYTF	1
CASSYGLGYEQYF	1
CASSYGASGENEQFF	1
CASSYGAGVEDTQYF	1
CASSYGAGYNEQFF	1
CASSYGAGGRPNYGYTF	1
CASSYGKIQGANTIYF	1
CASSYGLAEWGDTQYF	1
CASSYGQDLTFYGYTF	1
CASSYDFQETQYF	1
CASSYTGQVAAYTTNEQYF	1
CASSYRENSNQPQHF	1
CASSYNSAETQYF	1
CASSLLVHTGELFF	1
CASSLPVGQNTEAFF	1
CASSLPVLGPGDTQYF	1
CASSLSLGVGLDEQFF	1
CASSLSVNQPQHF	1
CASSLPGQDLYEQYF	1
CASSLGTPLNEQYF	1
CASSLGTGLDEKLFF	1
CASSLIVGVEAFF	1
CASSLDSPPGVAQYF	1
CASSLDSGHGDIQYF	1
CASSLTSGGTDTQYF	1
CASSLPFDSPLHF	1
CASSLRDSYNEQFF	1
CASSLRTGGKDTQYF	1
CASSLAELSYEQYF	1
CASSLGTHYGYTF	1
CASSLGWPGELFF	1
CASSLGQGVTTGELFF	1
CASSLRPGLAGVRQYF	1
CASSLNAETYNEQFF	1
CASSPLTGLPQYF	1
CASSPSQNTEAFF	1
CASSPLAGGPREQYF	1
CASSPPRTLWNEQFF	1
CASSPRPQGDTQYF	1
CASSPFSYNEQFF	1
CASSPSQGAVNQPQHF	1
CASSPYWREGQKGEQYF	1
CASSPYQSGTSGGNTQYF	1
CASSPLIAGTNTGELFF	1
CASSPLLAIDTQYF	1
CASSPPPNYEQYF	1
CASSPPVSGATVTQYF	1
CASSPPGSNEKLFF	1
CASSPPGGTGGAYEQYF	1
CASSPRDTYSPLHF	1
CASSPRTSVRYGYTF	1
CASSPRLAGGPADTQYF	1
CASSPRLAGSSYNEQFF	1
CASSPHDREHPNEQFF	1
CASSPHNYEQYF	1
CASSPQYNEQFF	1
CASSPQGPVTGELFF	1
CASSPVHEQYF	1
CASSPAVGDGYGYTF	1
CASSPGVLQETQYF	1
CASSPGTLEYTGELFF	1
CASSPGTGPGELFF	1
CASSPGTGGRQPQHF	1
CASSPGQGQGPQHF	1
CASSPEVGELFF	1
CASSPEGDTYEQYF	1
CASSPELTGGVTGNTIYF	1
CASSPENVWGELFF	1
CASSPTDGTYEQYF	1
CASSPTGFRGYTF	1
CASSPRGTGELFF	1
CASSPRSLAGEQFF	1
CASSPSGGVVMFEQFF	1
CASSPPDRSNEKLFF	1
CASSPQLAGNTGELFF	1
CASSPGSFGYEQYF	1
CASSPGTRITDTQYF	1
CASSPGDRFYGYTF	1
CASSPTTNSPLHF	1
CASSPTGGIYEQYF	1
CASSPSGDSREKLFF	1
CASSPLPPDDNYGYTF	1
CASSPPGQGNYGYTF	1
CASSPAGGKYEQYF	1
CASSPGYISNQPQHF	1
CASSPGAGGPHEQYF	1
CASSPSLTGYNSPLHF	1
CASSRLSGSICEQFF	1
CASSRDRDEQFF	1
CASSRYNEQFF	1
CASSRRDSNSPLHF	1
CASSRTLGNTEAFF	1
CASSRAPGQGAGELFF	1
CASSRGDNQPQHF	1
CASSRGEGETQYF	1
CASSRDRGWDTEAFF	1
CASSRTSQETQYF	1
CASSRTSTDTQYF	1
CASSRTGYSYEQYF	1
CASSRLAGTAGTQYF	1
CASSRPGYGYTF	1
CASSRDEGNGYTF	1
CASSREVVDTQYF	1
CASSRTTYTGDPLYEQYF	1
CASSHSSGGGTEAFF	1
CASSHRGTGELFF	1
CASSQTRDSLRHGTRGYTF	1
CASSQPTGTETYGYTF	1
CASSQGGGSETQYF	1
CASSQTGELFF	1
CASSVFQGDTGELFF	1
CASSVSGDGYTF	1
CASSVGQGAFDEQYF	1
CASSVGPTLWTQYF	1
CASSVEGAPTYEQYF	1
CASSVTGVGFEQYF	1
CASSVRKQETQYF	1
CASSVLPDSYEQYF	1
CASSVIGGTDTQYF	1
CASSVSVGSYGYTF	1
CASSAYPGGGNNEQFF	1
CASSARDIGETQYF	1
CASSARQENYGYTF	1
CASSAGTQPQHF	1
CASSAQVYEQYF	1
CASSGLAGNTDTQYF	1
CASSGRRNNQPQHF	1
CASSGAIQGARVYGYTF	1
CASSGSANTGELFF	1
CASSGYRENNEQFF	1
CASSGRSSGFTDTQYF	1
CASSGDNEAYNEQFF	1
CASSGETSGPSTDTQYF	1
CASSGTGRDTGELFF	1
CASSGTANEQFF	1
CASSGTGIGSPLHF	1
CASSGLAGAYNEQFF	1
CASSGLGWGEQFF	1
CASSGQGARNEQFF	1
CASSDSGGGTGELFF	1
CASSDLKRNTGELFF	1
CASSDRLRGTQYF	1
CASSDIGQGHGELFF	1
CASSDSPGSTDTQYF	1
CASSDPGTGIHEQYF	1
CASSDPGQSTDTQYF	1
CASSDDRGANEKLFF	1
CASSDRGYGYTF	1
CASSEVLRETQYF	1
CASSEGGSTDTQYF	1
CASSEGGPKETQYF	1
CASSETGIYRRGVTF	1
CASSESGGLSYEQYF	1
CASSEWPSEVRDTQYF	1
CASSEYRYNEQFF	1
CASSELVSFDEQFF	1
CASSEPPGRGRNQPQHF	1
CASSEPIPRETQYF	1
CASSEVDSLSSYEQYF	1
CASSEVSTSRETQYF	1
CASSEVSGNTEAFF	1
CASSEASGSEAFF	1
CASSEALPGKETQYF	1
CASSEALQGTGELFF	1
CASSEARGLADPGELFF	1
CASSEAAVQTQYF	1
CASSEAGGEQYF	1
CASSEAGTLFTEAFF	1
CASSEADSRAQETQYF	1
CASSEGPEGNEQFF	1
CASSEGPTGYGSYEQYF	1
CASSEGTGGRRTGELFF	1
CASSEGQETGELFF	1
CASSEDGEAFWWTEAFF	1
CASSEEILAIQFF	1
CASSEEEVGLAENEQYF	1
CASSERISDRVRPNQPQHF	1
CASSENAGSQPQHF	1
CASSEKGLGWRNTDTQYF	1
CASSISPGTLNQPQHF	1
CASSILVEQYF	1
CASSIGTSEYEQYF	1
CASSMDRGYGYTF	1
CASSMNAGRGRSPLHF	1
CASSTTKERYF	1
CASSTKGGARSPLHF	1
CASSTQRYTENYNSPLHF	1
CASSTVVPHSIYEQYF	1
CASSRHPNTEAFF	1
CASSRDRGTEAFF	1
CASSRWDSTEAFF	1
CASSRKPNTGELFF	1
CASSNTGNTEAFF	1
CASSNRQGAGTEAFF	1
CASSNRDQNTGELFF	1
CASSNDRVYGYTF	1
CASSNTGAANTGELFF	1
CASSKVVTGNQPQHF	1
CASSKGLTDTQYF	1
CASSKDRGNTGELFF	1
CASSKEGPIHTGELFF	1
CASSKTNEQFF	1
CASSKWDSSTGELFF	1
CASSKQPGESSFF	1
CASSKSGRAYEQYF	1
CASSFSPSLNTGELFF	1
CASSFWGGLDTGELFF	1
CASSFYGRQDTQYF	1
CASSFYREGYNEQFF	1
CASSFLDRNQPQHF	1
CASSFRPTEAGELFF	1
CASSFRRRRGGELFF	1
CASSFVSGLAYEQYF	1
CASSFASAGIEQYF	1
CASSFGGGPTDTQYF	1
CASSFGGETQYNEQFF	1
CASSFGDSYEQYF	1
CASSFGDTEAFF	1
CASSFGLAGGIGTDTQYF	1
CASSFGQGPYEQYF	1
CASSFEGDQPQHF	1
CASSFETGFYEQYF	1
CASSFIDSNGYTF	1
CASSFSFQETQYF	1
CASSFRGNEQYF	1
CASSFRGTDTQYF	1
CASSFNPGEVTIYF	1
CASSFFGMSSYEQYF	1
CASSFLGTGRYTF	1
CASSFSGQGGLEQYF	1
CASSFSGGGNEQFF	1
CASSFLGGQETQYF	1
CASSFLEGNTEAFF	1
CASSFLGDFTNIQYF	1
CASSFPGDTQYF	1
CASSFPGTGSTDTQYF	1
CASSFRSGDTQYF	1
CASSFVFADYHRGEQFF	1
CASSFGLGTSYEQYF	1
CASSFGRGDTEAFF	1
CASSFGVKAFF	1
CASSFGGSEQYF	1
CASSFGLANEQYF	1
CASSFGLAADVYYNEQFF	1
CASSFGQGYEQYF	1
CASSFIPGQGLTDTQYF	1
CASSFIAPSQETQYF	1
CASSFTLMGELFF	1
CASSFRGGGYTF	1
CASSFRLEYNEQFF	1
CASSFRPVTEAFF	1
CASSFKREGTDTQYF	1
CASSLLDLGPGELFF	1
CASSLSGRRSAYEQYF	1
CASSLSQGPLQQFF	1
CASSLSFGELFF	1
CASSLSVPRGGYETQYF	1
CASSLWGSGAMLNEQFF	1
CASSLYSVRERNDEQYF	1
CASSLYRGSEGNEQFF	1
CASSLPLERSTDTQYF	1
CASSLPGQAYYEQYF	1
CASSLRADTQYF	1
CASSLRGGNYLQETQYF	1
CASSLHRDRPTNTQYF	1
CASSLQMSSYEQYF	1
CASSLQAVKHYEQYF	1
CASSLVSYNEQFF	1
CASSLVLEQFF	1
CASSLVVTVNQPQHF	1
CASSLVSNTGELFF	1
CASSLVAGGRREQFF	1
CASSLAPTTEAFF	1
CASSLAPKEETQYF	1
CASSLAGTPYEQYF	1
CASSLAGTGSYEQYF	1
CASSLGPQTVYGYTF	1
CASSLGFEGYGYTF	1
CASSLGLAGGEQYF	1
CASSLGRRGGETQYF	1
CASSLGGGLTGELFF	1
CASSLGRYTGELFF	1
CASSLGQEWAYSNQPQHF	1
CASSLGGASYNEQFF	1
CASSLGGGTEAFF	1
CASSLGDGYGYTF	1
CASSLGTATSQQYF	1
CASSLGRGSYNEQFF	1
CASSLGLTQETQYF	1
CASSLGRGEQFF	1
CASSLGQGVTGELFF	1
CASSLGQGGTGELFF	1
CASSLGQNYGYTF	1
CASSLDGNTDTQYF	1
CASSLDREDPTDTQYF	1
CASSLESGIPQETQYF	1
CASSLEQGLDEQYF	1
CASSLEVTTTDTQYF	1
CASSLIGEETQYF	1
CASSLIRESYGYTF	1
CASSLSYIFYNEQFF	1
CASSLSGGSNEQFF	1
CASSLRSVLGHNEQFF	1
CASSLRGRPSYEQYF	1
CASSLRQGSNQPQHF	1
CASSLNFEQYF	1
CASSLFRNRGEQYF	1
CASSLFSGDAPYEQYF	1
CASSLFPGSSYEQYF	1
CASSLLLVGTDTQYF	1
CASSLLPGQGTPEQFF	1
CASSLSWDTSTDTQYF	1
CASSLSSYEQYF	1
CASSLYNRNEKLFF	1
CASSLYGQLNEKLFF	1
CASSLLAGMETQYF	1
CASSLLGGEFYEQYF	1
CASSLLDPAGGGRDTQYF	1
CASSLLPGGNYEQYF	1
CASSLPAYEQYF	1
CASSLPGGARVYF	1
CASSLPEVETQYF	1
CASSLPGFRGNEQFF	1
CASSLRNSPLHF	1
CASSLRLRTGSFINNEQFF	1
CASSLRAGASGGLSSYNEQFF	1
CASSLHPGQINTGELFF	1
CASSLQLAGGTDTQYF	1
CASSLQLAGQFF	1
CASSLQVAGQGVHTQYF	1
CASSLVPLGNIQYF	1
CASSLVQGSTGELFF	1
CASSLVMDSRTQYF	1
CASSLVSGRMGEQFF	1
CASSLVLTGGTYEQYF	1
CASSLVYPSSGMWYEQYF	1
CASSLVGGDEQYF	1
CASSLVGQNYEQYF	1
CASSLVDAVHEQYF	1
CASSLVRGAGDTQYF	1
CASSLVAGTGSSYEQYF	1
CASSLVGGYEQYF	1
CASSLVGPGSGSNQPQHF	1
CASSLVEQGNYGYTF	1
CASSLVTGAQYF	1
CASSLVSGNEQFF	1
CASSLVGPTNTGELFF	1
CASSLVGTGLNYEQYF	1
CASSLVGENTEAFF	1
CASSLVSFAESGEQFF	1
CASSLVRESPYEQYF	1
CASSLASSNQPQHF	1
CASSLARLSYEQYF	1
CASSLAGTGEETQYF	1
CASSLAEVQPQHF	1
CASSLASSSTDTQYF	1
CASSLALHTSNIQYF	1
CASSLASWLGGDTQYF	1
CASSLAWGGYGYTF	1
CASSLALRFTDTQYF	1
CASSLALSGYEQYF	1
CASSLALGQHEYF	1
CASSLAPLNTGELFF	1
CASSLAPRYTQYF	1
CASSLARVGLAKNIQYF	1
CASSLARGGVKQFF	1
CASSLAQGTAYEQYF	1
CASSLAQIVRGPFNTGELFF	1
CASSLAGALQETQYF	1
CASSLATRGSSGNTIYF	1
CASSLASRSAYSNQPQHF	1
CASSLARGTSTGELFF	1
CASSLAASGHYSYNEQFF	1
CASSLAASYSLEAFF	1
CASSLAGLAGTDTQYF	1
CASSLAEFYEQYF	1
CASSLGSGYEQYF	1
CASSLGLAGFTGELFF	1
CASSLGQSTDTQYF	1
CASSLGAGVNTEAFF	1
CASSLGYRQETQYF	1
CASSLGHSGELFF	1
CASSLGGTGELFF	1
CASSLGGRNEQFF	1
CASSLGPPGLVIDEQFF	1
CASSLGPPLSYEQYF	1
CASSLGRNEQFF	1
CASSLGVRTRRTDTQYF	1
CASSLGARGVPTQYF	1
CASSLGAGQGNRNIQYF	1
CASSLGASTDTQYF	1
CASSLGAVMNTEAFF	1
CASSLGAGSRSYEQYF	1
CASSLGGIQNQPQHF	1
CASSLGGVGTDSPKTYEQYF	1
CASSLGTGGWSPLHF	1
CASSLGLAAGTSSETQYF	1
CASSLGYQETQYF	1
CASSLGLSSSYNEQFF	1
CASSLGPPYEQYF	1
CASSLGRASYNEQFF	1
CASSLGTSTDTQYF	1
CASSLGTAFRGRTTLYF	1
CASSLDLAGEQFF	1
CASSLDRVSYEQYF	1
CASSLDAGGQETQYF	1
CASSLDGLRETKETQYF	1
CASSLDDVSNQPQHF	1
CASSLDMDEQYF	1
CASSLDSLAGGMQFF	1
CASSLDLWGRGLGELFF	1
CASSLDGLYNEQFF	1
CASSLDSFWTYGYTF	1
CASSLDRVNSPLHF	1
CASSLDRAQPQHF	1
CASSLDRGPSYGYTF	1
CASSLDRGRWGYTF	1
CASSLEVGFHPSSSYEQYF	1
CASSLEVSEAFF	1
CASSLEARGQETQYF	1
CASSLEAGPDTQYF	1
CASSLEAGNYEQYF	1
CASSLEGFTYEQYF	1
CASSLEDTNYGYTF	1
CASSLEIGVNTEAFF	1
CASSLETGGLRETQYF	1
CASSLELAGVGETQYF	1
CASSLEQGLTTDTGELFF	1
CASSLILGDPGDNEQFF	1
CASSLIGGWGTDTQYF	1
CASSLMGLAGFTDTQYF	1
CASSLTFTPPGQGSGELFF	1
CASSLTSGTYEQYF	1
CASSLTPSSTQYF	1
CASSLTAARTGGYGYTF	1
CASSLTGTSGSRETQYF	1
CASSLTDVQETQYF	1
CASSLSSGQGTFFSYEQYF	1
CASSLSHSSYEQYF	1
CASSLSVYLYEQYF	1
CASSLSGLAENTQYF	1
CASSLRRLQGSSYEQYF	1
CASSLRASGQLSSYNEQFF	1
CASSLRQATGELFF	1
CASSLNREWKTQYF	1
CASSLNQGGETQYF	1
CASSLKRDSYEQYF	1
CASSSYLSTDTQYF	1
CASSSGTGSYNEQFF	1
CASSSGQAGDQETQYF	1
CASSSERELLIGSYNEQFF	1
CASSSTGGEETQYF	1
CASSSSLRGLGYTF	1
CASSSSGTVNTGELFF	1
CASSSSTGELFF	1
CASSSYEQYF	1
CASSSLGYNEQFF	1
CASSSLIGGHGYTF	1
CASSSPRQTQQGVDTQYF	1
CASSSPGTGGREQYF	1
CASSSPRVASTSTDTQYF	1
CASSSRPGQRSYEQYF	1
CASSSRVIAYEQYF	1
CASSSRDSRQETQYF	1
CASSSRDRGNEQFF	1
CASSSRQGSYEQYF	1
CASSSRQGAETQYF	1
CASSSGRAYGYTF	1
CASSSGSYEQYF	1
CASSSGWATQYF	1
CASSSGTNYGYTF	1
CASSSGTALAKNIQYF	1
CASSSGQSYGYTF	1
CASSSIGRGDLFYGYTF	1
CASSSTGGQPQHF	1
CASSSRDAKNIQYF	1
CASSSRALIVNTQYF	1
CASSSRTAGELFF	1
CASSSQMNTEAFF	1
CASSSVRGPYNEQFF	1
CASSSAMGQGATGELFF	1
CASSSGQPQHF	1
CASSSGPSGRAGDTQYF	1
CASSSTTEPGGYTF	1
CASSSTAGGEKLFF	1
CASSSTDTQYF	1
CASSSRGRADNEQFF	1
CASSSNRETGELFF	1
CASSSLGQSSSYNSPLHF	1
CASSSSILYF	1
CASSSSSSGRLEGADTQYF	1
CASSSPGLAETSSYNEQFF	1
CASSSQGDGNEQFF	1
CASSSQGDTEAFF	1
CASSSVYIEQYF	1
CASSSGAGLYTQYF	1
CASSSDRVRNTGELFF	1
CASSSEQGSYTDTQYF	1
CASSWRRTGNSTDTQYF	1
CASSWDLRPVGELSF	1
CASSWDQLTDTQYF	1
CASSWTGDGQETQYF	1
CASSYPGTEVYEQYF	1
CASSYQTDTQYF	1
CASSYGLSSYEQYF	1
CASSYGTGDTDTQYF	1
CASSYDGTGATNEKLFF	1
CASSYTGGTGELFF	1
CASSYSGSSYNEQFF	1
CASSYKDYEAYEQYF	1
CASSYSTYEQYF	1
CASSYYYDRLVYEQYF	1
CASSYGMDQPQHF	1
CASSYGTSGGAKNIQYF	1
CASSYDRSGELFF	1
CASSYTGGELFF	1
CASSYTGAKNEKLFF	1
CASSYRAEQYF	1
CASSLPKGQGDSYEQYF	1
CASSLIDREQFF	1
CASSLTGNEQFF	1
CASSLRTGLRSGELFF	1
CASSLRQRSTDTQYF	1
CASSLLADNSPLHF	1
CASSLRDHRRAKNIQYF	1
CASSLHGPLYEQYF	1
CASSLGLSGGAAF	1
CASSLDPGQGYEQYF	1
CASSLTSNAESEQFF	1
CASSLTRAVNTGELFF	1
CASSLGGGINQPQHF	1
CASSLTGVSNQPQHF	1
CASSLTGIYEQYF	1
CASSLSGSYTGELFF	1
CASSLSPMTRIKNIQYF	1
CASSLSGDVTQYF	1
CASSLLAGNTGELFF	1
CASSLHRLAASYNEQFF	1
CASSLQGVRRGYTF	1
CASSLQAGITSTDTQYF	1
CASSLAYRGNNYGYTF	1
CASSLALAGGLAEQFF	1
CASSLAGGYEQYF	1
CASSLGLFNEQFF	1
CASSLGLAGGYSYEQYF	1
CASSLGQGLGQPQHF	1
CASSLDRGNEQFF	1
CASSLKQGRYTEAFF	1
CASSPWRADKETQYF	1
CASSPLQGGGYTF	1
CASSPPDRPSNYGYTF	1
CASSPPPNSYEQYF	1
CASSPQIRGYEQYF	1
CASSPQTDSYEQYF	1
CASSPVSGTGAYEQYF	1
CASSPAWTGEDTGELFF	1
CASSPAGLAGAKDTQYF	1
CASSPGARGTFGDEKLFF	1
CASSPGGVGSPLHF	1
CASSPGTGGSYEQYF	1
CASSPDRVVETQYF	1
CASSPIYPGDTQYF	1
CASSPTSGSYEQYF	1
CASSPTRDRGYSNQPQHF	1
CASSPTGGRKETQYF	1
CASSPTGGGAYEQYF	1
CASSPRLADNEQFF	1
CASSPFSLVYYYGYTF	1
CASSPWADTQYF	1
CASSPWSSGNTIYF	1
CASSPLPSLSYEQYF	1
CASSPLGVAKNIQYF	1
CASSPLAGNTIYF	1
CASSPLAASYNEQFF	1
CASSPPPGYWNTGELFF	1
CASSPPVGETQYF	1
CASSPPGDSSPLHF	1
CASSPPEGATYEQYF	1
CASSPPPGPAWF	1
CASSPPAGLEDTQYF	1
CASSPRGGANEQFF	1
CASSPRTGDPLYEQYF	1
CASSPHKTGELFF	1
CASSPVCPSDF	1
CASSPVRSQGAREQYF	1
CASSPARVENTEAFF	1
CASSPGPPVEAFF	1
CASSPGTGSTDTQYF	1
CASSPGTGAAREAFF	1
CASSPGTGDGEQYF	1
CASSPDDGELFF	1
CASSPDRGHTGELFF	1
CASSPTSGSVNEQFF	1
CASSPTSGGTGELFF	1
CASSPTGTLNTGELFF	1
CASSPTTGNQPQHF	1
CASSPREDNEQFF	1
CASSPNPSTSPKYNEQFF	1
CASSPKMTSGASYNEQFF	1
CASSPSRGAFF	1
CASSPLLLGEQYF	1
CASSPRGQVVSPLHF	1
CASSPRTSLTDTQYF	1
CASSPQGEQFF	1
CASSPAGLDTQYF	1
CASSPGFFYGYTF	1
CASSPGKNYEQYF	1
CASSPGVAGSKGFF	1
CASSPGTPLGEKLFF	1
CASSPGSTDTQYF	1
CASSPTSRSYNEQFF	1
CASSPTTSGVYNEQFF	1
CASSPTGSRHNEQFF	1
CASSPSSYEQYF	1
CASSPSGRAQETQYF	1
CASSPSRAVSYNEQFF	1
CASSPNTGELFF	1
CASSPWVSTDTQYF	1
CASSPWRSGVHLSTGELFF	1
CASSPPPLAGPAADTQYF	1
CASSPRAEDTQYF	1
CASSPVNQPQHF	1
CASSPVAGGPNTGELFF	1
CASSPGGYSYEQYF	1
CASSPGGGYTF	1
CASSPGGNRGEAFF	1
CASSPGGLPSYEQYF	1
CASSPGGDTGELFF	1
CASSPDIPEAFF	1
CASSPDRISGNTIYF	1
CASSPTGSSYEQYF	1
CASSPNSGRGDEQFF	1
CASSPNRVRPYEQYF	1
CASSPNNYYSDNEQFF	1
CASSRPPVVYEQYF	1
CASSRGTGVHEQFF	1
CASSRGTLSGYTF	1
CASSRTSGAINTGELFF	1
CASSRLRGRHHQPQHF	1
CASSRSWGGETQYF	1
CASSRWTSGSGEQYF	1
CASSRLVYSYNEQFF	1
CASSRPSAGVTGELFF	1
CASSRPRDYPREQYF	1
CASSRQEPPQDTQYF	1
CASSRAANQETQYF	1
CASSRGQNEKLFF	1
CASSRVYNEQFF	1
CASSRALGNEQFF	1
CASSRGGYNEQFF	1
CASSRGDRNEQFF	1
CASSRDYNSPLHF	1
CASSRESNTGELFF	1
CASSRTSLQETQYF	1
CASSRTSGGETQYF	1
CASSRTSGLYEQYF	1
CASSRTGTKHYEQYF	1
CASSRTGGNEKLFF	1
CASSRFGPAFYNEQFF	1
CASSRSPGPRTSTDTQYF	1
CASSRLDEQFF	1
CASSRLRATQYF	1
CASSRQEINTGELFF	1
CASSRIISAATGELFF	1
CASSRIDSYNEQFF	1
CASSRTQEVGDEQYF	1
CASSRTHPPSYEQYF	1
CASSRTGNRYSNQPQHF	1
CASSRRTGLETQYF	1
CASSHGQDSYNEQFF	1
CASSHEGFYGYTF	1
CASSHSGSSTDTQYF	1
CASSHYPRASNTGELFF	1
CASSHLGVAKNIQYF	1
CASSHLEGPDTQYF	1
CASSHPSTDTQYF	1
CASSHRLQETQYF	1
CASSHTLAGVYNEQFF	1
CASSQLAQHEKLFF	1
CASSQYGGAYEQYF	1
CASSQPGGAGGPFYEQFF	1
CASSQPGGLYADTQYF	1
CASSQATIVHF	1
CASSQGPLSYEQYF	1
CASSQGESSTDTQYF	1
CASSQGNQPQHF	1
CASSQGQFSPLHF	1
CASSQGQTSGELFF	1
CASSQDTSGSFYEQYF	1
CASSQEHTLFF	1
CASSQTGANQPQHF	1
CASSQTGGNQPQHF	1
CASSQTGTPNEQFF	1
CASSQRTGATGELFF	1
CASSQKTSGREFF	1
CASSQLIAGFSEQYF	1
CASSQSPTSGRDF	1
CASSQSGGSNEKLFF	1
CASSQWFIVGRAPGVNEQFF	1
CASSQLFSTSGSPTDTQYF	1
CASSQLLVSLQFF	1
CASSQPRGDTGELFF	1
CASSQPGLHNEQFF	1
CASSQRPLLAGETQYF	1
CASSQRGTTGELFF	1
CASSQRTAGNQPQHF	1
CASSQHTTPGPRITTDTQYF	1
CASSQVRSSASYEQYF	1
CASSQVAGRGQGRTYEQYF	1
CASSQVSGGHLSGGYGYTF	1
CASSQVSSGTDSNSPLHF	1
CASSQVPETYEQYF	1
CASSQVAVAKNIQYF	1
CASSQVGRALNQPQHF	1
CASSQVRRTSISYNEQFF	1
CASSQVSPGEQYF	1
CASSQVNSRL	1
CASSQASAASYNEQFF	1
CASSQARNGELFF	1
CASSQAPLTGELFF	1
CASSQAISSYNEQFF	1
CASSQALAGALETQYF	1
CASSQGYAGAQYF	1
CASSQGSAFEQFF	1
CASSQGGRADYGYTF	1
CASSQGGAGELFF	1
CASSQGQGLETQYF	1
CASSQDSPSASSYEQYF	1
CASSQDYRDSWTEAFF	1
CASSQDYGGQQETQYF	1
CASSQDLGNYGYTF	1
CASSQDLNRAAGYTF	1
CASSQDLLAGGPVGELFF	1
CASSQDRGSYEQYF	1
CASSQDRVGGAMNTEAFF	1
CASSQDRGSNEQYF	1
CASSQDQGTSGSYEQYF	1
CASSQDGLAALTGTQYF	1
CASSQDGLRIYNEQFF	1
CASSQDIETSGETQYF	1
CASSQDMSGSAF	1
CASSQDPALAATNEKLFF	1
CASSQDNYGYTF	1
CASSQEFHTQYF	1
CASSQERGRVLTEAFF	1
CASSQEQGGSGELFF	1
CASSQEGRGPSYF	1
CASSQEKGTGISYEQYF	1
CASSQTNTPSGGALVGTDTQYF	1
CASSQTTKNIQYF	1
CASSQTGLNWETQYF	1
CASSQRGSYNEQFF	1
CASSQNSGEIYTGELFF	1
CASSVSGGEQYF	1
CASSVSGHLYNEQFF	1
CASSVLARGADTQYF	1
CASSVHIGTGPTPLHF	1
CASSVGQGGPQFF	1
CASSVTSGRGNEQFF	1
CASSVSYEQYF	1
CASSVWELRLPNYNEQFF	1
CASSVPHRVGYYEQYF	1
CASSVGLVEQYF	1
CASSVGQSKLFF	1
CASSVPRQGAYNEQFF	1
CASSVHSSGVEQYF	1
CASSVHLNTGELFF	1
CASSVVGGGGTQYF	1
CASSVVGRGASYNEQFF	1
CASSVVGATNTGELFF	1
CASSVASANYGYTF	1
CASSVAGQDTQYF	1
CASSVGEGSTDTQYF	1
CASSVGGRDEQFF	1
CASSVGDAQETQYF	1
CASSVGDRGRAMNTEAFF	1
CASSVGVSGSLDEQFF	1
CASSVDNGETQYF	1
CASSVDYGGNEQFF	1
CASSVDPGKGHYEQYF	1
CASSVEARAYEQYF	1
CASSVTGTGANNEQFF	1
CASSVRSEQFF	1
CASSASGNEQFF	1
CASSARDGPSTDTQYF	1
CASSAGTGGTKNIQYF	1
CASSAGLVKVGDTQYF	1
CASSAGLASYNEQFF	1
CASSADFAYNEQFF	1
CASSADRQGQFF	1
CASSARGGRARPNEQFF	1
CASSALAGQGSYEQYF	1
CASSAQQGSIGNTIYF	1
CASSAGTSGSNEQFF	1
CASSAETGAYNEQFF	1
CASSATRGTGYTGELFF	1
CASSAFRDTYSTDTQYF	1
CASSALTGETQYF	1
CASSALPGAGELFF	1
CASSATGTGWFTF	1
CASSGPSGEGQPQHF	1
CASSGRTSSGSQETQYF	1
CASSGQVGFDQPQHF	1
CASSGAGYETQYF	1
CASSGGSTDTQYF	1
CASSGTGVLAGGPGFF	1
CASSGLAVYNEQFF	1
CASSGRGVPNEQFF	1
CASSGTSYEQYF	1
CASSDSTSWSYNEQFF	1
CASSDSNNNEQFF	1
CASSDGSPLAPPPLDEQFF	1
CASSESGAGFEKLFF	1
CASSEGLAGGSDTQYF	1
CASSELTGELFF	1
CASSEPRPQGGRYEQYF	1
CASSETPIGTADNQPQHF	1
CASSIRQVQFF	1
CASSISPDTQYF	1
CASSIRDSRGSDTQYF	1
CASSIREPVYTGELFF	1
CASSIRQGTLYEQYF	1
CASSIDGQLFQPSTDTQYF	1
CASSITPGRGQPQHF	1
CASSMGQGVPQETQYF	1
CASSMGQGAGETQYF	1
CASSIKDRDYGYTF	1
CASSTSGNSYEQYF	1
CASSTWGSDNSPLHF	1
CASSTLREAYHEQYF	1
CASSTLQGGLPGYTF	1
CASSTRREFYEQYF	1
CASSTGAGEQYF	1
CASSTTSGRARMEEQYF	1
CASSTTGLRSSYNEQFF	1
CASSTRTQGGTTGELFF	1
CASSTGRSRQTQYF	1
CASSTTSGGPGEQFF	1
CASSTTSGRDEQFF	1
CASSTTAGGEYNEQFF	1
CASSTTGYAGELFF	1
CASSTWDRGTGELFF	1
CASSTQGNNEQFF	1
CASSTGMGVYEQYF	1
CASSTKRQPLNTEAFF	1
CASSSGPAPGSYNEQFF	1
CASSRAYQETQYF	1
CASSRDKVEQFF	1
CASSRTSTYEQYF	1
CASSRPQGAKGNQPQHF	1
CASSRRTNLHLYEQYF	1
CASSRRQNRTNEKLFF	1
CASSRGVNSYNEQFF	1
CASSRTGTGNTEAFF	1
CASSNLGSSYEQYF	1
CASSNTIEQYF	1
CASSNSPGQGHQPQHF	1
CASSNSMTGGNQPQHF	1
CASSNHPAAGCPYNEQFF	1
CASSNTRISGELFF	1
CASSNRGTVYTDTQYF	1
CASSNREGGSKNIQYF	1
CASSKGQGGMNTEAFF	1
CASSKDRGPYEQYF	1
CASSKMGDTAYEQYF	1
CASSKRDRVFEQYF	1
CASSKLTGLPNEKLFF	1
CASSKQGHQPQHF	1
CASSKGNARSYEQYF	1
CASSKGRRGLHFYEQYF	1
CASSKTGNEQFF	1
CASSKKAPGLAGIRDTQYF	1
CASRFHVAGELFF	1
CASRFRVNTGELFF	1
CASRSLTESYEQYF	1
CASRSTGSYEQYF	1
CASRYLPEETQYF	1
CASRLTGWPYEQYF	1
CASRPPGLAGEETQYF	1
CASRPPGVDSYEQYF	1
CASRPGTGAYEQYF	1
CASRPLEGPMRAFF	1
CASRPDRPTDTQYF	1
CASRRYPGTGDYNEQFF	1
CASRRGGGETQYF	1
CASRRDSGTDNYGYTF	1
CASRQTGELFF	1
CASRVVGTGDEQYF	1
CASRVQGGHQPQHF	1
CASRANHNLADTQYF	1
CASRARGDIRETQYF	1
CASRAGTSVSYEQYF	1
CASRAGGEKLFF	1
CASRGRGDYGYTF	1
CASRGQETQYF	1
CASRGAGVIYEQYF	1
CASRGDYYEQYF	1
CASRGPWNTEAFF	1
CASRDSSNTGELFF	1
CASRDWDTEAFF	1
CASREGRSTDTQYF	1
CASRMLAGGQDTQYF	1
CASRTSYEQYF	1
CASRTQDEQFF	1
CASRTGQYGYTF	1
CASRRGTGGRTDTQYF	1
CASRRQGPSTDTQYF	1
CASRNLGSLYEQYF	1
CASRNPRGGEQFF	1
CASRNEVPQETQYF	1
CASRKDRQGGNQPQHF	1
CASRFSGIYEQYF	1
CASRFTGGNGYTF	1
CASRLVLRTGGSYNSPLHF	1
CASRSGRGDTQYF	1
CASRYRELYNSPLHF	1
CASRYRESGQPQHF	1
CASRLAGGPMHEQFF	1
CASRPYGRVGQPQHF	1
CASRPDVVTGELFF	1
CASRPTSGINTGELFF	1
CASRPALTVTSNTEAFF	1
CASRPGTGNQPQHF	1
CASRPSGRENIQYF	1
CASRPAGFQETQYF	1
CASRPGHTFYEQYF	1
CASRPPSGGSSYNEQFF	1
CASRPQGARAFF	1
CASRPIPGPGGNSPLHF	1
CASRRTGGETEQYF	1
CASRHDRGNQPQHF	1
CASRHNRGRNNEQFF	1
CASRQGWSGELFF	1
CASRQGGTGELFF	1
CASRARGRGFGYTF	1
CASRGGPGQYYGYTF	1
CASRGDGRLYEQYF	1
CASRGMGEHFF	1
CASRGQGLTGELFF	1
CASREETQYF	1
CASRTRDRVNEQFF	1
CASRTGTNTEAFF	1
CASRTENEQFF	1
CASRRGNQPQHF	1
CASRNRGNTIYF	1
CASRKRGQYYGYTF	1
CASRKVVTSGETNIQYF	1
CASNSGDSGPYNEQFF	1
CASNPVGGYTEAFF	1
CASNPQGGINQPQHF	1
CASNQRTGEQYF	1
CASNGARGQETQYF	1
CASNEGARTDTQYF	1
CASNKRSSGGYNEQFF	1
CASNLEGEAFF	1
CASNRDSNPDTQYF	1
CASNIAGGPNEQFF	1
CASKREGPKDTQYF	1
CASKAPAAGEAFF	1
CASKGTPLSYEQYF	1
CASKGQGLYEQYF	1
CASKGQGNSPLHF	1
CASKKPGAGNQPQHF	1
CASKGAEETSYEQYF	1
CASKGLAVPSYEQYF	1
CASKEGIEQYF	1
CASKTGTGVYEQYF	1
CASKSSGSVQFF	1
CARPEAGETDTQYF	1
CARATDTQYF	1
CARSESYNEQFF	1
CARQPVIAYNEQFF	1
CARAPPSYQNQPQHF	1
CAISRGQGGMLTDTQYF	1
CATTPGTNSDTQYF	1
CATNLRTGLREQYF	1
CATGLGGADTQYF	1
CASSQLASGNTGELFF	1
CASRLGNTYEQYF	1
CASRLAQGALAKNIQYF	1
CASRRGQMNTEAFF	1
CASRRDSSYNEQFF	1
CASRRNAATSGSVFSEQYF	1
CASRKLAGGDEQFF	1
CASQRWTAVTGELFF	1
CASQTDRTDTDTQYF	1
CASAMRGEQFF	1
CASARTGGQGEQFF	1
CASGTGGGWTEAFF	1
CASGYWDNEQFF	1
CASGSEGRGTTEAFF	1
CASGQSPAVSDTQYF	1
CASGQGPSNTEAFF	1
CASDSRDRGTNEQFF	1
CASEYERPSGGNEQFF	1
CASILTGEAPDTQYF	1
CASIETGANGELFF	1
CASTGQFSYEQYF	1
CASTPGTTNTGELFF	1
CASTPVAGSYEQYF	1
CASTLAGDTDTQYF	1
CASTGGNYGYTF	1
CASSSGIRVAKNIQYF	1
CASSSTNYEQYF	1
CASSLAYESTGELFF	1
CASSPSSSGYNEQFF	1
CASSPSRFSGGGNEQFF	1
CASSRGGTEQFF	1
CASSQQGSNSYEQYF	1
CASSVDGTSFATNEKLFF	1
CASSGASSYEQYF	1
CASSDVKGPNTDTQYF	1
CASSDLAGYSYNEQFF	1
CASSDRYNEQFF	1
CASSDKVAGVTDTQYF	1
CASSEFAGADTQYF	1
CASSEGGGTDTQYF	1
CASSETNQGEQYF	1
CASSNGRGTTNTEAFF	1
CASSKNSPLHF	1
CASSFFPLLDRGAITEAFF	1
CASSFYFLSSGTVYEQYF	1
CASSFLTSGNHGELFF	1
CASSFLPPGGADTQYF	1
CASSFPSDEQYF	1
CASSFRTDTQYF	1
CASSFRRGGVDEQFF	1
CASSFRAGPPDTQYF	1
CASSFQAPTLGAGELFF	1
CASSFGSATNEKLFF	1
CASSFGASGNTIYF	1
CASSFGTAVDGYTF	1
CASSFDLTYEQYF	1
CASSFSGGDYEQYF	1
CASSFNSGLDTQYF	1
CASSFSDTQYF	1
CASSFWGMDEQYF	1
CASSFQGADEQYF	1
CASSFADPKNIQYF	1
CASSFGRISYNEQFF	1
CASSFGYNQPQHF	1
CASSFGDTVYGYTF	1
CASSFGLPYEQYF	1
CASSFDSSYNSPLHF	1
CASSFMRPNRGTGSRYTGELFF	1
CASSFTLEWDEQFF	1
CASSFSSYNEQFF	1
CASSFSGRFTDTQYF	1
CASSFRPSNEQFF	1
CASSLFSASADTQYF	1
CASSLLAGARDEQFF	1
CASSLSLRQAPNYGYTF	1
CASSLSHEQYF	1
CASSLSDREETQYF	1
CASSLSETGLNTEAFF	1
CASSLSGDGYTF	1
CASSLWTSGNEQYF	1
CASSLWTGVFETDTQYF	1
CASSLYAGGYEQYF	1
CASSLLAASYNEQFF	1
CASSLPDSNTQYF	1
CASSLPSNSETRYEQYF	1
CASSLRPGTEKLGDTEAFF	1
CASSLRVTGAGELFF	1
CASSLRASQIGTSTDTQYF	1
CASSLQAFGPYEQYF	1
CASSLQGTGELFF	1
CASSLQSRDTEAFF	1
CASSLVPDRDNQPQHF	1
CASSLVAGSYEQYF	1
CASSLVGQYYEQYF	1
CASSLVGGGAYNEQFF	1
CASSLVGGSYEQYF	1
CASSLVTVDEQYF	1
CASSLVGGSSYNEQFF	1
CASSLVPGMNTEAFF	1
CASSLVARSTDTQYF	1
CASSLVAGHTGELFF	1
CASSLVAGTNEKLFF	1
CASSLVGSQNTGELFF	1
CASSLVFTPADYEQYF	1
CASSLVVGTAEAFF	1
CASSLAFGTGSGYTF	1
CASSLAPSGRPDTQYF	1
CASSLAHGAAGSTEAFF	1
CASSLAAGTSYEQYF	1
CASSLAGKRTFYEQYF	1
CASSLAGWGSDEQFF	1
CASSLAGTGESYEQYF	1
CASSLAGYSLQFF	1
CASSLAGGLAGNEQFF	1
CASSLAGTSGEQYF	1
CASSLAGISGLSTEAFF	1
CASSLADGNYGYTF	1
CASSLADSSYNSPLHF	1
CASSLASGGYNEQFF	1
CASSLARGVPDTQYF	1
CASSLALGLGYEQYF	1
CASSLADRYNEQYF	1
CASSLARQSSYNEQFF	1
CASSLAGNEQFF	1
CASSLGLDTSTDTQYF	1
CASSLGPNTGTQPQHF	1
CASSLGDRGGFYEQYF	1
CASSLGWQGSNQPQHF	1
CASSLGVLSYEQYF	1
CASSLGVARFYEQYF	1
CASSLGAGRVTDTQYF	1
CASSLGGDQPQHF	1
CASSLGGNTEAFF	1
CASSLGGQLEAEAFF	1
CASSLGDTKNYGYTF	1
CASSLGEATYNEQFF	1
CASSLGIGGAKNIQYF	1
CASSLGTLTLGQPQHF	1
CASSLGQGYNEQFF	1
CASSLGGDNYGYTF	1
CASSLGIGTGVDQPQHF	1
CASSLDRASGAYEQYF	1
CASSLDGMSSYEQYF	1
CASSLDTSGRNGELFF	1
CASSLDPSKGSNTEAFF	1
CASSLDPGVGYNEQFF	1
CASSLDGSSYEQYF	1
CASSLDGTVGEQYF	1
CASSLDSPGEQYF	1
CASSLDSGGTNEKLFF	1
CASSLDNYNEKLFF	1
CASSLEWTVGTNYGYTF	1
CASSLEPASQYF	1
CASSLERTGGESNQPQHF	1
CASSLEQQTGLNTGELFF	1
CASSLEVGYTF	1
CASSLEANYGYTF	1
CASSLEAQGAAGELFF	1
CASSLEGSGTGQEAFF	1
CASSLEGRLDEKLFF	1
CASSLEGDTGELFF	1
CASSLEDSRNIQYF	1
CASSLEQFPTEAFF	1
CASSLEAGSSPLHF	1
CASSLEGNSNQPQHF	1
CASSLEGYRDTGELFF	1
CASSLEMLDSYNEQFF	1
CASSLEKGAKFF	1
CASSLMRQGGTDTQYF	1
CASSLILTGLNTGELFF	1
CASSLTARQGHYGYTF	1
CASSLTGHTEAFF	1
CASSLTTSGRNEQFF	1
CASSLTGGSYGYTF	1
CASSLRPGDEQFF	1
CASSLNTGEREQFF	1
CASSLKTRTSDTQYF	1
CASSLLSTLAGYEQYF	1
CASSLRLSSYEQYF	1
CASSLRGALYEQYF	1
CASSLHNPGVTGELFF	1
CASSLQEGYEQYF	1
CASSLQTSNVRSYEQYF	1
CASSLDRTGVGYTF	1
CASSLTPGLNTDTQYF	1
CASSLTERLAGTYEQYF	1
CASSLREGYYGYTF	1
CASSLNYNEQFF	1
CASSLNPGLAGVEEQFF	1
CASSSPDTQYF	1
CASSSRGPSTTNEKLFF	1
CASSSGLAPPMFF	1
CASSSGQLNYGYTF	1
CASSSDDYRGQPQHF	1
CASSSSSYEQYF	1
CASSSRRYEQYF	1
CASSSYQGAGAGELFF	1
CASSSQGYEQYF	1
CASSSDPWKDEQYF	1
CASSSTDSLFANTGELFF	1
CASSSGVMTYEQYF	1
CASSSGNSPLHF	1
CASSWAGTGNEQFF	1
CASSWDREGEQYF	1
CASSWDRNYGYTF	1
CASSYPEKGLYEQYF	1
CASSYGGALAKNIQYF	1
CASSYLTITDTQYF	1
CASSYSAGEGREQYF	1
CASSYYGTSGTYNEQFF	1
CASSYLAAAGTDTQYF	1
CASSYRQGADTQYF	1
CASSLGTSGDTQYF	1
CASSLTPGTGTMNTEAFF	1
CASSLTRGGSYEQYF	1
CASSLSGGTENEQYF	1
CASSLFGRGNEKLFF	1
CASSLRAPAADTQYF	1
CASSLGQKHYEQYF	1
CASSLGDRVWQVADTQYF	1
CASSLGTGGREQFF	1
CASSLGRNTEAFF	1
CASSLGQTNTGELFF	1
CASSLRTGGSYEQYF	1
CASSLFTSGAHIQYF	1
CASSLDAGDTYEQYF	1
CASSLTGLAGTDTQYF	1
CASSLSHTLTGNSYEQYF	1
CASSLRLAGGHEQFF	1
CASSLAGGHGELFF	1
CASSPLTGRGNSNQPQHF	1
CASSPWTRSDTQYF	1
CASSPYGAGTDSYNEQFF	1
CASSPPRGTARTDSNQPQHF	1
CASSPTELNTEAFF	1
CASSPLAGPTDTQYF	1
CASSPLGGRQFF	1
CASSPWREGGDIQYF	1
CASSPLSPSYNEQFF	1
CASSPGLTGNTGELFF	1
CASSPGGEGTQYF	1
CASSPGEGNQPQHF	1
CASSPGTGGNNEQFF	1
CASSPLWDRQETQYF	1
CASSPLATNEKLFF	1
CASSPVGTHHPLAKNIQYF	1
CASSPATSPSTDTQYF	1
CASSPGPGTSGEQYF	1
CASSPGGVEGHQPQHF	1
CASSPGQFNQPQHF	1
CASSPGQEAYGYTF	1
CASSPGQIPYEQYF	1
CASSPDRGSNQPQHF	1
CASSPESDTQYF	1
CASSPNSGSRYEQYF	1
CASSPKLTSRSTYEQYF	1
CASSPLQGPNTGELFF	1
CASSPQPGQGDYEQYF	1
CASSPVNTGELFF	1
CASSPGPTNSYEQYF	1
CASSPGGSYEQYF	1
CASSRSDRGRDEQFF	1
CASSRALGRDLGTGELFF	1
CASSRPDRGPYEQYF	1
CASSRDRYTGELFF	1
CASSRRETGELFF	1
CASSRVAGVRELFF	1
CASSREGTGITYEQYF	1
CASSRWRGTKRLTDTQYF	1
CASSRAEREGYEQYF	1
CASSRARSSDTQYF	1
CASSRTDGEETQYF	1
CASSRTGTMYQETQYF	1
CASSHPPDESRETQYF	1
CASSHLGGEETQYF	1
CASSHLRGGGVGYTF	1
CASSHPDRGHEQFF	1
CASSHPGQPYEQYF	1
CASSHPTGQNIQYF	1
CASSHRDGDYEQYF	1
CASSHGASEQYF	1
CASSQSGTSGFLTDTQYF	1
CASSQWGLAGVDEQFF	1
CASSQLWDRDRGYGYTF	1
CASSQPPRGNEQYF	1
CASSQVRGSDEQYF	1
CASSQAWDTQYF	1
CASSQADREDTQYF	1
CASSQGEPGELFF	1
CASSQGQAYEQYF	1
CASSQERELFF	1
CASSQMGGGTPYEQYF	1
CASSQSRAATDTQYF	1
CASSQSGQSYEQYF	1
CASSQWGVSTDTQYF	1
CASSQPLSSVGGGGYTF	1
CASSQPGTGKSYEQYF	1
CASSQPDRGYNYGYTF	1
CASSQPSEYEQFF	1
CASSQPQGSSYNEQFF	1
CASSQPGQGNNYGYTF	1
CASSQQGMNTEAFF	1
CASSQQGMQTNEQFF	1
CASSQQLTGGNNEQFF	1
CASSQVFTGNTGELFF	1
CASSQVLDRSYEQYF	1
CASSQVTMRGLDNEQFF	1
CASSQVRDRADQPQHF	1
CASSQVAPAGVGNEQFF	1
CASSQVGAEQFF	1
CASSQVLRYSYEQYF	1
CASSQVGREGEQFF	1
CASSQVLENTGELFF	1
CASSQAGTPPFF	1
CASSQAGTLIYEQYF	1
CASSQAMGQSEQYF	1
CASSQAWNTDTQYF	1
CASSQGFLAKNIQYF	1
CASSQGFGFSYNEQFF	1
CASSQGGRAYQETQYF	1
CASSQGLLWGTTDQPQHF	1
CASSQGRGRGGYTF	1
CASSQGRAGLGQYF	1
CASSQGARVTEAFF	1
CASSQGTSGNNEQFF	1
CASSQGGRWSGGTLEQYF	1
CASSQDSSAPRGAYEQYF	1
CASSQDSAGNQPQHF	1
CASSQDSGGRYNEQFF	1
CASSQDWSTGSGYTF	1
CASSQDYGLLASYNEQFF	1
CASSQDYREGNYEQYF	1
CASSQDLPRGGYNEQFF	1
CASSQDPHRDLGTGELFF	1
CASSQDRGGLAWETQYF	1
CASSQDHGRGRWTGELFF	1
CASSQDGSGYEQYF	1
CASSQDGGRSSYNEQFF	1
CASSQDGTALPGNTIYF	1
CASSQDGSWAGRTGELFF	1
CASSQDEGSPGELFF	1
CASSQDTSWDSYEQYF	1
CASSQDRRNRLETQYF	1
CASSQDRAGAPPGELFF	1
CASSQDFPLSGMGDEQFF	1
CASSQDRSYLVLNEQFF	1
CASSQDARPNSYNEQFF	1
CASSQEYPAIQETQYF	1
CASSQERNQGEQYF	1
CASSQEGPSGRENTGELFF	1
CASSQEGTSGYEQYF	1
CASSQEGRTGSSYEQYF	1
CASSQENEQYF	1
CASSQELAGFYEQYF	1
CASSQEGLVDNEQFF	1
CASSQEGGGVHTQYF	1
CASSQEGTKKETQYF	1
CASSQEGPGTLPYEQYF	1
CASSQETGKPTYEQYF	1
CASSQIPQREGRYEQYF	1
CASSQISGTGKYNQPQHF	1
CASSQIAGGHNEQFF	1
CASSQTTSNNEQFF	1
CASSQSPAGYTF	1
CASSQSEFGAGSYEQYF	1
CASSQRSSGTYEQYF	1
CASSQRLAGRYNEQFF	1
CASSVDRVPEQYF	1
CASSVNRGLLTGELFF	1
CASSVQAPGNTIYF	1
CASSVGLAGGPPGELFF	1
CASSVLGWRDTQYF	1
CASSAELGNEQFF	1
CASSATGLEQYF	1
CASSAWTNEKLFF	1
CASSAQSGQSDEAFF	1
CASSAGQGAFSNEKLFF	1
CASSADRGAHYEQYF	1
CASSAIPSLIYNEQFF	1
CASSGDAASAYEQYF	1
CASSGALLNIGEKLFF	1
CASSGGTGGAYEQYF	1
CASSGIVGTEAFF	1
CASSGWTDEGLSTDTQYF	1
CASSGTGGYEQYF	1
CASSDQPMRADTQYF	1
CASSEGGVNQPQHF	1
CASSETTAKNIQYF	1
CASSEGGGRMGTEAFF	1
CASSENSMWYVRTDTQYF	1
CASSMRGYSYNEQFF	1
CASSITGGAGTGELFF	1
CASSTLTGGTGELFF	1
CASSTGQGAYGYTF	1
CASSTTETSYNSPLHF	1
CASSTGTFATGELFF	1
CASSTGLAGYTGELFF	1
CASSREPGPNQPQHF	1
CASSRGQGNTEAFF	1
CASSNTASITGGEQYF	1
CASSNRQSQGGSGNTIYF	1
CASSNGGRSSYEQYF	1
CASSNTHSYEQYF	1
CASSNRRGYEQYF	1
CASSKDRDEQYF	1
CASSKTFNQPQHF	1
CASSKTGTSVTDTQYF	1
CASRWGAGYGYTF	1
CASRPGRGQEAFF	1
CASRGGVENTEAFF	1
CASRGLEGGELFF	1
CASREFGWTENEQFF	1
CASRELADSSYEQYF	1
CASRTGRLGTGELFF	1
CASRNPHDGAYTGELFF	1
CASRNTGELFF	1
CASRSPPSRGNTGELFF	1
CASRSPGLNTGELFF	1
CASRWTSGSSYEQYF	1
CASRPLAGAYNEQFF	1
CASRPGLVTDTQYF	1
CASRPDSADYGYTF	1
CASRRIRGGPADTQYF	1
CASRRRGGGSTGELFF	1
CASRRLAAYNEQFF	1
CASRGSSYEQYF	1
CASKIRANTGELFF	1
CASKSGTGVYEQYF	1
CASKKDRQIGKLFF	1
CTQTGIEETQYF	1
CSCGVATDTQYF	1
CSVVRRDRGYEQYF	1
CSVIQGGSNQPQHF	1
CSVSGGWAGSNQPQHF	1
CSVTQGADYGYTF	1
CSAFGTADQETQYF	1
CSALAGRTDTQYF	1
CSASRQGHF	1
CSASGTAGTSLYQETQYF	1
CSASQGAAQLNEYGYTF	1
CSAWDRAYNEQFF	1
CSAYTGGLSQFYEQYF	1
CSALQGGGYTF	1
CSAPRGLVGTDTQYF	1
CSAPTSGGAGSYNEQFF	1
CSARLAGGYEQYF	1
CSARWASGIHEQYF	1
CSARIGQYSNQPQHF	1
CSAAGTGGYNEQFF	1
CSAAPGLAGGGLGELFF	1
CSAAVSETQYF	1
CSAGGAERETQYF	1
CSAGQDGSYEQYF	1
CSAGTGENEQFF	1
CSAEQGTSGDYEQYF	1
CSAEGWSYNEQFF	1
CSAIIAGRSYNEQFF	1
CSAISGTDTQYF	1
CSATLGPNEQFF	1
CSATLDGPYEQYF	1
CSATRTGGASGRGYEQYF	1
CSATHHTSGANYNEQFF	1
CSATEGASASSYNEQFF	1
CSATMGVAYNEQFF	1
CSATPGSGGTTDTQYF	1
CSATNTGGNEQFF	1
CSATGVRAGGHEQYF	1
CSASSGQTYGYTF	1
CSASWGANQETQYF	1
CSASRGKGEDTQYF	1
CSASGDSGRAYEQYF	1
CSASRPTGELFF	1
CSASRSGGAYEQYF	1
CSASLGTEQFF	1
CSASSRYYEQYF	1
CSASLRSTDTQYF	1
CSASPGTSTYEQYF	1
CSASVGETGYTF	1
CSASGVQETQYF	1
CSASGFQETQYF	1
CSASSQRELNEQFF	1
CSARWLAGVSDTQYF	1
CSARWISDRGYSYEQYF	1
CSARLAGAETQYF	1
CSARPFVSGEGTDTQYF	1
CSARPPSYNEQFF	1
CSARRVRGGADTQYF	1
CSARAGQEGQPQHF	1
CSARGHEQYF	1
CSARGLVSGELFF	1
CSARDGVGDGELFF	1
CSARDDRSSYEQYF	1
CSAREAGVGEQYF	1
CSARTGFYEQYF	1
CSARFPSRAEQYF	1
CSARFIQGAGGYTF	1
CSARSRGLDTQYF	1
CSARYQGTRNYGYTF	1
CSARYGPSSYNEQFF	1
CSARLSGSRETQYF	1
CSARLAGGTGELFF	1
CSARLGEYGYTF	1
CSARPSGQGAGELFF	1
CSARPPSGGAYEQYF	1
CSARPSGVPMGTQYF	1
CSARPYGTSGLIYEQYF	1
CSARPGAGYEQYF	1
CSARVSGAGSNEQFF	1
CSARVVSTPRNTEAFF	1
CSARVRGLDSNQPQHF	1
CSARVASKPPETQYF	1
CSARAGTGPYSLGDEQFF	1
CSARAPGQGTDTQYF	1
CSARAPFWETQYF	1
CSARARDLNTDTQYF	1
CSARAPQGYEQYF	1
CSARAAGPLEQYF	1
CSARARRTTDTQYF	1
CSARGLTGARDTQYF	1
CSARGGPLDTQYF	1
CSARGGTSEGELFF	1
CSARGVGKREYNEQFF	1
CSARGQSNQPQHF	1
CSARDLPGENDQPQHF	1
CSARDLGTGELFF	1
CSARDSAWGQETQYF	1
CSARDLGNEQFF	1
CSARDLSGSYEQYF	1
CSARDLASSTDTQYF	1
CSARDPRNTGELFF	1
CSARDPTQGLGNTEAFF	1
CSARDPTSGPYEQYF	1
CSARDRQGENTGELFF	1
CSARDGDRGRYEQFF	1
CSARDGTSGYNEQFF	1
CSARDGRPSTDTQYF	1
CSARDEGPEWTDTQYF	1
CSARDEIGKGEGNTIYF	1
CSARDEEDTQYF	1
CSARDTSGDRGEQFF	1
CSARDSPLAPTDTQYF	1
CSARDSGGATGELFF	1
CSARDRAAPRDEQFF	1
CSARDRGQGTGELFF	1
CSARDNTRDLETQYF	1
CSARDNPGGEQYF	1
CSARDLSSVREYRNTEAFF	1
CSARDPDFYYEQYF	1
CSARDPAGAPHEQYF	1
CSARDALAGEAETQYF	1
CSARDRYGLSEQFF	1
CSAREPSGRVGYNEQFF	1
CSAREVGRETQYF	1
CSAREGIAVTDTQYF	1
CSARELRRGGRNEQFF	1
CSARELETQYF	1
CSARETKRASGRTDTQYF	1
CSARIEGPGWPNTEAFF	1
CSARMGLEAGELFF	1
CSARSNGRPKNIQYF	1
CSARRGIDRNSPLHF	1
CSARRLAGNTGELFF	1
CSARKGGTDTQYF	1
CSARKLAGEQYF	1
CSANGGGARTDTQYF	1
CSANGGGTYEQYF	1
CSAKHPYGRETQYF	1
CSAKASGYNEQFF	1
CSAKGLGVMLDQETQYF	1
CSAKITSYNSPLHF	1
CSAKQGHQETQYF	1
CSAWTSGIPSYEQYF	1
CSALLAWETQYF	1
CSALGLAGGDFTSKNTQYF	1
CSAPRVRDKDGYTF	1
CSAPGQETQYF	1
CSAPHNYEQYF	1
CSAPGLAGGQNYEQYF	1
CSAPTSGRNTGELFF	1
CSARIAGGRDEQFF	1
CSARDPLAGGRETQYF	1
CSARGWRDQPQHF	1
CSARIPPRLAGESPFSDTQYF	1
CSAHSPSGELFF	1
CSAHSGQGVNEQFF	1
CSAQRVFSDHEQFF	1
CSAAGLTYGYTF	1
CSAGTGEVSEQFF	1
CSAGPGGLAGGRETQYF	1
CSADFAGTAYEQYF	1
CSAERLYGYTF	1
CSAIRDTSTDTQYF	1
CSATRVGKTQYF	1
CSASWGYEQYF	1
CSARNVLPTDTQYF	1
CSAPGLWETQYF	1
CSAPGQGGQPQHF	1
CSAQLGGLTDTQYF	1
CSAPDPRSRRAGYGYTF	1
CSAGLAGSTQYF	1
CSADPGTSGRGDTQYF	1
CSATRLVGETQYF	1
CSARAGTYNEQFF	1
CSGYQGLTNYGYTF	1
CSGTSTFGETQYF	1
CSERALQGETQYF	1
CSEAGTNSYEQYF	1
CSEKGNSNYNEQFF	1
CSLGKQETQYF	1
CSVFFRQGGNEQYF	1
CSVSPGGIGYEQYF	1
CSVSQGASYNEQFF	1
CSVSAGITSGGPQETQYF	1
CSVLRDNSYEQYF	1
CSVRSGASGNEQFF	1
CSVRGSSYEQYF	1
CSVRTFETQYF	1
CSVRRGRGETQYF	1
CSVVGGGPHEQYF	1
CSVVRGHTDTQYF	1
CSVVRNEQFF	1
CSVVRQGMMASSEAFF	1
CSVVVGGNTEAFF	1
CSVVAAFWGNEQFF	1
CSVVGTGNTDTQYF	1
CSVVGRAGTSYEQYF	1
CSVAKGGSYNEQFF	1
CSVARNSGTPNSYEQYF	1
CSVAGLAGVRREQYF	1
CSVALASYNEQFF	1
CSVAPGETQYF	1
CSVADIRDLNYGYTF	1
CSVGDRGYSYEQYF	1
CSVGTPTGPNEQFF	1
CSVGYGGSYNEQFF	1
CSVGRELMYNEQFF	1
CSVGPVHEFF	1
CSVGVAGILIDNEQFF	1
CSVGAGAFGYTF	1
CSVGGGGRKTQYF	1
CSVDLGKLGALSSYNEQFF	1
CSVDSGFTDTQYF	1
CSVDGTSEGASSYEQYF	1
CSVDEITDTQYF	1
CSVDTVMRGQHSYNEQFF	1
CSVDSRGGAFF	1
CSVDSGTANYNEQFF	1
CSVDATGAEAFF	1
CSVDTGSYEQYF	1
CSVEGEGSYEQYF	1
CSVEDRGTDTQYF	1
CSVETGTPGADTQYF	1
CSVEYPGGVVYGYTF	1
CSVEYGNEQFF	1
CSVEPSSGPYNEQFF	1
CSVEPGSTDTQYF	1
CSVEGALGDRAIYNEQFF	1
CSVEDSPAGQETQYF	1
CSVEDWGDRFYEQYF	1
CSVEDWDKDYEQYF	1
CSVEDLLEISYNEQFF	1
CSVEDPGEQFF	1
CSVEDGGEFDTQYF	1
CSVEDGLAGGMNEQFF	1
CSVEEWYNEQFF	1
CSVETSGVETQYF	1
CSVERQGETQYF	1
CSVENERRPSTDTQYF	1
CSVEKEGHNHF	1
CSVSRGVAGSDTQYF	1
CSVRERGDTGELFF	1
CSVNGHDRELGDEQFF	1
CSVKDGTGELFF	1
CSVSTGFSNTGELFF	1
CSVWGTSGHTDTQYF	1
CSVLGLSTDTQYF	1
CSVPGQGTDTQYF	1
CSVQRGLAGEGGMDEQFF	1
CSVQHEIDRGSPYEQYF	1
CSVAGGLNEQYF	1
CSVGRTGPEETQYF	1
CSVGDKPGAYGYTF	1
CSVDPNNEQFF	1
CSVRGLQETQYF	1
CSVHALGLAGDEQYF	1
CSVGGGGQPQHF	1
CSVGTSLAYEQYF	1
CSVGTGQETQYF	1
CSVGKTRNLRETQYF	1
CSVRQGYYEQYF	1
CSVDRQGSSGELFF	1
CSVTGFRAYEQYF	1
CSVNRADTQYF	1
CSAGTGMGTYNEQFF	1
CSARAGLDTQYF	1
CSARGLARSSTDTQYF	1
CSALATSTDTQYF	1
CSALGLGYEQYF	1
CSAPTLNEQFF	1
CSAEVIPDTQYF	1
CSAEGTPGYTF	1
CSAETSGIAKNIQYF	1
CSAGTGQFF	1
CSARSRAGTRGEQFF	1
CSAGSTSYEQYF	1
CSGRTGGSYEQYF	1
CSGVYSGRLLGEQFF	1
CSGSFSGTGSSEGGEQYF	1
CSGGEETQYF	1
CSGDSGGSSTDTQYF	1
CSEFTGTSTYEQYF	1
CSSPGVPFSYEQYF	1
CRASRGEDYGYTF	1
CRTGTGGSDTQYF	1
RATSEQGGNYGYTF	1
RATDSGGRRGYEQYF	1
RASRLAGGPDSGELFF	1
RASSLPTEKERETQYF	1
RASSFTGTSDTKNIQYF	1
RASSLQGCLYTDTQYF	1
RASSLGQGKETQYF	1
RASNTNRGRDEKLFF	1
CASSPPGVGPGANVLTF	3
CASSFEGIQETQYF	3
CASSLEETQYF	3
CAWSVRGTHNSPLHF	2
CATRIARGEQFF	2
CASSPDFGITTYEQYF	2
CASSLGGQAFNEQFF	2
CASSLSIFSYNEQFF	2
CASSLGVGGRVPEAQHF	2
CASSSPGQSYNEQFF	2
CASSYSPGWDEQFF	2
CASSDPATSGEPLYNEQFF	2
CASSELAGGPDEQFF	2
CASSEIPSGSYEQYF	2
CASSERLAGAFYNEQFF	2
CASSLGVVWGHSSYNEQFF	2
CASSLEGSSGNTIYF	2
CASSSPTRSNTGELFF	2
CASSPTDWNTEAFF	2
CASSPKGTGQNTGELFF	2
CASSPGTSGSSYEQYF	2
CASSRWGGRAGNQPQHF	2
CASSTGQVGDTQYF	2
CASSLVGLGLYNEQFF	2
CASSLGLAEADTQYF	2
CASSSSDPVWEQYF	2
CASSRTVTSTDTQYF	2
CASSVGGGTNEQFF	2
CASSALGYEQYF	2
CSVSGSSSYNSPLHF	2
CSARDQPGGIYEQYF	2
CSATTSGRTDNEQFF	2
CSGSTDTQYF	1
CPGTSYEQYF	1
CVSTLTGVGHSYEQYF	1
CAPGGYEQYF	1
CAIGDSGLYNEQFF	1
CASGLRDNEQFF	1
CASSLLAGAIHNEQFF	1
CASSLDGSSYEQYF	1
CASSLDRFPKFF	1
CASSPNTGDRQETQYF	1
CASSQTGSYEQYF	1
CASSTGQNNEQFF	1
CASSGGGITDTQYF	1
CASRGANYGYTF	1
CASDRGLAGEGETQYF	1
CASGLAGGRSYNEQFF	1
CACGAGGYQETQYF	1
CAWGQYNEQFF	1
CAWDRVHLSGNTIYF	1
CAWTPPRTLNEKLFF	1
CAWSSSTDTQYF	1
CAWSVMGQETQYF	1
CAWSATQGYEQYF	1
CAWSAKTGELFF	1
CAWSGLAGEEQYF	1
CAWSLHPGQAYNEQFF	1
CAWSERSQPQHF	1
CAYQGSYEQYF	1
CARKPRDNEQFF	1
CAVMDNSYEQYF	1
CAAWGGTSGQYF	1
CAARWGGELFF	1
CAARGFTDTQYF	1
CAAGGLTTDTQYF	1
CAADQGSGELFF	1
CAAGPGGSYEQYF	1
CAGTGTGGYNEQFF	1
CAGEGQGINEQFF	1
CAGGRTNTGELFF	1
CAISRTSGRTSEQYF	1
CAIPPQHS	1
CAIRGVPAGGSYNEQFF	1
CAIGPGGVGSYEQYF	1
CAIGGGATEAFF	1
CAIMRPGAYEQYF	1
CAITTSSGSYEQYF	1
CAITQPPAGAFHNEQFF	1
CAITGGQGANYGYTF	1
CAITGTGSSGVGDEQFF	1
CAISPDRGSDEQYF	1
CAISPGLAGGINEQFF	1
CAISVPGQHLDGYTF	1
CAISVMMGTGYTGELFF	1
CAISVGTGGQETQYF	1
CAISVLAGNNEQFF	1
CAISVGKTYEQYF	1
CAISASSGARETQYF	1
CAISASRTDTQYF	1
CAISAGQGSYEQYF	1
CAISGGSRRYF	1
CAISGWTGGYEQYF	1
CAISGDMIYGYTF	1
CAISGRAEYNEQFF	1
CAISGSRDRSYEQYF	1
CAISGGGEASDTQYF	1
CAISDYAGASVDEQFF	1
CAISDRRDLSTDTQYF	1
CAISDLSGGETQYF	1
CAISDPRGELFF	1
CAISDRGLAGPTGELFF	1
CAISELQAGNTGELFF	1
CAISELDLHGDKVKNIQYF	1
CAISESVKGNYTF	1
CAISESEGYNEQFF	1
CAISESRGPSTDTQYF	1
CAISESTGAPPADTQYF	1
CAISELRVQGTDTQYF	1
CAISEPEGTGTTTYHREQYF	1
CAISEPRGLAGVNEQYF	1
CAISEPRTSGIYF	1
CAISERQSSYEQYF	1
CAISEGTIEQYF	1
CAISEGQGPYEQYF	1
CAISEDGYEQYF	1
CAISEKRTSGYEQYF	1
CAISELAGGLETQYF	1
CAISTGSRSSYNEQFF	1
CAISRSGTSSYEQYF	1
CAISKGQGADEQYF	1
CAISYGQGLGESYNEQFF	1
CAISLPIAGGAYEQYF	1
CAISPPRTGLYEQYF	1
CAISPHREHPQETQYF	1
CAISPDGGLGGNEQFF	1
CAISQDRGRIYEQFF	1
CAISRNTQTMPEQYF	1
CAIRPGQGNEQFF	1
CAIRAGIGGNEQFF	1
CAIRGHSEFYEQYF	1
CAIRERGNEQFF	1
CAIRSPTSGIYNEQFF	1
CAIRSTEGPFEQYF	1
CAIRPTSGAYNEQFF	1
CAIRPGLAGEQETQYF	1
CAIRSDVEGGEQFF	1
CAINGGGADGPGTDTQYF	1
CAINRGQGADEQFF	1
CAIKEGVGNQPQHF	1
CAIKQGLAGNQETQYF	1
CAIPVGRRGNEQFF	1
CAITGTSGLSNTGELFF	1
CATSPAHLGGGTDTQYF	1
CATSEGTGEQYF	1
CATSGARSTDTQYF	1
CATSAAYEQYF	1
CATSTGGAESPLHF	1
CATSRRGTGYEQYF	1
CATLGQGAPEQYF	1
CATLYDAYNEQFF	1
CATLLGGYEQYF	1
CATQSEGGNQPQHF	1
CATQLRDYTLTGETQYF	1
CATQQSYNEQFF	1
CATQQTQETQYF	1
CATQRVENQPQHF	1
CATQGQGAYEQYF	1
CATARGLAYEQYF	1
CATAGAGSYEQYF	1
CATGLAGGNEQFF	1
CATDTTTGELFF	1
CATMTGNEQFF	1
CATTLQGFSNQPQHF	1
CATTSLSLNQPQHF	1
CATTGQTTYEQYF	1
CATSSFTGAIGADTQYF	1
CATSSGTGWYF	1
CATSPRDRGSANTGELFF	1
CATSHWRAHEQYF	1
CATSVGGRNTDTQYF	1
CATSVQDRGKETQYF	1
CATSVPGDAGELFF	1
CATSVGSGATDTQYF	1
CATSVSLPGSYNEQFF	1
CATSAWGLSSYNEQFF	1
CATSAAGGYTDTQYF	1
CATSATGSYEQYF	1
CATSARGSLETQYF	1
CATSGRRTAGDTQYF	1
CATSGREQTRRSSGRGGTDTQYF	1
CATSGRSDEQFF	1
CATSGGEIAFWTDTQYF	1
CATSDFPGPANNEQFF	1
CATSDFEAGALSDTQYF	1
CATSDFIRGRKETQYF	1
CATSDFKGSAYNEQFF	1
CATSDFWKGPGNNEQFF	1
CATSDFAGTLSNEQFF	1
CATSDFGRGKEQFF	1
CATSDFGGSRNEQFF	1
CATSDLSPEQFF	1
CATSDLSGRSWAEQFF	1
CATSDLYGTGGAGELFF	1
CATSDLERGGNLPYEQYF	1
CATSDLRGAADTQYF	1
CATSDLNYEQYF	1
CATSDLSGGARNEQFF	1
CATSDLGGGTDTQYF	1
CATSDLTGSSYNEQFF	1
CATSDSYYNEQFF	1
CATSDSHREEETQYF	1
CATSDSGRGAETQYF	1
CATSDSTTGVVGQPQHF	1
CATSDSGTAYQETQYF	1
CATSDSGTGDGYQETQYF	1
CATSDSGLARIF	1
CATSDSWRGGRAGNEQFF	1
CATSDSGRNVYNEQFF	1
CATSDSTDTYVEQYF	1
CATSDSRTDTQYF	1
CATSDSRQTRYTNEQFF	1
CATSDLETSGRAETQYF	1
CATSDLRDQAEQFF	1
CATSDLFGTSVETQYF	1
CATSDPGTQKEQFF	1
CATSDPVRTGGLDTQYF	1
CATSDPPGTDTQYF	1
CATSDPWIAGKDYNEQFF	1
CATSDRSGTGNTDTQYF	1
CATSDRAGARRNEQFF	1
CATSDHSGWLNEQFF	1
CATSDQSSYEQYF	1
CATSDQLAGGNEQFF	1
CATSDASGSDEQFF	1
CATSDAPGTRGTGELFF	1
CATSDAAAGGSSYEQYF	1
CATSDATSGRIYNEQFF	1
CATSDGGRGLAYVYEQFF	1
CATSDGGLLSDTQYF	1
CATSDTWDSGRVETQYF	1
CATSDTGTGLQEQYF	1
CATSDFAADSANTGELFF	1
CATSDPRPTKSSYNEQFF	1
CATSDPGTGERNNEQFF	1
CATSDPRTSGMGLSYNEQFF	1
CATSDPQGQGYNEQFF	1
CATSDPGQQNTGELFF	1
CATSDRPGLAGGLFNEQFF	1
CATSDRRAGNYGYTF	1
CATSDQTSGGTGELFF	1
CATSDQNLAAYNEQFF	1
CATSDGGHASYEQYF	1
CATSELSEANEQFF	1
CATSEQGYEQFF	1
CATSESGNREVYEQFF	1
CATSEAGTGARETQYF	1
CATSERQVDYNEQFF	1
CATSTSGRQETQYF	1
CATSRGEGLGEQYF	1
CATSSSRGVSDTQYF	1
CATSLGREETQYF	1
CATSPAGHQGGGAYNEQFF	1
CATSQTSGPSQFF	1
CATSGLAAANTGELFF	1
CATSDLVAGGSTDTQYF	1
CATSTRRANNQPQHF	1
CATSRDSYNEQFF	1
CATSRDGGPEQYF	1
CATSRDSGNTEAFF	1
CATSRVISGGTDTQYF	1
CATSRAEGSLNIQYF	1
CATSRAGYGYTF	1
CATSRGSVRIGPQETQYF	1
CATSRDLEGAGELFF	1
CATSREGAPTGELFF	1
CATSREQGAYNEQFF	1
CATSREGSWGPPFF	1
CATSRITSGGPDTQYF	1
CATSNRDFEEQYF	1
CATRDSGGLSYNEQFF	1
CATRPGQRDEQFF	1
CATNIRDRGFNEQFF	1
CATNITGTKPVNEQFF	1
CATKGTETYEQYF	1
CATKDRSTDTQYF	1
CATQGVTYEQYF	1
CATGSGGANTGELFF	1
CATGEGYDEQYF	1
CATKGDRYNSPLHF	1
CASSMGIVYEQYF	1
CASWTTTYNEQFF	1
CASRQAGETQYF	1
CASGRTGPLNTEAFF	1
CASGPPRGGHQETQYF	1
CASEANYGYTF	1
CASTSLAGNYGYTF	1
CASTKRANYGYTF	1
CASTGGINYEQYF	1
CASSPRWTGGYEQYF	1
CASSIGYTGELFF	1
CASSIGDSQPQHF	1
CASSMGASLETQYF	1
CASSMGTANYGYTF	1
CASSMEGRGHQPQHF	1
CASSMTDRRMGYTF	1
CASSPGLAGGGEQFF	1
CASSHQGSEAFF	1
CASSGGGRLNTEAFF	1
CASRALTGGREETQYF	1
CASKGQADYGYTF	1
CASFYMGEQYF	1
CASSLAGDVETQYF	1
CASSPPNNEQFF	1
CASSPGGNNQPQHF	1
CASSRTGPSSNTGELFF	1
CASSGGPDTQYF	1
CASSIGPSSYNEQFF	1
CASSPSLNTGELFF	1
CASSRLAVFQETQYF	1
CASSGLAGDRDTQYF	1
CASSTGEWDTQYF	1
CASSFDRGVYEQYF	1
CASSPDRDYGYTF	1
CASSPQVNTGELFF	1
CASSPGISSYEQYF	1
CASSPRDPGQGDNQPQHF	1
CASSPQRQATNEKLFF	1
CASSPRGQQETQYF	1
CASSGSDAYEQYF	1
CASSGTGNTEAFF	1
CASSRTGYTYGYTF	1
CASWTPTGKEQFF	1
CASYLGDTQYF	1
CASYPAGGNTGELFF	1
CASLISGGDSPLHF	1
CASLLAGSWGETQYF	1
CASLGLWGGGGYGYTF	1
CASLREIGDTQYF	1
CASLAGGFNEQFF	1
CASLTWSEQYF	1
CASPSSEDSYEQYF	1
CASRSDLNTGELFF	1
CASRFYSQETQYF	1
CASRAFSGRTDTQYF	1
CASHGPYYEQYF	1
CASHRGRVDEQFF	1
CASQVREGNNEQFF	1
CASQISGRTSYEQYF	1
CASVVGTQGADTQYF	1
CASVRDSPTDTQYF	1
CASVETDTQYF	1
CASVGRDRAYEQYF	1
CASASGTTLRETQYF	1
CASAQGFYGYTF	1
CASAARPMLAGTQYF	1
CASANSGTPWEQYF	1
CASAGPYEQYF	1
CASALTTGTGNTIYF	1
CASAWGGGTSGDTQYF	1
CASGPWVSSYNEQFF	1
CASGGQRGSTDTQYF	1
CASGDDRRRAQFF	1
CASGKEGVSPLHF	1
CASGANGHSYNEQFF	1
CASGGRNTDTQYF	1
CASGGASPRETQYF	1
CASGDQILETQYF	1
CASGDRENTEAFF	1
CASGMGGLAANEQFF	1
CASGTAGGREQYF	1
CASGTANTGELFF	1
CASGSPYNEQFF	1
CASGLLGVSFVYEQYF	1
CASGLAGTGELFF	1
CASGPQGSAFF	1
CASGQSSTNEKLFF	1
CASGVTPGFGGLAVIYEQYF	1
CASGVQGLGETQYF	1
CASGAIDQTYEQYF	1
CASGTGELFF	1
CASGTQGGQETQYF	1
CASGRDQYEQYF	1
CASGNLAGKGGGEQYF	1
CASGNLGFSDTQYF	1
CASDGGPGELFF	1
CASDKAGEPTDTQYF	1
CASEGGRNAEQFF	1
CASETPAGELFF	1
CASEKAGDSYEQYF	1
CASIPSGEAVEQYF	1
CASIPGTGSYEQYF	1
CASIRSGGGSETQYF	1
CASIVAGGWLCSYNEQFF	1
CASISGDSRADTQYF	1
CASIPGNTDTQYF	1
CASIPGLLTDTQYF	1
CASIIRQGKTGELFF	1
CASIRMDFPGEQYF	1
CASINRASGAKNIQYF	1
CASMPTGSNQPQHF	1
CASMQRLIASEQFF	1
CASMDTANSYEQYF	1
CASIRGRVDTQYF	1
CASTYQETQYF	1
CASTLDGSYNSPLHF	1
CASTRTSGSREQYF	1
CASTGGGARGAKNIQYF	1
CASTGTSGSTEQYF	1
CASTFSGRAHTGELFF	1
CASTLFGTEAFF	1
CASTSYPTDTQYF	1
CASTSVMSGGYTF	1
CASTSEYNEQFF	1
CASTWDTGELFF	1
CASTYGTGVNTGELFF	1
CASTLVGGNTEAFF	1
CASTPPGRREYGYTF	1
CASTPRREASNEQFF	1
CASTPAGNTIYF	1
CASTPGTISYEQYF	1
CASTPGQGVLQETQYF	1
CASTPFGSNQPQHF	1
CASTRDRSTDTQYF	1
CASTRGREQETQYF	1
CASTQYWGAGQPQHF	1
CASTAANSPLHF	1
CASTGAPGNTQYF	1
CASTGGSLGAYEQYF	1
CASTGQVYGYTF	1
CASTDPGQGATSPLHF	1
CASTIAAVTDTQYF	1
CASTTGDSTDTQYF	1
CASTRYQFF	1
CASTRGSPPNEQFF	1
CASTRTAYNEQFF	1
CASTNEIGNSNQPQHF	1
CASTKGGGSAYGYTF	1
CASTKDRGGQPQHF	1
CASTVFANTGELFF	1
CASTASGRAEQYF	1
CASTTRDRGPEKLFF	1
CASTVDNEQFF	1
CASTIENIQYF	1
CASSFFGYTGELFF	1
CASSFSLGGSEQFF	1
CASSFSTGSQPQHF	1
CASSFSRDANTGELFF	1
CASSFYMVEGEAAEAFF	1
CASSFLGRANEKLFF	1
CASSFQVSYEQYF	1
CASSFATTSYEQYF	1
CASSFGRDPNSPLHF	1
CASSFGRATGSSYEQYF	1
CASSFGGEQYF	1
CASSFGGNTEAFF	1
CASSFGTQGGYTF	1
CASSFGTYEQYF	1
CASSFGQGYEQYF	1
CASSFGETQYF	1
CASSFDLEDRTTYEQYF	1
CASSFDLAGVIDTQYF	1
CASSFDRSSNQPQHF	1
CASSFDREDTQYF	1
CASSFTPTEGEQYF	1
CASSFRGGTGELFF	1
CASSFRQGGGTGELFF	1
CASSFKWGELNTGELFF	1
CASSFFHREEYGYTF	1
CASSFFGEQFF	1
CASSFSVDYNSPLHF	1
CASSFSVPTDTQYF	1
CASSFSTDAYEQYF	1
CASSFSGSIGGYTF	1
CASSFYNEQFF	1
CASSFLGQGISEQYF	1
CASSFLDRGGTDTQYF	1
CASSFLAGGAYEQYF	1
CASSFPGGGTQYF	1
CASSFPGQGTDTQYF	1
CASSFPSGSSPGIFQETQYF	1
CASSFRWSGQYGYTF	1
CASSFRASYNEQFF	1
CASSFRLAGELEQYF	1
CASSFRQLNNEKLFF	1
CASSFQGRGDYTF	1
CASSFQGSNYGYTF	1
CASSFQDLNSPLHF	1
CASSFQLGTSSVQPQHF	1
CASSFVGTSGNQETQYF	1
CASSFAGSNSYEQYF	1
CASSFAGRWDHGYTF	1
CASSFGQGMYGYTF	1
CASSFGGGGTEAFF	1
CASSFEGQLNTGELFF	1
CASSFTTNYGYTF	1
CASSFTGAKETQYF	1
CASSFTGTSRERGYYNEQFF	1
CASSFTGLGRETQYF	1
CASSFREKLFF	1
CASSFNGPTNTGELFF	1
CASSFKVTETYEQYF	1
CASSFKGYTNEKLFF	1
CASSLSSVTYEQYF	1
CASSLSGTGGEKLFF	1
CASSLSTRSPDTQYF	1
CASSLSAPGELFF	1
CASSLSFQDFNGYTF	1
CASSLWQGSDEQYF	1
CASSLWTGPSNEQYF	1
CASSLYRANEQYF	1
CASSLYSSEQETQYF	1
CASSLPGFYGYTF	1
CASSLRGSSYNEQFF	1
CASSLVPGLAGPPYNEQFF	1
CASSLVDRAVDTQYF	1
CASSLGSHRDEQFF	1
CASSLGSGGMNTEAFF	1
CASSLGQGRAETQYF	1
CASSLGAEAFF	1
CASSLGWGGRGRETQYF	1
CASSLGWGDSFYGYTF	1
CASSLGRIQETQYF	1
CASSLGGTYEQYF	1
CASSLGGGYTF	1
CASSLGEVSTEAFF	1
CASSLGIYEQYF	1
CASSLGLNYNEQFF	1
CASSLGVNTEAFF	1
CASSLEGVSSYEQYF	1
CASSLELWGDSNQPQHF	1
CASSLEGYNEQFF	1
CASSLTGHGNEKLFF	1
CASSLTGLYNEQFF	1
CASSLSYVQETQYF	1
CASSLSGSSYEQYF	1
CASSLRAAGGAMYQETQYF	1
CASSLRTETIYEQYF	1
CASSLNAYEQYF	1
CASSLKGSWEGNNEQFF	1
CASSLFVGGVNTEAFF	1
CASSLFPRQGVGNSPLHF	1
CASSLLGQGTTDTQYF	1
CASSLLGQGEETQYF	1
CASSLSFRAYSNQPQHF	1
CASSLSSTNYEQYF	1
CASSLSATPGGPQHF	1
CASSLSWTVEQFF	1
CASSLSPGQGWDRSNEQFF	1
CASSLSPTTDREEYSNQPQHF	1
CASSLSVGVVNYGYTF	1
CASSLSNRNTEAFF	1
CASSLSSVSEQFF	1
CASSLSPTGDNEQFF	1
CASSLSVAGTDTQYF	1
CASSLSADPNVYEQYF	1
CASSLSGPGRNEQFF	1
CASSLSGSRQGVHEQYF	1
CASSLSITRVTDTQYF	1
CASSLSTVGNEQFF	1
CASSLWGGSIDEQFF	1
CASSLWGAYGYTF	1
CASSLYTGGPTDTQYF	1
CASSLLRGREFYNEQFF	1
CASSLPTGTGGEPSTDTQYF	1
CASSLRGGLYEQYF	1
CASSLRQGYGYTF	1
CASSLRFGAGASYEQYF	1
CASSLRQDSQKLFF	1
CASSLRGRGSNQPQHF	1
CASSLHPGRTQPQHF	1
CASSLQGVTEAFF	1
CASSLQGAGVDGGYTF	1
CASSLQGDQPQHF	1
CASSLVADTDTQYF	1
CASSLVGSGRNIQYF	1
CASSLVPREETQYF	1
CASSLVQGVGQPQHF	1
CASSLVKSGTLTDTQYF	1
CASSLAHKKAGRARPEAFF	1
CASSLAGSFNEQFF	1
CASSLARSGGETQYF	1
CASSLAFVVHEQYF	1
CASSLASGTGAQPQHF	1
CASSLAPGEVGELFF	1
CASSLAGGWGTGELFF	1
CASSLAGGSNTGELFF	1
CASSLGPSNEQFF	1
CASSLGVGGRTGELFF	1
CASSLGAVRGGEQFF	1
CASSLGGNSGELFF	1
CASSLGFAGLAKNIQYF	1
CASSLGLNTEAFF	1
CASSLGRPNQPQHF	1
CASSLGNEQFF	1
CASSLGPAHLLVYF	1
CASSLGQGRPDTQYF	1
CASSLGAGELFF	1
CASSLGAGGTDTQYF	1
CASSLGGQFNEQYF	1
CASSLGETQYF	1
CASSLGSGRDSPLHF	1
CASSLGGEMNTEAFF	1
CASSLGRQGNTGELFF	1
CASSLDRVSNEQFF	1
CASSLEVSGGSPLHF	1
CASSLEAYEQYF	1
CASSLEGNRYTF	1
CASSLETGSSGNTIYF	1
CASSLELAGVETQYF	1
CASSLEGLGKPYEQYF	1
CASSLITAGNEQYF	1
CASSLMQSGYTF	1
CASSLTSGGNEQFF	1
CASSLTRGTEAFF	1
CASSLTWRAPYEQYF	1
CASSLTVPGELFF	1
CASSLTPTDTQYF	1
CASSLSFRADKAFF	1
CASSLSWGPGNEQFF	1
CASSLSGGNFYNEQFF	1
CASSLSGADTQYF	1
CASSLRLAGLFSYNEQFF	1
CASSLRPEETQYF	1
CASSLRAYGYTF	1
CASSLRGTDTQYF	1
CASSLRSPEQYF	1
CASSLRSGPRGEQYF	1
CASSLRGDRQEQYF	1
CASSLKLYPAYEQYF	1
CASSLKVGDGEPQHF	1
CASSSLWDSLYEQYF	1
CASSSPGHLSYEQYF	1
CASSSGALGYDSPLHF	1
CASSSSDSLAYNEQFF	1
CASSSLIFGTGNGETQYF	1
CASSSLASSYNEQFF	1
CASSSLGGTVTYEQYF	1
CASSSPRTGAETQYF	1
CASSSPGQSQYF	1
CASSSRRRNNEQFF	1
CASSSRGSGDYEQYF	1
CASSSHYPSGLSSYNEQFF	1
CASSSHVAGTRGQGGYTF	1
CASSSHGGGPYEQYF	1
CASSSAPTSAPTDTQYF	1
CASSSAREAYF	1
CASSSAGHSYEQYF	1
CASSSGGGEDQPQHF	1
CASSSDIAGADTEAFF	1
CASSSDRKGEYF	1
CASSSSFYEQYF	1
CASSSRGLTTYEQYF	1
CASSSRGSGVNQPQHF	1
CASSSLTRTSGRYEQYF	1
CASSSGLAKDEQFF	1
CASSSGQPSYAPLHF	1
CASSSGQGSTGELFF	1
CASSSGQGGNQPQHF	1
CASSSTSGGTGELFF	1
CASSSTSGGGETQYF	1
CASSSTGAKNIQYF	1
CASSSTGIPYEQYF	1
CASSSRQAQETQYF	1
CASSSKGQGGYEQYF	1
CASSSLSTGGTAYEQYF	1
CASSSLGQGLREKLFF	1
CASSSLAGIGEQFF	1
CASSSPLGLAGYNEQFF	1
CASSSQGGDNSPLHF	1
CASSSGQVYYYNEQFF	1
CASSSDRGNSPLHF	1
CASSSTQGRGKRPQHF	1
CASSWSEATFYGYTF	1
CASSWRVTYNEQFF	1
CASSWQSSYNEQFF	1
CASSWVPPGQGRTGELFF	1
CASSWGRRGSSEQYF	1
CASSWGQLMNTEAFF	1
CASSWGQVTNQPQHF	1
CASSWGQGDINEQFF	1
CASSWDRRTGDTQYF	1
CASSWMGTDSPHNEQFF	1
CASSWTGGSYEQYF	1
CASSWNTDTQYF	1
CASSWNSPHEQYF	1
CASSYLFFIGVAPSNQPQHF	1
CASSYSGLQPQHF	1
CASSYLGSLTDTQYF	1
CASSYRAGGADTQYF	1
CASSYAPAGGYNEQFF	1
CASSYGSGSRTDTQYF	1
CASSYFPGDEDEQFF	1
CASSYSDVDSPLHF	1
CASSYSPGTSYEQYF	1
CASSYSRAGGIYEQYF	1
CASSYSGGFQETQYF	1
CASSYSGTRDEQFF	1
CASSYSYRERHNEQFF	1
CASSYSPRETQYF	1
CASSYSVASGSYEQYF	1
CASSYSAGTYEQYF	1
CASSYSAGYNSPLHF	1
CASSYSGGYEQYF	1
CASSYSGEQYF	1
CASSYSDISYNEQFF	1
CASSYSEGPRERGDTQYF	1
CASSYSILGDPNEQYF	1
CASSYSIGLSGGDTQYF	1
CASSYSMRLRGSEQYF	1
CASSYSTGSTDTQYF	1
CASSYSSGGEQYF	1
CASSYSSFDEQYF	1
CASSYSRGGTGELFF	1
CASSYSPTSRHSETQYF	1
CASSYSVTSGPNEQYF	1
CASSYSAKIHQETQYF	1
CASSYSAGGRGDTQYF	1
CASSYSGQYTGELFF	1
CASSYLRTGVSFEAFF	1
CASSYLTTDTQYF	1
CASSYPTPLAGGSDTQYF	1
CASSYPTWGATTDTQYF	1
CASSYPKGERTGELFF	1
CASSYRHEQYF	1
CASSYRGTGELFF	1
CASSYRRGLGETQYF	1
CASSYQPEGRSGYEQYF	1
CASSYVGLDYYNEQFF	1
CASSYVEGFSPLHF	1
CASSYVLAGVLRDTQYF	1
CASSYAGTAETQYF	1
CASSYGLAGSTEAFF	1
CASSYGGGVTDTQYF	1
CASSYGTGSGYTF	1
CASSYGSGGLTDTQYF	1
CASSYGLQGFF	1
CASSYGVGGAAYNEQFF	1
CASSYDLRSQETQYF	1
CASSYDPSQPQHF	1
CASSYDGDEQYF	1
CASSYESGASYEQFF	1
CASSYTLHRQETQYF	1
CASSYTPTGGNSYEQYF	1
CASSYTQGRSEQYF	1
CASSYSGTGTTEAFF	1
CASSYRDTEAFF	1
CASSYRTSPPRGEQFF	1
CASSYRQEGTGELFF	1
CASSYNLRELFF	1
CASSLRGASYNEQFF	1
CASSLRLAGGPGIYNEQFF	1
CASSLRQSLGKLFF	1
CASSLGRGNSPLHF	1
CASSLSGQGSNQPQHF	1
CASSLQGALATNEKLFF	1
CASSLAGDSYNEQFF	1
CASSLGGGEQYF	1
CASSLKYSPESTQYF	1
CASSPSYEQYF	1
CASSPLIQGGLAYEQYF	1
CASSPMSGDTQYF	1
CASSPIAGEAYEQYF	1
CASSPTTGSRYEQYF	1
CASSPSGTYEQYF	1
CASSPSGRAVTGELFF	1
CASSPLRTSGGEDTQYF	1
CASSPSGGAVYQPQHF	1
CASSPSSGSTDTQYF	1
CASSPSGMGDNEQFF	1
CASSPSPTVYPIREKLFF	1
CASSPLGPYDEQYF	1
CASSPPRVNEQFF	1
CASSPPGLAGDEQFF	1
CASSPRGGDVDTQYF	1
CASSPRVKNTGELFF	1
CASSPHRSYEQYF	1
CASSPQGRRGYGYTF	1
CASSPQNTGELFF	1
CASSPAGQGIPYNEQFF	1
CASSPGRFYGYTF	1
CASSPGTAVGTGELFF	1
CASSPGRTGGSGNTIYF	1
CASSPGLAGENNEQFF	1
CASSPGQGANEQYF	1
CASSPGDEQYF	1
CASSPDSGNNEQFF	1
CASSPTVSGGFYEQYF	1
CASSPRASGYEQYF	1
CASSPLAGGPDTQYF	1
CASSPWGFVGELFF	1
CASSPGLAGVGADTQYF	1
CASSPGQGFNEQFF	1
CASSPGQPGAKNIQYF	1
CASSPTGIFYEQYF	1
CASSPLGGYSNQPQHF	1
CASSPLEAPYEQYF	1
CASSPHGGKGLQDTQYF	1
CASSPISGNQPQHF	1
CASSPTRPGQENPFF	1
CASSPTAGRSYEQYF	1
CASSPTGQNTEAFF	1
CASSPRTSVNQPQHF	1
CASSRGGSHNYGYTF	1
CASSRIVPPSSYEQYF	1
CASSRSRVNEQFF	1
CASSRLTDRDYTDTQYF	1
CASSRTVYEQYF	1
CASSRQGGETQYF	1
CASSRGPYNSPLHF	1
CASSRGGPYNEQFF	1
CASSRDSYNEQFF	1
CASSRPPGQGTYEQYF	1
CASSRRTGPARDNEKLFF	1
CASSRQGRYGYTF	1
CASSRAGEQTDTQYF	1
CASSHLLSSYNSPLHF	1
CASSHSGTAYEQYF	1
CASSHRTGGIGNTIYF	1
CASSHNSGSSYNEQFF	1
CASSQFRGSGEAFF	1
CASSQSNRRNLLF	1
CASSQGVKSGSGETQYF	1
CASSQTGLVYEQYF	1
CASSQSGTQHF	1
CASSQPSGSGYNEQFF	1
CASSQQGPGDDTQYF	1
CASSQGTGYGYTF	1
CASSQIGSSNWSSYEQYF	1
CASSVLVAQNNEQFF	1
CASSVPGDNQPQHF	1
CASSVDEQYF	1
CASSVVPYNEQFF	1
CASSVGGTGRTGELFF	1
CASSAPDPYEQYF	1
CASSATGNNSPLHF	1
CASSARTSATDTQYF	1
CASSAQLVGELFF	1
CASSAGTGNSPLHF	1
CASSAGLFNQPQHF	1
CASSATGQPQHF	1
CASSAGLAYEQYF	1
CASSAGLGTYEQYF	1
CASSAGGKTSGSGEQFF	1
CASSATGTGGPDHYGYTF	1
CASSAKLSGQSYEQYF	1
CASSGNPLQETQYF	1
CASSGRGPSGELFF	1
CASSGSDRNTEAFF	1
CASSGLAGVPGETQYF	1
CASSGQGGNTGELFF	1
CASSGVSGNTIYF	1
CASSGTSGTLSGQYF	1
CASSGAGRGTGELFF	1
CASSGTGQPFF	1
CASSDLGVGVEATGFTQYF	1
CASSDLSGKNTGELFF	1
CASSDSDTHNEQFF	1
CASSDSRDTGELFF	1
CASSDPRTGGNEQFF	1
CASSDPDRVWETQYF	1
CASSDPGGAGTDTQYF	1
CASSDRDRVSYEQYF	1
CASSDRTGLDEQYF	1
CASSDTGTSGYNEQFF	1
CASSEPPSLQYF	1
CASSEVLADDTQYF	1
CASSEAGEQYF	1
CASSEGTGAYEQYF	1
CASSETGARKTQYF	1
CASSETGNRGWETQYF	1
CASSELGERGVTDTQYF	1
CASSELGTSVGNEQFF	1
CASSESGITYEQYF	1
CASSESTGGSQDTQYF	1
CASSEYQDRDEQYF	1
CASSELAGEADTQYF	1
CASSERGARSEKLFF	1
CASSERDSPLEQFF	1
CASSEQGGFHNEQFF	1
CASSEVSAVLDEQYF	1
CASSEVRTSGDYTDTQYF	1
CASSEVSGSGETQYF	1
CASSEVRDYEQFF	1
CASSEVLAGVSYEQYF	1
CASSEAYAETQYF	1
CASSEASVGWSGGRTDTQYF	1
CASSEAGGRPYNSPLHF	1
CASSEAYSRGTYGYTF	1
CASSEAGAGPDTQYF	1
CASSEADTEAFF	1
CASSEGPTGDAETQYF	1
CASSEGTGSHEQFF	1
CASSEIPSSGSVEQYF	1
CASSEIPGFTEAFF	1
CASSEIATEANYGYTF	1
CASSETEVSFGGYTF	1
CASSETAWSGSPLSSYNEQFF	1
CASSERSQWMETQYF	1
CASSIRLAGFVNEQFF	1
CASSIAGTSPTGELFF	1
CASSIWTGRMDEQFF	1
CASSIRYYEQYF	1
CASSIGTSGYEQYF	1
CASSMASRGGETQYF	1
CASSIGQGITDTQYF	1
CASSTYRGRAGELFF	1
CASSTPPEAFF	1
CASSTGTSGSYNEQFF	1
CASSTGTGAYEQYF	1
CASSTMTGYNEQFF	1
CASSTRTSGSVDEQFF	1
CASSTRQGKNQPQHF	1
CASSTGFAGNTIYF	1
CASSSSGSPGFF	1
CASSSPSDSGELFF	1
CASSSDRSPYEQYF	1
CASSSSRDRVNF	1
CASSRGGTDTQYF	1
CASSRGGGPVRTDTQYF	1
CASSRDLKGGYTF	1
CASSRTGSAEKLFF	1
CASSRDSPPYEQYF	1
CASSRSGNTGELFF	1
CASSNSGQTYEQYF	1
CASSNPTRGLPTF	1
CASSNRDRGYEQYF	1
CASSNTGGSYEQYF	1
CASSNRGHGYTF	1
CASSKAGYHSNQPQHF	1
CASSKGLAGGVPETQYF	1
CASSKDREDTQYF	1
CASSKLKTGGVETQYF	1
CASSKRLSGRNPDTQYF	1
CASSFLGVADTQYF	1
CASSFSLQETQYF	1
CASSFSDRGLDTQYF	1
CASSFWGQGGEQYF	1
CASSFLAGEWNEQFF	1
CASSFPGRVEKLFF	1
CASSFPDRSNTEAFF	1
CASSFQGYNEQFF	1
CASSFGPAGLTQYF	1
CASSFGPGELFF	1
CASSFGRTMNYGYTF	1
CASSFGGSSYNEQFF	1
CASSFGTSDNEQFF	1
CASSFTSGRNTGELFF	1
CASSFTGGETQYF	1
CASSFSAEQFF	1
CASSFWGGEPNQPQHF	1
CASSFLAVSYNEQFF	1
CASSFPWKGRSGNEQFF	1
CASSFPGSYEQYF	1
CASSFQGTQYF	1
CASSFAGQTLSNQPQHF	1
CASSFAGTSAAGELFF	1
CASSFAGWGAYEQYF	1
CASSFGPGQPSYEQYF	1
CASSFGSGRAYEQYF	1
CASSFGGGKPQHF	1
CASSFGGSTDTQYF	1
CASSFGREQYF	1
CASSFGRTYDNEQFF	1
CASSFGQGGAGQYF	1
CASSFGQGPYNSPLHF	1
CASSFGGGQETQYF	1
CASSFGTSANYEQYF	1
CASSFGSLKDEQYF	1
CASSFGGADEQYF	1
CASSFDTGELFF	1
CASSFISGNEQFF	1
CASSFTRLAVTYEQYF	1
CASSFKNTGELFF	1
CASSLFFKGPGGQPQHF	1
CASSLFHEQYF	1
CASSLLQGDSGYTF	1
CASSLSRVQDTQYF	1
CASSLWTSVQETQYF	1
CASSLWSTGELFF	1
CASSLYPGAGVGNNEQFF	1
CASSLYVLFPHEQYF	1
CASSLYGDTQYF	1
CASSLLTGREGYEQYF	1
CASSLLDIETQYF	1
CASSLRPGGYPYEQYF	1
CASSLRGLGNEQFF	1
CASSLRGGVGTDTQYF	1
CASSLQWGNNEQFF	1
CASSLVFPTSGIYNEQFF	1
CASSLVPGLVSDEQFF	1
CASSLVRLENQPQHF	1
CASSLAVPGEEGSNEQFF	1
CASSLATDRSPYEQYF	1
CASSLARATTGELFF	1
CASSLAGMNTQYF	1
CASSLAGDSTDTQYF	1
CASSLADSLPVSPDTQYF	1
CASSLGLARTGELFF	1
CASSLGYPGLAGGRRDTGELFF	1
CASSLGASGGYNEQFF	1
CASSLGKTYEQYF	1
CASSLGPNRGGVTDTQYF	1
CASSLGVQASSYNSPLHF	1
CASSLGGFQETQYF	1
CASSLGGTGWNEQFF	1
CASSLGGSVGPLETQYF	1
CASSLGDRTYEQYF	1
CASSLGTDRNTEAFF	1
CASSLGLAGDEQFF	1
CASSLGRRVEQYF	1
CASSLGQGAYEQYF	1
CASSLGVGGYPTDTQYF	1
CASSLGGVYEQYF	1
CASSLDVGTGNQPQHF	1
CASSLDGRSGRIADTQYF	1
CASSLDGGEQFF	1
CASSLEGETQYF	1
CASSLEGESSYNEQFF	1
CASSLERREASETQYF	1
CASSLEGYNEQFF	1
CASSLTSSKETQYF	1
CASSLTSGRPSISYEQYF	1
CASSLTVTSEQYF	1
CASSLTGRWQFF	1
CASSLSPWVADNQPQHF	1
CASSLSLAGGNEQFF	1
CASSLFQGDYEQYF	1
CASSLFWNTEAFF	1
CASSLFTATYEQYF	1
CASSLFRLNTDTQYF	1
CASSLLVRETSGGYSYEQYF	1
CASSLLALRLFF	1
CASSLLIGRGSTDTQYF	1
CASSLLSSYNSPLHF	1
CASSLSSGRTEAFF	1
CASSLSWETQYF	1
CASSLSPMSSYNEQFF	1
CASSLSFGSAANTGELFF	1
CASSLCTGNTDTQYF	1
CASSLWRARTNTGELFF	1
CASSLYEVPEQYF	1
CASSLYGTGNNEQFF	1
CASSLLKTSRYNEQFF	1
CASSLLASGSTDTQYF	1
CASSLLAGVTSSYNEQFF	1
CASSLPPVGVAKNIQYF	1
CASSLPTETQYF	1
CASSLPREDANTGELFF	1
CASSLPGQDSYEQYF	1
CASSLPTSEAFF	1
CASSLRTGGDTEAFF	1
CASSLRGANTGELFF	1
CASSLQVGEQYF	1
CASSLVYSGHQETQYF	1
CASSLVRGGTYEQYF	1
CASSLVRQPYNEQFF	1
CASSLVALVSADTQYF	1
CASSLVTSGNTDTQYF	1
CASSLVGSGGNKNIQYF	1
CASSLVLFAGEETQYF	1
CASSLVPYEQYF	1
CASSLVPETYEQYF	1
CASSLVVFHMNTEAFF	1
CASSLVAGQTQYF	1
CASSLVGLETGELFF	1
CASSLVEGQYF	1
CASSLVSGSGRGTGELFF	1
CASSLVSGGSYNEQFF	1
CASSLVLAGYQETQYF	1
CASSLVNPSPYEQYF	1
CASSLARTSSYEQYF	1
CASSLAQDTQYF	1
CASSLAGSYEQYF	1
CASSLASGPFF	1
CASSLAWPPEQYF	1
CASSLAVSAVSTDTQYF	1
CASSLAGQGRYEQFF	1
CASSLAERHEQFF	1
CASSLATGFEDEQFF	1
CASSLARGHHSYEQYF	1
CASSLASGSGYTDTQYF	1
CASSLALGSGRHSGGELFF	1
CASSLAPSTDTQYF	1
CASSLAPGQLISDGNTIYF	1
CASSLAPTRHADTQYF	1
CASSLAPNRVFHL	1
CASSLAVHTDTQYF	1
CASSLAVRYEQYF	1
CASSLAVATGAISNQPQHF	1
CASSLAAVTTYEQYF	1
CASSLAGAGGPLDTQYF	1
CASSLAGITDTQYF	1
CASSLAEVGELFF	1
CASSLATDRVTDTQYF	1
CASSLAGVETQYF	1
CASSLAMQGAGAQETQYF	1
CASSLATTSGRETQYF	1
CASSLGLLRTTNTEAFF	1
CASSLGSEQYF	1
CASSLGLAGITDTQYF	1
CASSLGGSPLHF	1
CASSLGTGAGETQYF	1
CASSLGTEQYF	1
CASSLGTGYRTDTQYF	1
CASSLGRDPGVNEQFF	1
CASSLGLGELFF	1
CASSLGPYEQFF	1
CASSLGPTGEFF	1
CASSLGRGETQYF	1
CASSLGRGRTIYEQYF	1
CASSLGQLAGVGETQYF	1
CASSLGGTDNSPLHF	1
CASSLGGRTSYNEQFF	1
CASSLGGLTNTGELFF	1
CASSLGDLSTGELFF	1
CASSLGREETQYF	1
CASSLGYRGHTEAFF	1
CASSLGPLHDQYF	1
CASSLGPRDTQYF	1
CASSLGRIRTDTQYF	1
CASSLGASTDTQYF	1
CASSLGGPVGGYTF	1
CASSLGGNTEAFF	1
CASSLGGLAGDGKNIQYF	1
CASSLGGRHNEQFF	1
CASSLGDRHTDTQYF	1
CASSLGEDQPQHF	1
CASSLGMAGTPNYGYTF	1
CASSLGTLETQYF	1
CASSLGTESYEQYF	1
CASSLGRGSYNEQFF	1
CASSLGKGPTPYEQYF	1
CASSLGFIGEQGDNQPQHF	1
CASSLGLGQIYEQYF	1
CASSLGLAGVTDTQYF	1
CASSLGPPETQYF	1
CASSLGPSTDTQYF	1
CASSLGRTSGVFSQETQYF	1
CASSLGQEPNTGELFF	1
CASSLGAGELGKLFF	1
CASSLGGSGGTYEQYF	1
CASSLGGFGQAHPDTQYF	1
CASSLDSAGENNEQFF	1
CASSLDWDNAGALSYEQYF	1
CASSLDWSTEQFF	1
CASSLDLRETQYF	1
CASSLDPTSDRGTQYF	1
CASSLDPAETQYF	1
CASSLDQAADKFYEQYF	1
CASSLDGTSRSEQFF	1
CASSLDGTQYF	1
CASSLDILGFSGNTIYF	1
CASSLDTPGELFF	1
CASSLDRLTGVKGKNIQYF	1
CASSLDAGRGYTF	1
CASSLDSYEQYF	1
CASSLDSDGYEQYF	1
CASSLDSNQPQHF	1
CASSLESDTRTQYF	1
CASSLEWGTGTSEGTQYF	1
CASSLEPGQLSYNEQFF	1
CASSLEQRGVPDTQYF	1
CASSLEGETQYF	1
CASSLEGLAGADTQYF	1
CASSLEDLPPDTQYF	1
CASSLETGGSGYGYTF	1
CASSLERSYEQYF	1
CASSLEYRVGDNEQFF	1
CASSLELAGGPSNEQFF	1
CASSLEPGAMGTDTQYF	1
CASSLERTSSDEQYF	1
CASSLEGSSQYF	1
CASSLEGEHNEQFF	1
CASSLIGAGGVSYEQYF	1
CASSLIGGSYNEQFF	1
CASSLMSSRSTDTQYF	1
CASSLMREGLNEQFF	1
CASSLTTSGGRYEQFF	1
CASSLTSGSIHEQYF	1
CASSLTGPGQPQHF	1
CASSLTPLGQRKPYEQYF	1
CASSLTPAGVGDTQYF	1
CASSLTTAANTGELFF	1
CASSLSSLRDTQYF	1
CASSLSGWQETQYF	1
CASSLSTYQETQYF	1
CASSLRQGYEQYF	1
CASSLNQQFF	1
CASSLNRRGALLNEQFF	1
CASSSFRGASETGELFF	1
CASSSLTGTDF	1
CASSSSVGAYEQYF	1
CASSSYRLAFIVGDTQYF	1
CASSSYSGSYNEQFF	1
CASSSYYRGGTDTQYF	1
CASSSPFAGTDTQYF	1
CASSSVWLAPETQYF	1
CASSSDSPDTQYF	1
CASSSDRLTSYEQYF	1
CASSSTAYNQPQHF	1
CASSSTGGNQPQHF	1
CASSSRSGRYEQYF	1
CASSSKTGGSYNEQFF	1
CASSSFIAGIPYEQYF	1
CASSSSLGSKETQYF	1
CASSSSGTSGNHTGELFF	1
CASSSSYSPLHF	1
CASSSSPQETQYF	1
CASSSLALELFF	1
CASSSLLTTSSYNEQFF	1
CASSSLAGVGTKNIQYF	1
CASSSLDRLTGELFF	1
CASSSLRETQYF	1
CASSSPGGRPPNEQYF	1
CASSSPGGGRKEQYF	1
CASSSPGKAGNEQFF	1
CASSSPYTTYEQYF	1
CASSSRYEQYF	1
CASSSRGGRSYNEQFF	1
CASSSRGGGETQYF	1
CASSSRDHPSDTQYF	1
CASSSRDPQETQYF	1
CASSSRTSGGGELFF	1
CASSSRTGLAGVTDTQYF	1
CASSSRRAGAQEETQYF	1
CASSSQLPTYEQYF	1
CASSSQGAFQPQHF	1
CASSSQPQLAGGTDTQYF	1
CASSSQQGGNTEAFF	1
CASSSALPGQVPSTSYEQYF	1
CASSSGRVRYNEQFF	1
CASSSGLAGSSTDTQYF	1
CASSSGGSYEQYF	1
CASSSGTPAPEQYF	1
CASSSGTGNQPQHF	1
CASSSGLGRNYEQYF	1
CASSSENWALYGYTF	1
CASSSIGEETQYF	1
CASSSMRDTQYF	1
CASSSTSGVSTDTQYF	1
CASSSGATIYF	1
CASSSGGWGRRSGSEYNEQFF	1
CASSSGLAGRYNEQFF	1
CASSSGLADKTSYEQYF	1
CASSSGRSTDTQYF	1
CASSSGRNNEQFF	1
CASSSGQGGADTQYF	1
CASSSDLNTGELFF	1
CASSSDRGNNEQFF	1
CASSSRTSGTGELFF	1
CASSSNTLSEQYF	1
CASSSFPGHIYEQYF	1
CASSSSFYRSSYNEQFF	1
CASSSLRGPYNEQFF	1
CASSSQGTVGNQPQHF	1
CASSSGTGTETQYF	1
CASSSGQGIYEQYF	1
CASSSELAGGHEQFF	1
CASSSTLTGDEIYSNQPQHF	1
CASSSSSYNEQFF	1
CASSSSGPSYNEQFF	1
CASSSNEQYF	1
CASSCLLERGPYEQYF	1
CASSWSSGPETQYF	1
CASSWQGGGGELFF	1
CASSWAEISYNEQFF	1
CASSWGRMNEQFF	1
CASSWGATDTQYF	1
CASSWDTFYEQYF	1
CASSWTPLASSDTQYF	1
CASSWTGGGETQYF	1
CASSYFTSGKNTGELFF	1
CASSYSGVTSYEQYF	1
CASSYPEHQNTQYF	1
CASSYQAPYEQYF	1
CASSYDSYNEQFF	1
CASSYFAGPYNEQFF	1
CASSYLTGGQGLAYYNEQFF	1
CASSYRLGIGSGELFF	1
CASSYQAGGPGDEQFF	1
CASSYAATGGGSYEQYF	1
CASSYAGTGNQPQHF	1
CASSYGGGTGELFF	1
CASSYDSSNQPQHF	1
CASSYEQGGNTEAFF	1
CASSYIRLADSSYEQYF	1
CASSYTDTQYF	1
CASSYSTPLHF	1
CASSYNRGTGELFF	1
CASSYKQGFGTEAFF	1
CASSLYPQNTGELFF	1
CASSLRTAAYEQYF	1
CASSLRQGPGETQYF	1
CASSLRPGSGDEQFF	1
CASSLRTEAKNIQYF	1
CASSLLGLAGASSYNEQFF	1
CASSLPDSTDTQYF	1
CASSLPGLAYEQYF	1
CASSLPGLAKFF	1
CASSLHAQGGRTGYTF	1
CASSLAGGLYEQYF	1
CASSLGTSGSQETQYF	1
CASSLGQGAGVTEAFF	1
CASSLTGASGRREQYF	1
CASSLWGGPPSTDTQYF	1
CASSLQETQYF	1
CASSLGSTDTQYF	1
CASSLDGLNQPQHF	1
CASSLDTRETQYF	1
CASSLITGSEQYF	1
CASSLTESSYEQYF	1
CASSLTINTIYF	1
CASSLPGQSTDTQYF	1
CASSLRRGNSYNEQFF	1
CASSLQGYEQYF	1
CASSLQEYTEKLFF	1
CASSLARGGTGELFF	1
CASSLGPMDEQFF	1
CASSLGPATNEKLFF	1
CASSLGLAGDYEQFF	1
CASSLTSGVTYEQYF	1
CASSPLLRVLTPAYEQYF	1
CASSPSDRGRTQYF	1
CASSPWAAQETQYF	1
CASSPRDRTYNEQFF	1
CASSPRTQNPLHF	1
CASSPHSGQYEQYF	1
CASSPGRRETQYF	1
CASSPGLADTSTDTQYF	1
CASSPGAAIYNEQFF	1
CASSPEGHEQFF	1
CASSPEGGGEETQYF	1
CASSPTGNEQFF	1
CASSPSGREGTQYF	1
CASSPRTSGEETQYF	1
CASSPRNREGGTQYF	1
CASSPNRGSSYEQYF	1
CASSPLEGRASYEQYF	1
CASSPSKGSGYTF	1
CASSPSGRKRGGTDTQYF	1
CASSPWIYGYTF	1
CASSPWTSGVYEQYF	1
CASSPYSGGQEDTQYF	1
CASSPYLAYEQYF	1
CASSPLRGDYNEQFF	1
CASSPLGLADPGEQFF	1
CASSPLPSPGRYNEQFF	1
CASSPPSSYEQYF	1
CASSPPEGAMNTEAFF	1
CASSPPYTEQFF	1
CASSPPVGKAQYF	1
CASSPPSEGIWETQYF	1
CASSPRDKSSYNEQFF	1
CASSPRTGRVYEQYF	1
CASSPRQATGVEQYF	1
CASSPRDGRRVDEQFF	1
CASSPQRGYNEQFF	1
CASSPQREDYEQYF	1
CASSPQVNPGTQYF	1
CASSPQITSGRGGHEQYF	1
CASSPALINQPQHF	1
CASSPAIGTGRYNEQFF	1
CASSPARGTYEQYF	1
CASSPGAQSGETQYF	1
CASSPGTGWDEQYF	1
CASSPGTGGGYEQYF	1
CASSPGTELQGQYF	1
CASSPGLGNNQPQHF	1
CASSPDRSNQPQHF	1
CASSPIGAYEQYF	1
CASSPSGTGGNEQFF	1
CASSPRGREQYF	1
CASSPYTVRYQETQYF	1
CASSPLVGRQETQYF	1
CASSPPHAYTDTQYF	1
CASSPPGQGYGYTF	1
CASSPRLEIDTQYF	1
CASSPQGGEQFF	1
CASSPQGSYNEQFF	1
CASSPAPLGEQYF	1
CASSPGRRYNEQFF	1
CASSPGGTGYTF	1
CASSPGLPIDEQYF	1
CASSPGLAGPTGELFF	1
CASSPGLGALNEQFF	1
CASSPGQGSNQPQHF	1
CASSPGQGVRVDEQYF	1
CASSPGARSNQPQHF	1
CASSPDSRQETQYF	1
CASSPDIATYEQYF	1
CASSPDRAFSYEQYF	1
CASSPISRSDSYTF	1
CASSPMLTQYF	1
CASSPIQKNTEAFF	1
CASSPTSGGAWDTQYF	1
CASSPTGGAGNEQFF	1
CASSPTGGESKNIQYF	1
CASSPTGERDAGNEQYF	1
CASSPRGQNEAFF	1
CASSPRWGGGRSGELFF	1
CASSPKDRPYEQYF	1
CASSPSGRGEKLFF	1
CASSPPPVSKGYSTDTQYF	1
CASSPRGSLAGELFF	1
CASSPQRVSMQYF	1
CASSPQGYTEAFF	1
CASSPQGNEQYF	1
CASSPVGWGNEQFF	1
CASSPGGTGAYEQYF	1
CASSPGVYEQYF	1
CASSPGVSTGELFF	1
CASSPGGLVYEQYF	1
CASSPGTGGRGNQPQHF	1
CASSPGTGNQETQYF	1
CASSPGGTGGRETQYF	1
CASSPEPTDTQYF	1
CASSPISGLTNYEQYF	1
CASSPTGGGGLRNEQFF	1
CASSPSGQGIYFPYGYTF	1
CASSPSGTNTGELFF	1
CASSPRSRDSNYGYTF	1
CASSRSDPSYEQYF	1
CASSRSSRRDKNIQYF	1
CASSRVGGRTDTQYF	1
CASSRGGADEQFF	1
CASSRDVLYSNQPQHF	1
CASSRDFGANEQFF	1
CASSRTTYNEQFF	1
CASSRRETEQFF	1
CASSRQVGGGGDTQYF	1
CASSREYEQYF	1
CASSRIPGLARDTGELFF	1
CASSRAAHRGPSGYTF	1
CASSRGQQVANTGELFF	1
CASSRGVYSNQPQHF	1
CASSRDGNNQPQHF	1
CASSRDSRNQPQHF	1
CASSRTSGGANEQFF	1
CASSRTSGSRNEQFF	1
CASSRTGSYNEQFF	1
CASSRSGSSADTQYF	1
CASSRRGTYEQYF	1
CASSRNLGETQYF	1
CASSRLAGWSSYEQYF	1
CASSRWTGDQYF	1
CASSRLAGTDTQYF	1
CASSRLAELSYEQYF	1
CASSRPGLGLYEQYF	1
CASSRPGLNQETQYF	1
CASSRQGNYEQYF	1
CASSRQETYEQYF	1
CASSRQEGGSPLHF	1
CASSRGLLESGPQHF	1
CASSRTSGVTDTQYF	1
CASSRRTSGPTDTQYF	1
CASSRRMRDINNEQFF	1
CASSHPKTSGGPYNEQFF	1
CASSHRYEGPLSHEQFF	1
CASSHRIAGDNEQFF	1
CASSHGGSRETQYF	1
CASSHGDRNYEQYF	1
CASSHGRQGLGYTF	1
CASSHGLAGAPDTQYF	1
CASSHGQTSYEQYF	1
CASSHEAGPSSYEQYF	1
CASSHIYTSGVLTDTQYF	1
CASSHILAEYYNEQFF	1
CASSHTERDRAGVNQPQHF	1
CASSHTGGRSGYTF	1
CASSHSGRAGNEQFF	1
CASSHSRDTNQPQHF	1
CASSHSPGSLGNEQYF	1
CASSHLRGGSYNEQFF	1
CASSHPPALEQFF	1
CASSHRTGGYEQYF	1
CASSHQSREQYF	1
CASSHASGRVFF	1
CASSHGQGRGTDTQYF	1
CASSHEGAGELFF	1
CASSHRDQETQYF	1
CASSHNWGFQETQYF	1
CASSQYLWGQGGDEQYF	1
CASSQPGQEGYEQFF	1
CASSQQGPYEQYF	1
CASSQAESHGYTF	1
CASSQASGDYNEQFF	1
CASSQGVRGLEESF	1
CASSQGETQYF	1
CASSQGTSLGETQYF	1
CASSQGLDQETQYF	1
CASSQDALFSGRAVDTQYF	1
CASSQDGSLDEQYF	1
CASSQTSPGLLTDTQYF	1
CASSQTGINNEQFF	1
CASSQRLNTGELFF	1
CASSQLGEDKNIQYF	1
CASSQWGSASSTDTQYF	1
CASSQLGQENTEAFF	1
CASSQLAGGPTYNEQFF	1
CASSQPKHSGLDNEQFF	1
CASSQPTRYHEQYF	1
CASSQRPWDPQETQYF	1
CASSQRTGHQETQYF	1
CASSQHRTGINTGELFF	1
CASSQQGPQEKNTEAFF	1
CASSQQGQMNTEAFF	1
CASSQVKGQGATEQYF	1
CASSQVSTSGGAADTQYF	1
CASSQVPGAGGFF	1
CASSQVRPETQYF	1
CASSQVRVGDTQYF	1
CASSQVGRSYNEQFF	1
CASSQVQGARVGTGELFF	1
CASSQVLAGGETQYF	1
CASSQVVGGGANTGELFF	1
CASSQVSGGVGYNEQFF	1
CASSQASGLAGYEQYF	1
CASSQAGTGGEEQFF	1
CASSQASGASYEQYF	1
CASSQARENIQYF	1
CASSQAAGRGYTF	1
CASSQATGSDTQYF	1
CASSQAHFAYEQYF	1
CASSQAGGTDTQYF	1
CASSQGDGETKPQHF	1
CASSQGRASPQHF	1
CASSQGVAGYDEQFF	1
CASSQGVGRGNEQFF	1
CASSQGGEGPYEQYF	1
CASSQGTTYNEQFF	1
CASSQGSAGKNIQYF	1
CASSQGLAGDGETQYF	1
CASSQGAGVGTDTQYF	1
CASSQGGGPGGLEAFF	1
CASSQGGQASRETQYF	1
CASSQGEAANYGYTF	1
CASSQDWLRRGEQYF	1
CASSQDWGGRYYEQYF	1
CASSQDYSETQYF	1
CASSQDYGGLRSPLHF	1
CASSQDLATDTQYF	1
CASSQDLSGETQYF	1
CASSQDPGTGGTDTQYF	1
CASSQDPAGFHF	1
CASSQDRGSQETQYF	1
CASSQDQVVYGYTF	1
CASSQDQGKYEQYF	1
CASSQDAGAWDTGELFF	1
CASSQDDIRDRSYEQYF	1
CASSQDINTGELFF	1
CASSQDIPPHGGTFQETQYF	1
CASSQDPPGQGAMVNQPQHF	1
CASSQDRDGAYEQYF	1
CASSQDRLAGGYNEQFF	1
CASSQEYGSTDTQYF	1
CASSQEASGGGAQYF	1
CASSQEGEETQYF	1
CASSQEWLAINYEQYF	1
CASSQEYPSGGETQYF	1
CASSQEQGGSYEQYF	1
CASSQEGTSGGYEQYF	1
CASSQEEPLYGYTF	1
CASSQEIHGNIQYF	1
CASSQEIHPSYEQYF	1
CASSQESRSSDEQYF	1
CASSQERGSLAVWFF	1
CASSQEKHRGAVGYEQYF	1
CASSQIGTRRSYGYTF	1
CASSQTGREKQYF	1
CASSQSNRGTTDTQYF	1
CASSQRRGVSYNEQFF	1
CASSQNTGSGVDTQYF	1
CASSQKAGMLADRYNEQFF	1
CASSVPTEAKPYEQYF	1
CASSVAGASSNEQFF	1
CASSVRGRDRASYEQYF	1
CASSVRLVGSYNEQFF	1
CASSVVAGGPGEQFF	1
CASSVGLVEQFF	1
CASSVTGANTGELFF	1
CASSVSLPLGGGELFF	1
CASSVLAGGTYNEQFF	1
CASSVVGQSDTQYF	1
CASSVASGRGEQFF	1
CASSVASGLAGEDEQYF	1
CASSVAPANTGELFF	1
CASSVAGEINERFF	1
CASSVGSGNTGELFF	1
CASSVGPPGASSYNEQFF	1
CASSVGSGTSGNEQFF	1
CASSVGLANTGELFF	1
CASSVGAGTDTQYF	1
CASSVTGGSYNEQFF	1
CASSVTGDEQYF	1
CASSVRTGSGAEAFF	1
CASSARTGGSYNEQFF	1
CASSARQTQETQYF	1
CASSASGGNTIYF	1
CASSASIAGGETYEQYF	1
CASSAPGIPSDGEPPDTQYF	1
CASSARGTAQETQYF	1
CASSAQELADTQYF	1
CASSAGTGNSPLHF	1
CASSAGLAGGTDTQYF	1
CASSASNPGELFF	1
CASSASGHSYNEQFF	1
CASSAGDSHYEQYF	1
CASSAERNEQFF	1
CASSATGTGNYGYTF	1
CASSATGGYRDTQYF	1
CASSAGWGNYGYTF	1
CASSAGTSGTSEQYF	1
CASSGGFVSASREHTQYF	1
CASSGDLGGRYNEQFF	1
CASSGSDRGFYEQYF	1
CASSGGGNTQYF	1
CASSGGQFVYGYTF	1
CASSGTSYKSGELFF	1
CASSGTSGRETQYF	1
CASSGTDYSNQPQHF	1
CASSGKKHEQFF	1
CASSGLATYNEQFF	1
CASSGPGTSGTDTQYF	1
CASSGGSASYEQYF	1
CASSGGTGPYGYTF	1
CASSGEGYRGLPTDEQFF	1
CASSDRLSQPQHF	1
CASSDAGLGDQPQHF	1
CASSDTRRGTPRTDTQYF	1
CASSDTALTGHSTDTQYF	1
CASSDSGASYEQYF	1
CASSESRLAYEQYF	1
CASSEDEGFGYTF	1
CASSETSGATGELFF	1
CASSETLGLVVVEQYF	1
CASSESSYNEQFF	1
CASSESYNEQFF	1
CASSEPGGRGGSYEQYF	1
CASSEQGAGTGELFF	1
CASSEVAGEGPNEQFF	1
CASSEGTVRDTQYF	1
CASSEGLFEALNEQFF	1
CASSEGGTGPNQPQHF	1
CASSENPGELFF	1
CASSIRQGLIQETQYF	1
CASSIPGGGQFF	1
CASSIRLGLNTEAFF	1
CASSMDRENNQPQHF	1
CASSIPSGTDTQYF	1
CASSIPEGLAGYNEQFF	1
CASSIEGDSEFYEQYF	1
CASSIRQGAQYF	1
CASSTRTSGNTGELFF	1
CASSTRTSGIYEQYF	1
CASSTGITSVSTDTQYF	1
CASSTWDRPSTDTQYF	1
CASSTRVGGKNTEAFF	1
CASSTQRSGQYF	1
CASSTQGQPVETQYF	1
CASSTQGAGELFF	1
CASSTGTIPYEQYF	1
CASSTGQGAWGYTF	1
CASSTTICGLAMKLFF	1
CASSTGSGGDDNEQFF	1
CASSTPPGGIGEQFF	1
CASSTQGAGELFF	1
CASSTAGGPKTQYF	1
CASSTGTYEQYF	1
CASSTTQGALVYEQYF	1
CASSSTRQGAGYTF	1
CASSRDRQGANTGELFF	1
CASSRTDTYTDTQYF	1
CASSRLTGTGYYEQYF	1
CASSRQGSALHF	1
CASSREAYPLYEQYF	1
CASSNQPIPYNEQFF	1
CASSKDRGNGYTF	1
CASSKDRSSYNEQFF	1
CASSKTGQETQYF	1
CASSKAGRLIYEQYF	1
CASSKAILAGVPYEQYF	1
CASSKDTHLNQPQHF	1
CASRFSGQEKLFF	1
CASRFRGGTYEQYF	1
CASRSLGGELFF	1
CASRSGTARSYNEQFF	1
CASRLKNNEQFF	1
CASRLGGHVQETQYF	1
CASRPPGTGVNTGELFF	1
CASRPGTDNQPQHF	1
CASRPTADTQYF	1
CASRRAPAPNTGELFF	1
CASRRTGGSQYF	1
CASRRLANIQYF	1
CASRQGYEQYF	1
CASRQDSGETQYF	1
CASRQTGTSGPSPLF	1
CASRVQGLSYEQYF	1
CASRVWGRYNEQFF	1
CASRARAGAPTFTDTQYF	1
CASRASGANTGELFF	1
CASRAALGPGEQYF	1
CASRAYDREQETQYF	1
CASRATRLTSYNEQFF	1
CASRADTQYF	1
CASRGRANQPQHF	1
CASRGSGRGNEQFF	1
CASRGRGGDSNQPQHF	1
CASRGSGGGNQPQHF	1
CASRGPSDYEQYF	1
CASRGLGRGSSYEQYF	1
CASRGGTGQEEQFF	1
CASRGGTDTQYF	1
CASRGMRGTNNEQFF	1
CASRGTSGVAGELFF	1
CASRGTGTSGRKGGELFF	1
CASRGTGISLWDQPQHF	1
CASRGALGVQETQYF	1
CASRDREQETQYF	1
CASRDRMGETQYF	1
CASRISGGSTDTQYF	1
CASRTSGYEQYF	1
CASRTSGRALETQYF	1
CASRTRHRSYNEQFF	1
CASRTRGRLLFEQYF	1
CASRTGLAGDYEQFF	1
CASRSTGAYGYTF	1
CASRRAGGSYEQYF	1
CASRNGQGGQPQHF	1
CASRKNEKLFF	1
CASRKANEQFF	1
CASRFETGPRGGTGELFF	1
CASRLDSGRAKTQYF	1
CASRSGSGGANTEAFF	1
CASRYTGGGEQYF	1
CASRYGTYEQYF	1
CASRLGLLAKNIQYF	1
CASRLTGGAGYGYTF	1
CASRLQSSGNTIYF	1
CASRPGTGASYEQYF	1
CASRPMDGNEQFF	1
CASRPDSHAFYEQYF	1
CASRRASQVSYNEQFF	1
CASRRITGNQPQHF	1
CASRRRRGGQVNEQFF	1
CASRRKSLAGDTQYF	1
CASRQTGSHNSNQPQHF	1
CASRVSRGLQETQYF	1
CASRVQGPETQYF	1
CASRVIAGTGYHEQYF	1
CASRVLGNQETQYF	1
CASRVQGNGEQYF	1
CASRVGSEQFF	1
CASRAGSSYEQYF	1
CASRGGDTDTQYF	1
CASRGEQESGNTIYF	1
CASRGGGGGYTF	1
CASRGGGGGYTF	1
CASRGRWNYGYTF	1
CASRGSGQELFF	1
CASRGLTKTYEQYF	1
CASRDNEQFF	1
CASRDGGGGSSPLHF	1
CASRESGGANTGELFF	1
CASREALRETQYF	1
CASRERGESPLHF	1
CASRIDRTYNEQFF	1
CASRTGTVAQYF	1
CASRSQLVPLHF	1
CASRSGVSSYNEQFF	1
CASRNGDLYQETQYF	1
CASRNAGARVEQFF	1
CASNSRGLITDTQYF	1
CASNSAGTDTQYF	1
CASNLQGGFDQPQHF	1
CASNNRTKETQYF	1
CASNLGPNYGYTF	1
CASNLADGELFF	1
CASNPEGSYEQYF	1
CASNPLVGFTDTQYF	1
CASNVAGDAGFYNEQFF	1
CASNGQGYNSPLHF	1
CASKEGVNYGYTF	1
CASKESSDTQYF	1
CASKESSGSSEQYF	1
CASKTGTSVLSEQFF	1
CASKTGGTEVFF	1
CASKKGQNYEQYF	1
CASKLAGTQETQYF	1
CASKPDRVQETQYF	1
CASKQSAGAETQYF	1
CASKQDVSNQPQHF	1
CASKAGGSSYEQYF	1
CASKESSYNEQFF	1
CASKSSYNEQFF	1
CARGQGPYWKFNTGELFF	1
CARPLGANTGELFF	1
CARTGKYSYEQYF	1
CARKGLAAYNEQFF	1
CAIPRGRIHEQYF	1
CATQPSNLNNEQFF	1
CASSTGNSNQPQHF	1
CASLLTGGLSYNEQFF	1
CASLAGGRAQAEQYF	1
CASLWGPGYNEQFF	1
CASSRAGTEAFF	1
CASSRDEPYEQYF	1
CASWLGAVGNTGELFF	1
CASRVPHHYGYTF	1
CASHTGDYGYTF	1
CASQGEMNTEAFF	1
CASVGGANTGELFF	1
CASVDSSYEQYF	1
CASAGGSYNEQFF	1
CASALSYNEQFF	1
CASAHGRGYYGYTF	1
CASATYHSAASSTDTQYF	1
CASGFNGPGTGELFF	1
CASGSWLARTDTQYF	1
CASGPSVGDNSPLHF	1
CASGHYPKGQGNYNEQFF	1
CASGTGPSHEQYF	1
CASGSRGGEKLFF	1
CASGGGEQFF	1
CASIDRGYANTGELFF	1
CASTPQGPLSSYEQYF	1
CASTIGSSYEQYF	1
CASTPMGNTEAFF	1
CASTRTINTGELFF	1
CASTHGTTRTYEQYF	1
CASTADRLNGYTF	1
CASTGTSGYEQYF	1
CASTGTSGSYSYNEQFF	1
CASTKIEGGYSYEQYF	1
CASSFYRAQRESYEQYF	1
CASSLGLAGEGYEQYF	1
CASSWTGLAGVGSYNEQFF	1
CASSLGGAGELFF	1
CASSPHQSYNEQFF	1
CASSPGTGLNYGYTF	1
CASSRLAGGNEQFF	1
CASSREQQGAPLGDQPQHF	1
CASSRQGNDAGELFF	1
CASSRTSPGEQFF	1
CASSQTFNEQFF	1
CASSGGIAYEQYF	1
CASSDSPGQATYEQYF	1
CASSDLGTGELFF	1
CASSDGQGVSSTDTQYF	1
CASSDKGVGETQYF	1
CASSESFLGDGPQTQYF	1
CASSESGGTYEQYF	1
CASSEYTISYEQYF	1
CASSEGVAGDTQYF	1
CASSEEIAGGPAGCEQYF	1
CASSETAGGYNEQFF	1
CASSTGTVFEIEFF	1
CASSTSGIGTDTQYF	1
CASSTGRGTDTQYF	1
CASSSGIGPYNEQFF	1
CASSFFVGGAAKNIQYF	1
CASSFFAEFTGELFF	1
CASSFSVDTQYF	1
CASSFPQGAGGELFF	1
CASSFREGNEQFF	1
CASSFAYEQYF	1
CASSFAQEYSPLHF	1
CASSFGRPHTDTQYF	1
CASSFGAGSPYEQYF	1
CASSFGQNTADTQYF	1
CASSFGGSYEQYF	1
CASSFGISTGELFF	1
CASSFETGGWYEQYF	1
CASSFSGSANEQYF	1
CASSFSGRAYEQYF	1
CASSFSGGVTGELFF	1
CASSFSGSYEQYF	1
CASSFSGAGQPQHF	1
CASSFLGVESEQYF	1
CASSFLGGEQYF	1
CASSFLYPGTSGHNEQFF	1
CASSFLATPADTQYF	1
CASSFQRGSHNEQFF	1
CASSFQREGAGELFF	1
CASSFGWGSGDTQYF	1
CASSFGGSGRFNEQYF	1
CASSFGLTSYEQYF	1
CASSFGGLGQPQHF	1
CASSFGGLAGSFPYNEQFF	1
CASSFGTSGRNTGELFF	1
CASSFGQLSEAFF	1
CASSFGQGNIQYF	1
CASSFRGHGTGELFF	1
CASSFRTGKTYEQYF	1
CASSFNYEQYF	1
CASSLFVASGSNEQFF	1
CASSLFTFYNSPLHF	1
CASSLSGQTYEQYF	1
CASSLSSVTLSEQFF	1
CASSLSSGAYNEQFF	1
CASSLSLGRGDTQYF	1
CASSLSVTRPTDTQYF	1
CASSLSGFNYGYTF	1
CASSLWTSGTPSVYYEQYF	1
CASSLWTGPTDTQYF	1
CASSLYLAGAGADTQYF	1
CASSLYGPLASNEQFF	1
CASSLYGQANTGELFF	1
CASSLYDDGYEQYF	1
CASSLLPPSQGAANTGELFF	1
CASSLPVGGDTQYF	1
CASSLRAGGGNTIYF	1
CASSLQSGQGRWELFF	1
CASSLVLADTGELFF	1
CASSLVTGTGELFF	1
CASSLVSSGTTGELFF	1
CASSLVLLSGLASYEQYF	1
CASSLVPRDIWNEQFF	1
CASSLVPGGNQPQHF	1
CASSLVRSNTGELFF	1
CASSLVAAEVMGNGYTF	1
CASSLVRTGETDTQYF	1
CASSLVGDEQFF	1
CASSLVGGGSQPQHF	1
CASSLATGAYEKLFF	1
CASSLALGVNEQFF	1
CASSLAGEAATPHF	1
CASSLAGTDITTKKSSGNTIYF	1
CASSLAGTSSGNTIYF	1
CASSLAGMGYNEQFF	1
CASSLANGATGELFF	1
CASSLAVLAGTTDTQYF	1
CASSLANNEQFF	1
CASSLGLGRSYEQYF	1
CASSLGGEQYF	1
CASSLGSYEQYF	1
CASSLGGTNYNEQFF	1
CASSLGFEQYF	1
CASSLGSSGSMVSYEQYF	1
CASSLGSHQGYLNTGELFF	1
CASSLGRGTGFYEQYF	1
CASSLGRGVSYEQYF	1
CASSLGQLSSYEQYF	1
CASSLGQRGDGYTF	1
CASSLGATNEKLFF	1
CASSLGGAPTYNEQFF	1
CASSLGDSPYEQYF	1
CASSLGDRGYEQYF	1
CASSLGDRITEAFF	1
CASSLGDNQPQHF	1
CASSLGTVGQPQHF	1
CASSLGTGYDEQYF	1
CASSLGTGNNEQFF	1
CASSLGSGDQPQHF	1
CASSLGRGGGHEQFF	1
CASSLGQSIGYTF	1
CASSLGGNSNQPQHF	1
CASSLGGQGRSDTQYF	1
CASSLDLGLNIQYF	1
CASSLDLDIPYEQYF	1
CASSLDPLSEQFF	1
CASSLDAFLDTQYF	1
CASSLDGQGGEQFF	1
CASSLDTSLDTQYF	1
CASSLDSSTDTQYF	1
CASSLDPLSYEQYF	1
CASSLDGHRGGYTF	1
CASSLELAGTYNEQFF	1
CASSLELAGGPYTGELFF	1
CASSLEADTQYF	1
CASSLEGRGNQPQHF	1
CASSLEGADTQYF	1
CASSLEGTTSSYEQYF	1
CASSLEGTKYEQYF	1
CASSLEGHSNEQYF	1
CASSLEGQGNTGELFF	1
CASSLEGVPYEQYF	1
CASSLEENTGELFF	1
CASSLELAGGNEQFF	1
CASSLEGRAGELFF	1
CASSLESGTYNEQFF	1
CASSLIPSTDTQYF	1
CASSLTPLGTAFF	1
CASSLTQQNTEAFF	1
CASSLTSGGVVDEQFF	1
CASSLTQGAQEQYF	1
CASSLTGGYEQYF	1
CASSLTGGVSREQYF	1
CASSLSGNSDEQYF	1
CASSLSTVRADGYTF	1
CASSLNKGFDGYTF	1
CASSLKGREYEQYF	1
CASSLKTGTGNNEQFF	1
CASSLLGTPNTGELFF	1
CASSLYLGQYSYEQYF	1
CASSLLAGDSHEQYF	1
CASSLPQSSGELFF	1
CASSLQGQWSSYEQYF	1
CASSLAGGSYNEQFF	1
CASSLGDSPLHF	1
CASSLIRALGNEQFF	1
CASSLTGTGDGYTF	1
CASSLTTGWNTEAFF	1
CASSLRTNFNSPLHF	1
CASSSLAIYNEQFF	1
CASSSQGNEQFF	1
CASSSTGTGYEQYF	1
CASSSRVAGELFF	1
CASSSPRSTHTDTQYF	1
CASSSRQGVGTGELFF	1
CASSSGILAGEQYF	1
CASSSGNSGSLYEQYF	1
CASSSGQGAKGNIQYF	1
CASSSMLWVRAGAKPNTEAFF	1
CASSSIEGTHSYEQYF	1
CASSSKDSIYEQYF	1
CASSSLGLNYGYTF	1
CASSSPRLAGPYNEQFF	1
CASSSAGGLRSYEQYF	1
CASSSGQGADNEQFF	1
CASSSDMTGIYEQFF	1
CASSSDGHTGELFF	1
CASSSTGYGEQYF	1
CASSSRIGTGRYNEQFF	1
CASSSNYFYGYTF	1
CASSSKPGLAGFSYEQYF	1
CASSSDGGNPYEQYF	1
CASSSDNTGELFF	1
CASSWVTGELFF	1
CASSWGDQGSTDTQYF	1
CASSWDRDSAYGYTF	1
CASSWTGEGELFF	1
CASSWTGISAGELFF	1
CASSWTSGHNEQFF	1
CASSYYPEEKVVYEQYF	1
CASSYLRQHTGELFF	1
CASSYGQGAYNEQFF	1
CASSYRGIDTQYF	1
CASSLPGGYEQYF	1
CASSLHGTGTAGELFF	1
CASSLAGRGNTIYF	1
CASSLSYEQYF	1
CASSLLFEGAGGLSDTQYF	1
CASSLLSPRGSNTDTQYF	1
CASSLGQARPNEKLFF	1
CASSLRQGWDTEAFF	1
CASSLSAGTSGTYEFF	1
CASSLPGAPYEQYF	1
CASSLRASGGHSTDTQYF	1
CASSLDSGSYEQYF	1
CASSLDGGSSYEQYF	1
CASSLSGPYNEQFF	1
CASSLLTGEKLFF	1
CASSLAGGYEQYF	1
CASSLGTQETQYF	1
CASSPFGGTVANSPLHF	1
CASSPPIRGTGELFF	1
CASSPRTDRNNSPLHF	1
CASSPRQGAREQYF	1
CASSPGDPTDTQYF	1
CASSPGQAGFYKYGYTF	1
CASSPDWGEQYF	1
CASSPDNSNQPQHF	1
CASSPSRRAYEQYF	1
CASSPLPGNEQYF	1
CASSPLGSDGQYF	1
CASSPRQGDEKLFF	1
CASSPAGYIYEQYF	1
CASSPGDGKNIQYF	1
CASSPGTGNQPQHF	1
CASSPDWGRDTQYF	1
CASSPTALASAGELFF	1
CASSPWDSVPHNEQFF	1
CASSPLTGADTQYF	1
CASSPQGDGELFF	1
CASSPGLAVSYEQYF	1
CASSPDPGQGIIGELFF	1
CASSPEGPGGTYEQYF	1
CASSPTGGYTGELFF	1
CASSPTERGRTVKNIQYF	1
CASSPKRERGTQYF	1
CASSPSSGRPSYEQYF	1
CASSPPSSAGTDTQYF	1
CASSPRQGYDNQPQHF	1
CASSPRQGVAEAFF	1
CASSPASRGYTF	1
CASSPDPYPRTLYGYTF	1
CASSPSGGSYEQYF	1
CASSPNSYEQYF	1
CASSRGTTYEQYF	1
CASSRGSYEQYF	1
CASSRGGTQAVGNEQFF	1
CASSRGDETLRKQYF	1
CASSRGASGAYEQYF	1
CASSRDGTYEQYF	1
CASSRDSNQPQHF	1
CASSRDRGTGELFF	1
CASSRTSSETQYF	1
CASSRRLAGATDTQYF	1
CASSRPPGLADYNEQFF	1
CASSRTANTGELFF	1
CASSRRTSGAHNEQFF	1
CASSRNAGATNEKLFF	1
CASSHLRGSGYTF	1
CASSHRQGSYEQYF	1
CASSHVGVGSEQYF	1
CASSHGGSQGGDEQYF	1
CASSHSVLAGGTDTQYF	1
CASSHPGRARQETQYF	1
CASSHQGDYEQYF	1
CASSHAQVWTNTGELFF	1
CASSQLAGGPHEQFF	1
CASSQPGLVEQFF	1
CASSQRPGSTDTQYF	1
CASSQRRNYEQYF	1
CASSQVYGEQYF	1
CASSQVGTGFGETQYF	1
CASSQAGGPAGELFF	1
CASSQDWGTLAKNIQYF	1
CASSQDLIAGSVYNEQFF	1
CASSQDRGTSTDTQYF	1
CASSQTGFHEQYF	1
CASSQSGANPYEQYF	1
CASSQSKLVSYEQYF	1
CASSQYRALGSTDTQYF	1
CASSQLSGGYGYTF	1
CASSQLTGSVSGYTF	1
CASSQLTGAPGYTF	1
CASSQPSGRLSGELFF	1
CASSQPPGTQVEQFF	1
CASSQPARDTKKTQYF	1
CASSQPANTGELFF	1
CASSQPGLEQFF	1
CASSQPTSGSYNEQFF	1
CASSQRGGAYNEQFF	1
CASSQRAAGVSGIYEQYF	1
CASSQVWESPYNEQFF	1
CASSQVLAGDEQYF	1
CASSQVGGAQPQHF	1
CASSQVPSGRASSYNEQFF	1
CASSQVYRSSYEQYF	1
CASSQVLAVQETQYF	1
CASSQVVLVSLQYF	1
CASSQVNYPGSSNQPQHF	1
CASSQVQQLQTQYF	1
CASSQVGSESSYEQYF	1
CASSQVIDTQYF	1
CASSQAATSGFYEQYF	1
CASSQAPRKNIQYF	1
CASSQAGTVNYEQYF	1
CASSQAGTGDTQYF	1
CASSQAAGRGYNEQFF	1
CASSQGPSGQETQYF	1
CASSQGMIDEQFF	1
CASSQGRGTYGYTF	1
CASSQGFLGQYNEQFF	1
CASSQGSSDYNEQFF	1
CASSQGLRQAPNEQFF	1
CASSQGPAALQETQYF	1
CASSQGISRGTDTQYF	1
CASSQGTGTGTYEQYF	1
CASSQGTGQAYEQYF	1
CASSQGWAGRAYEQYF	1
CASSQGLLDNEQFF	1
CASSQGLAGGPGKNIQYF	1
CASSQGLAGGPSYNEQFF	1
CASSQGGAQYF	1
CASSQGGFRNTGELFF	1
CASSQDSGLRQETQYF	1
CASSQDSGGENEKLFF	1
CASSQDSTEAGVDTQYF	1
CASSQDLRYPSSFSTDTQYF	1
CASSQDPAGGPDTQYF	1
CASSQDVLYEQYF	1
CASSQDGTAQETQYF	1
CASSQDSYRAANTEAFF	1
CASSQDKAAPSYEQYF	1
CASSQDSGGEGNEQFF	1
CASSQDSGLAGGYEQFF	1
CASSQDGGSYEQYF	1
CASSQDGLAGVQYF	1
CASSQEVASGFEQYF	1
CASSQEPREGVYEQYF	1
CASSQEVVGRAYEQYF	1
CASSQEDRARTGELFF	1
CASSQEEGVTSNEQFF	1
CASSQESIRGNTGELFF	1
CASSQITGGAYEQYF	1
CASSQIGARSSYNEQFF	1
CASSQIGTPTYEQYF	1
CASSQSLLAGTKALDEQFF	1
CASSQRGVTYEQYF	1
CASSVLSGRSEYEQYF	1
CASSVGQGGGNQPQHF	1
CASSVPSGLPSTDTQYF	1
CASSAGRDVSYEQYF	1
CASSATSGVVNEQFF	1
CASSAVAGTGNEQFF	1
CASSAGQGWVGYTF	1
CASSAGVLNSGTDTQYF	1
CASSASQGTAYNEQFF	1
CASSASAGDPYEQYF	1
CASSAGTSGYGYTF	1
CASSGTSPSTDTQYF	1
CASSGWGQGSGTEAFF	1
CASSGRQGPGDGYTF	1
CASSGSQNTGELFF	1
CASSGQIPYEQYF	1
CASSGQRSTDTQYF	1
CASSGGQPGLRNYNEQFF	1
CASSGGQGGTEAFF	1
CASSGTSYEQYF	1
CASSGRLAADTQYF	1
CASSGRPENTEAFF	1
CASSDPGSYYEQYF	1
CASSDSGRARTYEQYF	1
CASSDQGDRVNTEAFF	1
CASSEGAANEKLFF	1
CASSEIMNIGEIYNEQFF	1
CASSETGVNQPQHF	1
CASSEPNTEAFF	1
CASSENTGVGSGEQFF	1
CASSISGSRGQDTQYF	1
CASSMPGTSGGRSYEQYF	1
CASSMGDVLYEQYF	1
CASSMDRANEKLFF	1
CASSIDRASWELFF	1
CASSTSLAGNTGELFF	1
CASSTRDREPDTQYF	1
CASSTGLSDTQYF	1
CASSTGVGNEQFF	1
CASSTGTGALSAFF	1
CASSTTGGLAGDGVYNEQFF	1
CASSTGSEGIQYF	1
CASSTGGESYNEQFF	1
CASSTNMGYTEAFF	1
CASSRGRSSYNEQFF	1
CASSRELDKNIQYF	1
CASSRQGGENEQYF	1
CASSRGGLAGGDEQFF	1
CASSKGQGSGEQYF	1
CASSKGQPSRETQYF	1
CASRSSGLADTRDTQYF	1
CASRSTEFNTDTQYF	1
CASRPAGTSGSTNTGELFF	1
CASRVHTTDTQYF	1
CASRAGNTEAFF	1
CASRDGRETQYF	1
CASRIAGAYEQYF	1
CASRYSDRALYEQYF	1
CASRPTDSEKLFF	1
CASRPGEKNIQYF	1
CASRPLTGRIHEQYF	1
CASRRGDEQYF	1
CASRQTGTVNEQFF	1
CASRARSAATEAFF	1
CASRAETFTDTQYF	1
CASRGLAGTHGEQFF	1
CASRRETDTQYF	1
CASNPVPLELGSYEQYF	1
CASNPGTSYNEQFF	1
CASNPGTSGGTFYNEQFF	1
CASNRGLYDSPLHF	1
CASKREGYEQYF	1
CASKIWNTEAFF	1
CASKSGGAEQYF	1
CGNNEGNIQYF	1
CSSTSSYEQYF	1
CSPDSSPQTQYF	1
CSQPRLNTGELFF	1
CSVPGQKITYEQYF	1
CSVQREYNEQFF	1
CSVAQGNEQYF	1
CSVGRDGGNTIYF	1
CSVAGVTGTQYF	1
CSVGARYEQYF	1
CSAFPSYTGELFF	1
CSASRGYEQYF	1
CSASRDKIYEQYF	1
CSASRQGHTDTQYF	1
CSASQPGTSGWGEQYF	1
CSASGDETQYF	1
CSALWTGTSYEQYF	1
CSALDRGQGGELFF	1
CSALGVNYEQYF	1
CSAPPTTRDTQYF	1
CSAHQASGSRDTQYF	1
CSAQREYNEQFF	1
CSAALDSPNEKLFF	1
CSAGKTGIGETQYF	1
CSAGARELGTDTQYF	1
CSAEAGVEQFF	1
CSAIPGLANDNEQFF	1
CSAIAKMNEQFF	1
CSAIGSEGGFAETQYF	1
CSAMIGSYNEQFF	1
CSAIAGGPSDTQYF	1
CSATPVAGGHHEQYF	1
CSATREREPYEQYF	1
CSATGSTDTQYF	1
CSATDREGQPQHF	1
CSATRVPYNEQFF	1
CSATFQETQYF	1
CSATSGPPSGNEQFF	1
CSATPAVLGGTDTQYF	1
CSATQGPVNEQFF	1
CSASSPTGQHNSPLHF	1
CSASYRSSYEQYF	1
CSASYRDRGTGELFF	1
CSASPSSNSYEQYF	1
CSASRGQSYEQYF	1
CSASRGETQYF	1
CSASGQGFVSYEQYF	1
CSASGGGPQETQYF	1
CSASGISYEQYF	1
CSASGQGYKKNQPQHF	1
CSASDDPRGPYEQYF	1
CSASESRGRYSTDTQYF	1
CSASNSGKAETQYF	1
CSASNYGSSEQYF	1
CSASSQGAQADTQYF	1
CSASWREGLPKQFF	1
CSASRVDRDNSPLHF	1
CSASQGRWNEQFF	1
CSASQDRYEQYF	1
CSASVWLAGGEQFF	1
CSASAGGEQFF	1
CSASGASTDTQYF	1
CSASGGTSYEQYF	1
CSASGTSEGETQYF	1
CSASGSTDTQYF	1
CSASMRDQGTQYF	1
CSARSSGRINEQFF	1
CSARSRQNEQFF	1
CSARPKGESSYNEQFF	1
CSARPGAVDTQYF	1
CSARRGLAGAQTSYEQYF	1
CSARRSPFNEQFF	1
CSARVGQETQYF	1
CSARGSGRASYEQYF	1
CSARGYYEQYF	1
CSARGGVGIGQYF	1
CSARDRTGPTIDGELFF	1
CSARDRVGPQHF	1
CSARDRTAGDFEQYF	1
CSARETGSQETQYF	1
CSAREPGQGKEKLFF	1
CSARSGYQETQYF	1
CSARRRSGDTQYF	1
CSARSLAGGQETQYF	1
CSARSPGRASGRSADTQYF	1
CSARSVASGPYEQYF	1
CSARLTSGGRHDTQYF	1
CSARLMRVSNEQFF	1
CSARLAGGPHEQFF	1
CSARLKAIRGGVPFANTGELFF	1
CSARPRDLTRDEQFF	1
CSARPILTSGRAGELFF	1
CSARRLGVGDSPLHF	1
CSARRSGRGNNNEQFF	1
CSARQGQGLQQPQHF	1
CSARVWFGSTSGDREQFF	1
CSARVRAGVDTQYF	1
CSARVATGYTYEQYF	1
CSARVGQIDYEQYF	1
CSARVAGNSEQYF	1
CSARVGRGGYEQYF	1
CSARATTGPLLYEQYF	1
CSARALNEKLFF	1
CSARAPSSSYEQYF	1
CSARAHQLGTSDYNEQFF	1
CSARAKTVWDEQFF	1
CSARAGSLSYEQYF	1
CSARAGGPHNEQFF	1
CSARATSGGFYEQYF	1
CSARATEDYGYTF	1
CSARALAGRSSTDTQYF	1
CSARGRESYNEQFF	1
CSARGLSLPGVEQYF	1
CSARGLKTDDPREQYF	1
CSARGRSLAKNIQYF	1
CSARGANRDSYGYTF	1
CSARGIYSYGYTF	1
CSARGYLGWTNENSPLHF	1
CSARGHLSYEQYF	1
CSARGGGDTQYF	1
CSARGGPNEKLFF	1
CSARGARGRTDTQYF	1
CSARGGEETQYF	1
CSARGDNEQFF	1
CSARGESSGHYEQYF	1
CSARGNHIQYF	1
CSARDLVNEQFF	1
CSARDLEVRYGYTF	1
CSARDLGGYNEQFF	1
CSARDLEREAYEQYF	1
CSARDLNRAYEQYF	1
CSARDLRGQGKGNYGYTF	1
CSARDPRQLAYEQYF	1
CSARDPRAGQETQYF	1
CSARDPSGTEYNEQFF	1
CSARDPLSGRTEAFF	1
CSARDRIAASYNEQFF	1
CSARDRMLSPGAGRGNQPQHF	1
CSARDQKGWETQYF	1
CSARDVRERPDYEQYF	1
CSARDVGQGHPGELFF	1
CSARDAEWGPAYEQYF	1
CSARDGTGGASYEQYF	1
CSARDGLRGSGELFF	1
CSARDMVAGAQETQYF	1
CSARDTSRLAGVLRTDTQYF	1
CSARDFRTGSYEQYF	1
CSARDYRGSYNEQFF	1
CSARDLLHPSTDTQYF	1
CSARDPYQETQYF	1
CSARDPGGPEQFF	1
CSARDPLADSYEQYF	1
CSARDPGGAKETQYF	1
CSARDRYRLNTEAFF	1
CSARDQSETQYF	1
CSARDGPTGSGELFF	1
CSARDGTGGVGNQPQHF	1
CSAREATRAGGLAVQYTQYF	1
CSAREGRRLIEETQYF	1
CSAREGLAGGFSTGELFF	1
CSARETSKETQYF	1
CSARELTENIQYF	1
CSAREYNTDTQYF	1
CSAREGAGLDTQYF	1
CSARTSGGTDTQYF	1
CSARTPRSSYNEQFF	1
CSARTGEVGETQYF	1
CSARTAGTVNTEAFF	1
CSARTASDRAEQETQYF	1
CSARSGVLQFF	1
CSANLRTGGVNTEAFF	1
CSANPTGFLYNEQFF	1
CSAKGANGYTF	1
CSASRSSGGHTDTQYF	1
CSAPRPPGREQYF	1
CSAPLGQGGVDSPLHF	1
CSAPGLADYNEQFF	1
CSARSGDAYEQYF	1
CSAQKTHEEGSHQPQHF	1
CSAAIDPYEQYF	1
CSAIPLGLAGGRDTQYF	1
CSARDLRGEETQYF	1
CSARPGTGGYNEQFF	1
CSANVPWRGASYEQYF	1
CSANMFTSRGAYEQYF	1
CSAKLAGDYNEQFF	1
CSAKLAGVTTGELFF	1
CSASDGQTQYF	1
CSAPLAGATYEQYF	1
CSAPGQGVYEQYF	1
CSARGGETQYF	1
CSARLGYEQYF	1
CSAQKVGGYGYTF	1
CSAEEAGGTDTQYF	1
CSASLIRFQATEAFF	1
CSAPRGDSYEQYF	1
CSARWAGVGTQYF	1
CSAQYSLRYNEQFF	1
CSAGGGTDTQYF	1
CSARTGKGYEQYF	1
CSARLGGMGEQYF	1
CSANTGTGGREQYF	1
CSGGKSSYNEQFF	1
CSGRTRDSRDTQYF	1
CSGEASGNEQFF	1
CSGRDRTQPQHF	1
CSGFLGNAHTVVSLQETQYF	1
CSGRQGSSYNEQFF	1
CSDRGGADTQYF	1
CSFLPGLASGGTDTQYF	1
CSSCRASGRNEQFF	1
CSVFSRTSSYEQYF	1
CSVYRDGYSPQETQYF	1
CSVYQGWSGSSYNEQFF	1
CSVPGSHTGELFF	1
CSVRQYFTAQETQYF	1
CSVRKDRVSHEQYF	1
CSVVFPGARDTQYF	1
CSVVVGGSGYEQFF	1
CSVAHGGGLTDTQYF	1
CSVAGTESTDTQYF	1
CSVGLYNEQFF	1
CSVGIETQYF	1
CSVGRASGVYEQYF	1
CSVGPRGSYVADTQYF	1
CSVGLAGGPFSYNEQFF	1
CSVGDLGFDEQFF	1
CSVGTSGPPTWEQYF	1
CSVGGQEQYF	1
CSVGGFLAGANEQYF	1
CSVGTGGQGRGNIQYF	1
CSVGREGPTGELFF	1
CSVDLYLLYNEQFF	1
CSVDSWVASGRENEQFF	1
CSVDWLNEQFF	1
CSVDQGVEAFF	1
CSVDGLETQYF	1
CSVDGQGSNEQFF	1
CSVDDSSGNYEQYF	1
CSVDSTDTQYF	1
CSVDYNEQFF	1
CSVDLFLDEQFF	1
CSVDPETRETQYF	1
CSVDRTSGYNEQFF	1
CSVEPSGVLSNEQFF	1
CSVEREDGAQYF	1
CSVEATGIEEQYF	1
CSVEGYPYNEQFF	1
CSVEEESTDTQYF	1
CSVETGFSYEQYF	1
CSVESGNNEQFF	1
CSVESDRAHEQYF	1
CSVEPKNAYNEQFF	1
CSVERASETQYF	1
CSVEQSGRGSYEQYF	1
CSVEVLAGVLGGNEQFF	1
CSVEATAYNEQFF	1
CSVEGQMAAEQYF	1
CSVEGVWSYNEQFF	1
CSVEGQGLDTQYF	1
CSVEGQGAREQYF	1
CSVEDRTPYEQYF	1
CSVEDQGGDGYTF	1
CSVEDQRAGNTDTQYF	1
CSVEDTRYGVSEAFF	1
CSVEDRAVQETQYF	1
CSVEDRGGGEQFF	1
CSVEEGASGYEQYF	1
CSVERQGMYNEQFF	1
CSVENRVETQYF	1
CSVTRDVETQYF	1
CSVTKGLTYEQYF	1
CSVSGQGANEQFF	1
CSVRDRGLETQYF	1
CSVRTGKESSNEQFF	1
CSVETGPGEEQFF	1
CSVTGTGGFYEQYF	1
CSVPGQGDSYNEQFF	1
CSVASGRATDTQYF	1
CSVGTGPYEQYF	1
CSVDPFEGTYGYTF	1
CSVTGNYEQYF	1
CSVLRDRDEQFF	1
CSVPSTGQGGSYEQYF	1
CSVRDPGLGSQETQYF	1
CSVKLAEPNEQFF	1
CSAGEGLLGQYF	1
CSANLGGSYEQYF	1
CSARETGTTDTQYF	1
CSAAGLAGVSNEQFF	1
CSAAGVDYEQYF	1
CSAETGRGYTF	1
CSATTAGGTDTQYF	1
CSAGKIQKDEQYF	1
CSAGHSNEQFF	1
CSGTSVGTDTQYF	1
CSGAGDFFETQYF	1
CSGEGRGREEQFF	1
CSMWTGAAGTQYF	1
CSTGETDTQYF	1
CRAQGYSSTDTQYF	1
CRAVEGGRETQYF	1
RASSSGEQYF	1
RASSPKVAIEQYF	1
RASSILPDREILNEQFF	1
GRGSTDTQYF	1
CASSPREGRGNVLTF	4
CASWGERETQYF	3
CAWSAGGDDTGELFF	2
CAISEKVAGRLAKNIQYF	2
CATSDFGQGVWRQYF	2
CATSDGELSYNEQFF	2
CASSPPGGQGASYEQYF	2
CASSFLAGGMWRTGELFF	2
CASSLRRAGVAQETQYF	2
CASSLQGGPREQYF	2
CASSDSSYNSPLHF	2
CASSEQTTDTQYF	2
CASSEASGSYNEQFF	2
CASSLVPGYGTGELFF	2
CASSLNPDSSSYEQYF	2
CASSSLSRITQYF	2
CASSSGPVGESYNEQFF	2
CASSLGLSTRSSYEQYF	2
CASRRRWGSYNEQFF	2
CASRQTSGSPLHF	2
CASSFGASYNEQFF	2
CASSFPGQSYEQYF	2
CASSLVQSNTGELFF	2
CASSLVTAQETQYF	2
CASSLGTGGSYNEQFF	2
CASSPGNGGTGKETQYF	2
CASSQDSRTATETQYF	2
CASSIRTGTGSETQYF	2
CASRPIRTSGGTDTQYF	2
CSAFPGGTYEQYF	2
CSAMTGVEVGEQYF	2
CSARDLERDNNEQFF	2
SRPPSGTPPRTDTQYF	1
CSSTSYNEQFF	1
CSPGLAVGEQYF	1
CASGGISYEQYF	1
CAQKGSSYEQYF	1
CASGFAGSWVQWETQYF	1
CASGLPQGAKTQYF	1
CASGLARDRGAGEQFF	1
CASSFGTSAPDTQYF	1
CASSLNVGPTDTQYF	1
CASSSSGRYTDTQYF	1
CASSSRQEAGELFF	1
CASSCPPNEQFF	1
CASSLDRGQGTQYF	1
CASSPARYRTGAGELFF	1
CASSPQAGGSGELFF	1
CASSRGFGNEQFF	1
CASSHRGGELFF	1
CASPLRDKGQYF	1
CASRATSGYTF	1
CASQAGGNQPQHF	1
CASSGSLGADTQYF	1
CAWETPAGGAGYTF	1
CAWSLLAGGRSEQFF	1
CAWSYENEAFF	1
CAWSPGQGLTDTQYF	1
CAWSVDRGFEPQHF	1
CAWSVQGHQPQHF	1
CAWSANMNIQYF	1
CAWSEVSSGNTIYF	1
CAWSTLPQGTYEQYF	1
CAWSQRQGDQPQHF	1
CAWRGGQGTEKLFF	1
CAWRGGGGQPQHF	1
CAWNPGNSNQPQHF	1
CALQKGGTGGLDTQYF	1
CALSKQGSYYNEQFF	1
CAVQYNYEQFF	1
CAARGGAAYNEQFF	1
CAGAAMAGGLQETQYF	1
CAGKRKRTAKDTEAFF	1
CADRQGPSNTGELFF	1
CAISSVDWALYEQYF	1
CAIPAGEQFF	1
CAIRDRGQETQYF	1
CAIRGGRNYEQYF	1
CAIQRTGRDTDTQYF	1
CAIAVGDGKETQYF	1
CAIAEPIAGLSEQYF	1
CAIGFGLRYNEQFF	1
CAIGTDLEHEQFF	1
CAITPGLGLNGSYEQYF	1
CAITTGTGNTGELFF	1
CAITSGQGDWETQYF	1
CAISSPLDREESGELFF	1
CAISSGLAANTGELFF	1
CAISPGTGTYEQYF	1
CAISVGTPGTWELFF	1
CAISVMGGPVDTQYF	1
CAISVSGSGREQYF	1
CAISVRELHEQYF	1
CAISVDLTDTQYF	1
CAISVRGGETQYF	1
CAISAEPGLAGPNTGELFF	1
CAISAPEREGDEQFF	1
CAISARTGRYNSPLHF	1
CAISAAALAEFTDTQYF	1
CAISAGGSESKVPTTDTQYF	1
CAISATGYEQYF	1
CAISGDRGSRTQYF	1
CAISGTGFTAEAFF	1
CAISDPDSNSYNEQFF	1
CAISDLGLADPLYNEQFF	1
CAISDGTSGRRQETQYF	1
CAISDRQREGYEQYF	1
CAISESLSWVPMTDIQYF	1
CAISESPAGGRTDTQYF	1
CAISESSGFYEQYF	1
CAISESGGGKRGDEQFF	1
CAISESTSGNTEQYF	1
CAISESRGNQPQHF	1
CAISESRLAGGNTGELFF	1
CAISESESSYNEQFF	1
CAISESSQETQYF	1
CAISERTGGRETQYF	1
CAISEGLQGNQPQHF	1
CAISEGSTSGGKTQYF	1
CAISEGVDTQYF	1
CAISEGLAGFYNEQFF	1
CAISEETRIYEQYF	1
CAISEETGSIRETQYF	1
CAISENRDTGELFF	1
CAISESLLGAVKETQYF	1
CAISESGQVNTGELFF	1
CAISELAGAANEQFF	1
CAISEVGPIYNEQFF	1
CAISEGGTFLYGTQYF	1
CAISRVGETQYF	1
CAISKSAGVPYNEQFF	1
CAISPGGESSYNEQFF	1
CAISGGDTQYF	1
CAISEDGSSYNEQFF	1
CAIRGSSRLENNEQFF	1
CAIRDTGTSSSYEQYF	1
CAIRRVGTSGTGEQFF	1
CAIRLAGGHNEQFF	1
CAIRPGLAGVYEQFF	1
CAIRAGSSSYEQYF	1
CAIRGGTVGTQYF	1
CAIRDSGGETQYF	1
CAIRDGILVNF	1
CAIRKIPGQGAGELFF	1
CAIKGLAVNNEQFF	1
CAIKPTGRNEQFF	1
CATGGQGRDEQYF	1
CATSTSGGLTGELFF	1
CATLGGSDTDTQYF	1
CATPKPQGRSSYNEQFF	1
CATPDDRGPHEQYF	1
CATQPRGYTGELFF	1
CATQGRINYEQYF	1
CATQPGTGLYNEQFF	1
CATQRDGSTGELFF	1
CATAWEDDEQFF	1
CATATIEGSQVDQPQHF	1
CATGVGGTSGELFF	1
CATGGNTGELFF	1
CATGPSSYEQYF	1
CATGGLAGVEQFF	1
CATGTSGGTYEQYF	1
CATGNEQFF	1
CATGPFSYEQYF	1
CATGPTDSYEQYF	1
CATDNNSPLHF	1
CATMVTHETQYF	1
CATMSENTDTQYF	1
CATTSPQDNEQFF	1
CATTRLRDRNEKLFF	1
CATTAGGYKDNEQFF	1
CATSLPGQGLDEQFF	1
CATSHPSQGRGEQFF	1
CATSALDRENEQFF	1
CATSARENEQFF	1
CATSGRPGLAGGKEDTQYF	1
CATSGQTGSGSSYEQYF	1
CATSGTGEGLEQYF	1
CATSGKLETTYNEQFF	1
CATSGYGPDQETQYF	1
CATSGGTTWSTDTQYF	1
CATSGEQNANTGELFF	1
CATSDFAPGANPTYNEQFF	1
CATSDFRASSYNEQFF	1
CATSDFKGTNEQFF	1
CATSDFGTGGFGETQYF	1
CATSDLWGDANTGELFF	1
CATSDLHSEEDQETQYF	1
CATSDLAAESHNEQFF	1
CATSDLAGGSGSSNEQFF	1
CATSDLAAGELFF	1
CATSDLAGDEQYF	1
CATSDLGSDQETQYF	1
CATSDLGTGGSSGELFF	1
CATSDLETQYF	1
CATSDLRQGVDTQYF	1
CATSDLNGLDEQFF	1
CATSDLKSGQESTGELFF	1
CATSDLKGRANTGELFF	1
CATSDLKGATETQYF	1
CATSDLRRAVNEQFF	1
CATSDSVGRTPGLNTGELFF	1
CATSDSGSLYEQYF	1
CATSDSTVRELFF	1
CATSDYRVGSYNEQFF	1
CATSDPRQGYEQYF	1
CATSDPRDRVCYF	1
CATSDPTHTQYF	1
CATSDRLTSGSSYNEQFF	1
CATSDAGDLHTDTQYF	1
CATSDGGRGSTDTQYF	1
CATSDTFGTDTQYF	1
CATSDRRQGYNEQFF	1
CATSDNREDTQYF	1
CATSDSARAAPPVGYEQYF	1
CATSDSADRADNEQFF	1
CATSDWRDIQYF	1
CATSDPRTGKETQYF	1
CATSDPITTSHFTDTQYF	1
CATSDRSGTSGYNEQFF	1
CATSDGHQPQHF	1
CATSDSKPNQPQHF	1
CATSESNLNEQFF	1
CATSEDNTDTQYF	1
CATSESGTSEQYF	1
CATSEPRTGWNEQFF	1
CATSNYESADEQFF	1
CATSKGRSYEQYF	1
CATSPDRGNEQYF	1
CATSGGAVAGSRKTQYF	1
CATSGLTGMMNTEAFF	1
CATSGGLAESGELFF	1
CATSDRRNTGELFF	1
CATSSRWTDSIETQYF	1
CATSSLRAEETQYF	1
CATSRARGRETQYF	1
CATSRAGLAGRETQYF	1
CATSRGRGLAARTDTQYF	1
CATSRDFMADTYEQYF	1
CATSRDRPERGHEQFF	1
CATSRDQAAGSYEQYF	1
CATSRRLAGLYNEQFF	1
CATSNRLTGQPQHF	1
CATRGGASGNTIYF	1
CATRGAGLRYNEQFF	1
CATRDRGATDTQYF	1
CATRSSGRDEQFF	1
CATRGGPLNEQFF	1
CATRSEKGDNEQFF	1
CATRTGLNEQFF	1
CATGGSTDTQYF	1
CATGWDSYNEQFF	1
CATVGEENTEAFF	1
CATGDEQYF	1
CASPRESYNEQFF	1
CASRTGSTYEQYF	1
CASRGLSSYNEQFF	1
CASQRQGGTGELFF	1
CASQRPSTRYEQYF	1
CASGAGRAEAFF	1
CASGFEQYF	1
CASEGQGEETQYF	1
CASTYDRVGNQPQHF	1
CASTGTSGRVSYNEQFF	1
CASTARGGYTF	1
CASSRQTASEQYF	1
CASSRTVSGNTIYF	1
CASSMGSSNEKLFF	1
CASSMGGYQETQYF	1
CASSIFGEQQYF	1
CASSIGDRGIQPQHF	1
CASSTRRDVAHGYTF	1
CASSLAGAPNEQFF	1
CASSVLGGTRGNEQFF	1
CASRFIGDDEQFF	1
CASRLQLEAFF	1
CASRWSNQPQHF	1
CASRPGQINQPQHF	1
CASRAGANTEAFF	1
CASRQGANEKLFF	1
CASRSDIGRGLSGYTF	1
CASNAAHKPNQPQHF	1
CASKVRNVWDQPQHF	1
CASKGTSGYEQYF	1
CASLLDRNSYEQYF	1
CASLKVQNSYNEQFF	1
CASSSGGAGETQYF	1
CASSSLHEQFF	1
CASSAAQETQYF	1
CASSGTGNSNEQFF	1
CASSGQGARNEQFF	1
CASSDVGLGGTNEKLFF	1
CASSSGGYEQYF	1
CASSRGLETDTQYF	1
CASSRETAKNIQYF	1
CASSNLRGTGDTDTQYF	1
CASSPYSGGASDTQYF	1
CASSPRSYSPLHF	1
CASSPRTLTAQYF	1
CASSPQGQETQYF	1
CASSPPGRGPSNEQFF	1
CASSPRGPHEQYF	1
CASSPQETGNTGELFF	1
CASSPVTGPNYEQYF	1
CASSPEILGFQYF	1
CASSQPTGQGGKTQYF	1
CASCPSRGEETQYF	1
CASWGWDRTYNEQFF	1
CASWGGQGDTNYGYTF	1
CASWGPEPGQGVYNEQFF	1
CASWDRPNEQFF	1
CASYRASETQYF	1
CASYRDIGREQYF	1
CASYRTENTGELFF	1
CASLRWTGELFF	1
CASLPDTSTDTQYF	1
CASLGTSGRALVETQYF	1
CASLALAGRTYEQYF	1
CASPPGGLNGELFF	1
CASRQAGGTYEQYF	1
CASRGSGSSYEQYF	1
CASRANEQFF	1
CASRGERQQETQYF	1
CASRHEYSYEQYF	1
CASHDWGHYGYTF	1
CASQAGMTDTQYF	1
CASQDRAQETQYF	1
CASAGAGGLSYNEQFF	1
CASAPDFFLNTEAFF	1
CASAGPLTGPQHF	1
CASARTAGTDTQYF	1
CASAHEQYF	1
CASGYRDTEAFF	1
CASGEGDYYEQYF	1
CASGNRQGASYEQYF	1
CASGLTGTSGDTQYF	1
CASGPSTDTQYF	1
CASGRTSGRPSREQYF	1
CASGRGRETQYF	1
CASGRKRSTDTQYF	1
CASGRRATDTQYF	1
CASGDRTDTQYF	1
CASGLGTEAFF	1
CASGLSYRDEKLFF	1
CASGRLASRPADTQYF	1
CASGRQLQGQDEQFF	1
CASGQGAELFF	1
CASGGGRPKFF	1
CASGGGHEQYF	1
CASDSGLRNEQFF	1
CASDPGRSEIYEQYF	1
CASEEGRVGELFF	1
CASEIGVAGFQRGYTF	1
CASEPLSGEINEQFF	1
CASIRGGRDTQYF	1
CASITGGGGGYTF	1
CASIKGLNTEAFF	1
CASISPLGHGDSYEQYF	1
CASILPSSSYNEQFF	1
CASIRDLSSYEQYF	1
CASIREAAMSSYNEQFF	1
CASTLPGLLNEQFF	1
CASTQLAGANTGELFF	1
CASTARGVLAGIIF	1
CASTLGRKYTQYF	1
CASTSYHPKNLDTQYF	1
CASTSRGNGETQYF	1
CASTSRGLRYEQYF	1
CASTSRGGEWNIQYF	1
CASTSAYEQYF	1
CASTWGRGAYGYTF	1
CASTYSDTQYF	1
CASTYRGRTDTQYF	1
CASTLNGGPGGDTQYF	1
CASTPSQERNEQFF	1
CASTPGPRVNSPLHF	1
CASTPPGTAGLKSYEQYF	1
CASTPGFPGSYEQYF	1
CASTRTSTDTQYF	1
CASTRADYEQYF	1
CASTRTPGFGETQYF	1
CASTVGTEAFF	1
CASTVAGAYTGELFF	1
CASTAGLAVTDTQYF	1
CASTAHEGWPSVNEQFF	1
CASTAGGTMTGELFF	1
CASTGRSGIVNEQFF	1
CASTGMGSGSTQYF	1
CASTEGGSSYNEQFF	1
CASTIGQGVLSNTEAFF	1
CASTIGLPNTGELFF	1
CASTTGGRSPLHF	1
CASTRTVAGEQFF	1
CASTKGSEQETQYF	1
CASTPGQTDTQYF	1
CASTRQGNYEQYF	1
CASTGSTYEQYF	1
CASTGTGQVSGNTIYF	1
CASTSSGGGNEQFF	1
CASTLGESKTQYF	1
CASTVGFGPSNEQFF	1
CASSFLGYEQYF	1
CASSFLEKELFF	1
CASSFLLAGGPGYNEQFF	1
CASSFSPHPKTQYF	1
CASSFSDTQYF	1
CASSFSNSNQPQHF	1
CASSFYEKLFF	1
CASSFYLLGLGRQETQYF	1
CASSFLGASPDTQYF	1
CASSFPQPGQYFFSTDTQYF	1
CASSFRSEQFF	1
CASSFRAGGTYEQYF	1
CASSFRGADTQYF	1
CASSFHYGGDSYEQYF	1
CASSFAGPGRSSSYNSPLHF	1
CASSFGREYEQYF	1
CASSFGSARRGTQYF	1
CASSFGGTGGIETQYF	1
CASSFGGQNTEAFF	1
CASSFGGSSYEQYF	1
CASSFGGPEKLFF	1
CASSFGDTIYF	1
CASSFGLAGEQFF	1
CASSFDRAYEQYF	1
CASSFMRDRWGANYGYTF	1
CASSFTVADSPLHF	1
CASSFSSGNTDTQYF	1
CASSFRRGRVGELFF	1
CASSFNPSELEQYF	1
CASSFNQGTYNEQFF	1
CASSFLVRRDTGELFF	1
CASSFLSPRLGYTF	1
CASSFSPGRLYGYTF	1
CASSFSWDRNNSPLHF	1
CASSFLTGGVSTDTQYF	1
CASSFLNEQFF	1
CASSFLGGSGELFF	1
CASSFPQAVQYF	1
CASSFPGRQENTIYF	1
CASSFRQGEQYF	1
CASSFRGQGDHEQYF	1
CASSFRTGDNSPLHF	1
CASSFRTGTSQFF	1
CASSFQGAYNEQFF	1
CASSFGGTSWELFF	1
CASSFGAGETQYF	1
CASSFGGSSYNEQFF	1
CASSFGTDTQYF	1
CASSFGVGYSNQPQHF	1
CASSFGASGNTGELFF	1
CASSFGGPDEQYF	1
CASSFGGGELFF	1
CASSFGGQVNQPQHF	1
CASSFGEEAGYTF	1
CASSFGTPNYGYTF	1
CASSFGTGDGYTF	1
CASSFGRGAFF	1
CASSFGHRYEQYF	1
CASSFGQGAFEQFF	1
CASSFDPEDYGYTF	1
CASSFISSGAKDEKLFF	1
CASSFTLNTEAFF	1
CASSFSGGADTQYF	1
CASSFRALNSPLHF	1
CASSFRASLNQPQHF	1
CASSLSSSYEQYF	1
CASSLSPRNYGYTF	1
CASSLSPQLADTQYF	1
CASSLSSGVGPGEQYF	1
CASSLYREWGARDTQYF	1
CASSLLAGINNEQFF	1
CASSLRGGYEQYF	1
CASSLVGSYEQYF	1
CASSLVATNYGYTF	1
CASSLAYEQYF	1
CASSLGRQGRIYGYTF	1
CASSLGEQFF	1
CASSLGPGQGIGNQPQHF	1
CASSLGQGDEQYF	1
CASSLGQPSYEQYF	1
CASSLGQGAYEQYF	1
CASSLGGWLAAPTFNYGYTF	1
CASSLEGAIYEQYF	1
CASSLTGQGSPDTQYF	1
CASSLRETQYF	1
CASSLNGEQFF	1
CASSLFAIGRYQETQYF	1
CASSLLQGAGEQYF	1
CASSLLARKDTQYF	1
CASSLLGPSRETQYF	1
CASSLLRAGGPHEQYF	1
CASSLSSGTDTQYF	1
CASSLSPRVEQNTQYF	1
CASSLSPRAPTQYF	1
CASSLSAGAFNEQFF	1
CASSLSTSEYEQFF	1
CASSLSQGYTEAFF	1
CASSLWFRGNEQFF	1
CASSLWAEQQETQYF	1
CASSLWGRVRGTGELFF	1
CASSLWGDEQYF	1
CASSLLAGATQTQYF	1
CASSLLGFGNTIYF	1
CASSLLADTGELFF	1
CASSLLTGPAAEQFF	1
CASSLPLTIARGEDTQYF	1
CASSLPGAAVIQYF	1
CASSLRGDTQYF	1
CASSLRRYEAFF	1
CASSLQHPSSYNEQFF	1
CASSLQVNQPQHF	1
CASSLQAPLDEQFF	1
CASSLQGGLNIQYF	1
CASSLQGNTEAFF	1
CASSLVTGPGELFF	1
CASSLVKFGGTDTQYF	1
CASSLVGFSTLEAFF	1
CASSLVGGGQPQHF	1
CASSLVAAPQYF	1
CASSLASGGGEQYF	1
CASSLAFPLGNEQFF	1
CASSLAVYNEQFF	1
CASSLAGTGSWRRQTGELFF	1
CASSLAGTGGRQPQHF	1
CASSLASVGIHGNQPQHF	1
CASSLARELANTGELFF	1
CASSLAVAGASDTQYF	1
CASSLAGYNSPLHF	1
CASSLAGGLAGELFF	1
CASSLGPSGRSDTQYF	1
CASSLGQGVTYEQYF	1
CASSLGGRELFF	1
CASSLGTSGYNEQFF	1
CASSLGTGGRYNEQFF	1
CASSLGGQVFEQFF	1
CASSLGRGFYGYTF	1
CASSLGYPYEQYF	1
CASSLGLGGYTF	1
CASSLGPGGSGRGYTF	1
CASSLGQTGGAVYTQYF	1
CASSLGQNKVGEQYF	1
CASSLGASQETQYF	1
CASSLGQTGINEKLFF	1
CASSLGGGSSYNSPLHF	1
CASSLGGNEQFF	1
CASSLGGAGLYEQFF	1
CASSLDRGVQPQHF	1
CASSLDPNEQFF	1
CASSLDVFNEQFF	1
CASSLDRGRMETQYF	1
CASSLEGVSGSGF	1
CASSLEETDTQYF	1
CASSLERNTGELFF	1
CASSLESWQGLQYF	1
CASSLESASGGFYEQYF	1
CASSLERQETQYF	1
CASSLEGNQPQHF	1
CASSLETGHEQFF	1
CASSLIGILGSYNEQFF	1
CASSLIRPAGTDTQYF	1
CASSLITGGNTEAFF	1
CASSLMAATSYEQYF	1
CASSLIVFANTGELFF	1
CASSLIGEDQPQHF	1
CASSLTRHEQFF	1
CASSLTNRAGEQFF	1
CASSLSMGQGTEQYF	1
CASSLSYQYGYTF	1
CASSLSQRGVGTDTQYF	1
CASSLRWQVYEQYF	1
CASSLRVSYEQYF	1
CASSLKSLGNQPQHF	1
CASSLKRASQETQYF	1
CASSLKRGGSDTQYF	1
CASSLKLGLAGLSYEQYF	1
CASSLKHRLHF	1
CASSSSSGSSYEQYF	1
CASSSPRADTQYF	1
CASSSPGPGYAYEQYF	1
CASSSPGGAGPGQPQHF	1
CASSSRAETSSSYNEQFF	1
CASSSHVIEGEKLFF	1
CASSSAGGPSDTQYF	1
CASSSGPSSYNEQFF	1
CASSSILLAGGVDTQYF	1
CASSSNRGEQFF	1
CASSSNRWTGGYTF	1
CASSSLTAEYQETQYF	1
CASSSLAGGFREQYF	1
CASSSSLGTQYF	1
CASSSSGTSADTQYF	1
CASSSWPVDTQYF	1
CASSSLGQGAYQPQHF	1
CASSSLREVTDTQYF	1
CASSSLGQGQYGYTF	1
CASSSLGPPYEQYF	1
CASSSPGTNTGELFF	1
CASSSPDPRTDTQYF	1
CASSSPRGRGETQYF	1
CASSSRALIYNEQFF	1
CASSSQGLDPTEQYF	1
CASSSGTSGKQVGVSAYEQYF	1
CASSSGTGVSPLHF	1
CASSSGTGADQPQHF	1
CASSSGTGGAYEQYF	1
CASSSGIQGMETQYF	1
CASSSDHRVGEQYF	1
CASSSTRWGEANTGELFF	1
CASSSTQGSITGELFF	1
CASSSRATGELFF	1
CASSSKGVTGELFF	1
CASSSPRTGATTNEKLFF	1
CASSSASGRPNTGELFF	1
CASSSDPGQGANEQFF	1
CASSSDTQYF	1
CASSSEGFSYEQYF	1
CASSSMDDYEQYF	1
CASSSTGRGPGELFF	1
CASSSFGGNTGELFF	1
CASSSPTGTNEKLFF	1
CASSSHPLRDREETQYF	1
CASSSGGSNTGELFF	1
CASSSEGNPNSPLHF	1
CASSSIFTRNQPQHF	1
CASSSSSREAFF	1
CASSWSSDTQYF	1
CASSWYSGSINEQFF	1
CASSWAGTGGNQPQHF	1
CASSWGVSYEQYF	1
CASSWGGGGTRQPQHF	1
CASSWGEGNEQYF	1
CASSWGQGAKAGELFF	1
CASSWDTSHRGELFF	1
CASSWTVYEQYF	1
CASSWTGGEMNTEAFF	1
CASSYFGGTYNEQFF	1
CASSYLGGRLNEQFF	1
CASSYPGGSYEQYF	1
CASSYQPNYEQYF	1
CASSYDIPYEQYF	1
CASSYMTGSITDTQYF	1
CASSYRGGSTDTQYF	1
CASSYNIPGVAGSSYEQYF	1
CASSYLHRMKTQYF	1
CASSYLGRSTRNEQFF	1
CASSYSLAAEQYF	1
CASSYSSGADEQYF	1
CASSYSYEQFF	1
CASSYSGHEQFF	1
CASSYSAGALTDTQYF	1
CASSYSAGPWNEQFF	1
CASSYSGRGAAKNIQYF	1
CASSYSGREDEQFF	1
CASSYSGGSQYGYTF	1
CASSYSDSNYEQYF	1
CASSYSIGGFSNQPQHF	1
CASSYSIGTPNTGELFF	1
CASSYSMASGAYEQYF	1
CASSYSTGNEQFF	1
CASSYSTSPDTQYF	1
CASSYSTVSSNTGELFF	1
CASSYSTVGGISYEQYF	1
CASSYSSAGGTYEQYF	1
CASSYSRLAGAWEQYF	1
CASSYSRQGDEQFF	1
CASSYSRGGQGRYEQYF	1
CASSYSSGHYGYTF	1
CASSYSLGQGLYEQYF	1
CASSYSPPDTQYF	1
CASSYSASGSPYEQYF	1
CASSYSAHNEQFF	1
CASSYSTGTFHF	1
CASSYWQGRSYGYTF	1
CASSYYSSGSPLHF	1
CASSYLWGTGDSNYGYTF	1
CASSYLELGGIGYTF	1
CASSYLTGEDIQYF	1
CASSYLSPPGELFF	1
CASSYLAGSSYNEQFF	1
CASSYLGTGPDTQYF	1
CASSYPGAGLAETSTDTQYF	1
CASSYPGETQYF	1
CASSYPIPGGIETQYF	1
CASSYRLITDTQYF	1
CASSYRRGLLNEQFF	1
CASSYRGGANTGELFF	1
CASSYQGYEQYF	1
CASSYQGTPQGAGEQFF	1
CASSYAPHPDNEQFF	1
CASSYAGGSGELFF	1
CASSYGLGEVSPYGYTF	1
CASSYGAVNTEAFF	1
CASSYGGGQNIQYF	1
CASSYGDRGPGNTIYF	1
CASSYGTGGYEQYF	1
CASSYGTGNPPADTQYF	1
CASSYGLAGTWETQYF	1
CASSYEGDVGETQYF	1
CASSYTGGVGRVQETQYF	1
CASSYTTTGGQNSPLHF	1
CASSYSGTSAHNEQFF	1
CASSYRGSTEAFF	1
CASSYNGREQFF	1
CASSLTRTGGSYEQYF	1
CASSLNSYEQYF	1
CASSLSREYEQYF	1
CASSLPRQGPEYNEQFF	1
CASSLGAGKAFF	1
CASSLDRSSYEQYF	1
CASSLRSTYEQYF	1
CASSLGPTRHF	1
CASSLGEETQYF	1
CASSLTGENTGELFF	1
CASSLRVLASSDTQYF	1
CASSLPGLAGVNQETQYF	1
CASSLQGGQPQHF	1
CASSPSSNEQFF	1
CASSPSPGAVVVNEQFF	1
CASSPPGGRKETQYF	1
CASSPRPLMGNEQFF	1
CASSPQGVGNQPQHF	1
CASSPVGAEQYF	1
CASSPAPGGVDGELFF	1
CASSPTYINYGYTF	1
CASSPSGGTYNEQFF	1
CASSPSGGGSYYGYTF	1
CASSPYSGSPRRNEQFF	1
CASSPPLNNEQFF	1
CASSPPGSNIQYF	1
CASSPPLGRWGYTF	1
CASSPRLAGGTNEQFF	1
CASSPRDRADYGYTF	1
CASSPRTGTINGELFF	1
CASSPRQVGITDTQYF	1
CASSPQVAGAGEPQHF	1
CASSPASDSTDTQYF	1
CASSPADRVGGYTF	1
CASSPATGELFF	1
CASSPALGGPTDTQYF	1
CASSPASDSYNEQFF	1
CASSPGTLNAGELFF	1
CASSPGTGLYGYTF	1
CASSPGLAGRQETQYF	1
CASSPDREETQYF	1
CASSPMGSGQPQHF	1
CASSPADRTFTYEQYF	1
CASSPGLAGAEQYF	1
CASSPGLDHEQYF	1
CASSPEYEQYF	1
CASSPMSLGGYTF	1
CASSPISWGHNEQFF	1
CASSPSGEETQYF	1
CASSPRTGNEQFF	1
CASSPKAGILETQYF	1
CASSPLTGAVYNEQFF	1
CASSPLPLGQETQYF	1
CASSPSYLGVAEQYF	1
CASSPHNEQFF	1
CASSPQGFTGELFF	1
CASSPQGEQFF	1
CASSPQGNEQYF	1
CASSPGGLAGIYNEQFF	1
CASSPGARRTYEQYF	1
CASSPGDEQYF	1
CASSPDTGELFF	1
CASSPDRGGSYEQYF	1
CASSPIQGPHEQYF	1
CASSPINYGTDTQYF	1
CASSPRTGRGNYGYTF	1
CASSPRSSYEQYF	1
CASSRSGRDRDYEQYF	1
CASSRWTGGNEQFF	1
CASSRPGLSYEQYF	1
CASSRNRGIVADEQFF	1
CASSRNPSGSVTGELFF	1
CASSRSTGNTGELFF	1
CASSRPGGMGYGYTF	1
CASSRATDEAFF	1
CASSRGGPQHF	1
CASSRGTSAADTQYF	1
CASSRDIGTGLSETQYF	1
CASSRTPGVHYNEQFF	1
CASSRTSGRITDTQYF	1
CASSRSGAGGFGTDTQYF	1
CASSRLAGNLGTQETQYF	1
CASSRPRRQDLYEQYF	1
CASSHSASGGGQETQYF	1
CASSHPGLKNEKLFF	1
CASSHSSYNEQFF	1
CASSHRDNIVHF	1
CASSHGARAKEQFF	1
CASSHSRGGDNEKLFF	1
CASSHRGRGVYEQYF	1
CASSQGGTGDYEQYF	1
CASSQGAGTGELFF	1
CASSQGPSKYNEQFF	1
CASSQGQDNSPLHF	1
CASSQGDSNQPQHF	1
CASSQTRKTQYF	1
CASSQPGPPAADTQYF	1
CASSQRGVQFF	1
CASSQRTGPLGLPLHF	1
CASSQNWGGDEQYF	1
CASSVSGMRPYEQYF	1
CASSVPGTNQPQHF	1
CASSVEQGLYEQYF	1
CASSVVAETQYF	1
CASSVGRIAYNEQFF	1
CASSVLTYQETQYF	1
CASSVRDSLSGEKLFF	1
CASSVQGYEQFF	1
CASSVGVPYNEQFF	1
CASSVDRDGGSTDTQYF	1
CASSVTGGGGYTF	1
CASSAQTSGSESEQFF	1
CASSARQADSYNEQFF	1
CASSAPLAGKGTQYF	1
CASSAPETQYF	1
CASSARDRAYNEQFF	1
CASSARDRGAQSKYF	1
CASSAGTSGGPNTGELFF	1
CASSAGTGGFYEQYF	1
CASSAGQSLAKNIQYF	1
CASSATVGEQYF	1
CASSASRSDQPQHF	1
CASSASYEQYF	1
CASSAPGLAGGEQFF	1
CASSADGVTLSYNEQFF	1
CASSASSSANNEQFF	1
CASSGSAGELFF	1
CASSGSGRHNEQFF	1
CASSGNPGQRSYEQYF	1
CASSGPWPQHF	1
CASSGRGTDTEAFF	1
CASSGAPGAADTQYF	1
CASSGDSYQPQHF	1
CASSGTVYNSPLHF	1
CASSGRQGAYEQYF	1
CASSGSGWANNSPLHF	1
CASSGTGTSGGYEQYF	1
CASSGSLPLRETQYF	1
CASSDLGTGLDEQYF	1
CASSDRLYEQYF	1
CASSDRQGTQETQYF	1
CASSDQIGRLYEQYF	1
CASSDGTSGPYEQYF	1
CASSDTLRAYETQYF	1
CASSDTGIRGPLHF	1
CASSDLGAKNIQYF	1
CASSDAPGHPSYGYTF	1
CASSDGSWEDTQYF	1
CASSDSNNEQFF	1
CASSELIEQFF	1
CASSESGGAETQYF	1
CASSEVWGGAYEQYF	1
CASSEGGDSGRYYEQYF	1
CASSEGLLHQPQHF	1
CASSEGQGRVSPLHF	1
CASSEGETQYF	1
CASSEFGGETQYF	1
CASSEFGDTYEQYF	1
CASSEFGAGARDYEQYF	1
CASSELGASTDTQYF	1
CASSESGTDTQYF	1
CASSEWDTNIRNYGYTF	1
CASSEWRELETQYF	1
CASSEYVTGSGYTF	1
CASSEYGRTGVGETQYF	1
CASSEYMGKQETQYF	1
CASSEPEGGGDTQYF	1
CASSEQEKTQYF	1
CASSEVEKAEQYF	1
CASSEVLDEANEQFF	1
CASSEAFWGNEQYF	1
CASSEATAIEQFF	1
CASSEGQGRWETQYF	1
CASSEGSDYGYTF	1
CASSEGPGTYNEQFF	1
CASSETSPATPVETQYF	1
CASSETGGSETQYF	1
CASSETGYWNEQFF	1
CASSENWETQYF	1
CASSIRTDTQYF	1
CASSIILGGYTF	1
CASSIEFGLAGEGTDTQYF	1
CASSIIGASYNEQFF	1
CASSTGGNEQFF	1
CASSTLDEQYF	1
CASSTRGGTKNIQYF	1
CASSTGTGYNQPQHF	1
CASSTRQDQPQHF	1
CASSTRGVNNYGYTF	1
CASSTPSYEQYF	1
CASSTPDSYYNEQFF	1
CASSTTGDRRGSYEQYF	1
CASSSYGDTQYF	1
CASSSGGAGQPQHF	1
CASSSFNEQFF	1
CASSSPSSGRADTQYF	1
CASSSPGQYEQYF	1
CASSSRTSGGNEQFF	1
CASSSQGLAGNEQFF	1
CASSSGTSYGYTF	1
CASSRLGRGTTLEQYF	1
CASSRDYRNEQFF	1
CASSRTGTESYEQYF	1
CASSRSTGGTDTQYF	1
CASSRQGAGNQPQHF	1
CASSNRDTAYEQYF	1
CASSKTVSYEQYF	1
CASSKLKTGGVETQYF	1
CASSKTGWYDTGELFF	1
CASSFLAGDSSGELFF	1
CASSFSIPSGGDTQYF	1
CASSFYRGGSYEQYF	1
CASSFLAVYEQYF	1
CASSFLLAGANEQFF	1
CASSFLVQSYEQYF	1
CASSFPGSDTQYF	1
CASSFPQIHSGPGRRDTDTQYF	1
CASSFRGGGPYNEQFF	1
CASSFQGVGQPQHF	1
CASSFVNNEQFF	1
CASSFAHPGEQFF	1
CASSFGGRGMNTQYF	1
CASSFGNEQFF	1
CASSFGVNNEQFF	1
CASSFGGSYEQYF	1
CASSFGTESSYGYTF	1
CASSFGRANNEQFF	1
CASSFGQGDYEQYF	1
CASSFGQGPDGYTF	1
CASSFEETSVYEQYF	1
CASSFITYEQYF	1
CASSFSGRQETQYF	1
CASSFLPGHSTDTQYF	1
CASSFLVNYGYTF	1
CASSFSETQYF	1
CASSFLHGNTGELFF	1
CASSFLPARTGNYNEQFF	1
CASSFPFGRGGEQYF	1
CASSFPGQKYNEQFF	1
CASSFPTSGLFTDTQYF	1
CASSFRQVNTEAFF	1
CASSFQGRNEQYF	1
CASSFQRDSPPKKYTDTQYF	1
CASSFQQGVTSNYGYTF	1
CASSFADLSYGYTF	1
CASSFGGQVDYGYTF	1
CASSFGRGGETQYF	1
CASSFGGYTDTQYF	1
CASSFGTGELFF	1
CASSFGTASHNEQFF	1
CASSFGTDEQYF	1
CASSFDRETYEQYF	1
CASSFDRIGYEQYF	1
CASSFIQGSGELFF	1
CASSFIAGGPKNIQYF	1
CASSFTREDYNEQFF	1
CASSFTGEEKLFF	1
CASSFNSFGTQYF	1
CASSLFREAYNEQFF	1
CASSLLDRGRLF	1
CASSLSPTYEQYF	1
CASSLSRTVYGYTF	1
CASSLWPSSMF	1
CASSLWAGGSTDTQYF	1
CASSLWEETQYF	1
CASSLYDEQYF	1
CASSLYTNTGELFF	1
CASSLLIKGAGRGREQFF	1
CASSLPGGRETQYF	1
CASSLPILYEQYF	1
CASSLRGNAYNSPLHF	1
CASSLRGIGARPDTQYF	1
CASSLRTPGQGSRHTYEQYF	1
CASSLHRGYEQYF	1
CASSLQVTGNTIYF	1
CASSLVWQGVGELFF	1
CASSLVRGPADTQYF	1
CASSLVGTGKGEQFF	1
CASSLVGGVGETQYF	1
CASSLVSGELFF	1
CASSLVDLAPYEQYF	1
CASSLVGEQFF	1
CASSLAQGAGETQYF	1
CASSLAGSGAQGYTF	1
CASSLASHSGGSGNEQFF	1
CASSLASQGYNQPQHF	1
CASSLAPYEQYF	1
CASSLAVLAKNIQYF	1
CASSLAGTPEQFF	1
CASSLAWTGYNEQFF	1
CASSLAGTINEQFF	1
CASSLGLKGRAYEQYF	1
CASSLGQTYEQYF	1
CASSLGGTFSYEQYF	1
CASSLGTTGLQETQYF	1
CASSLGRLNTGELFF	1
CASSLGLSDF	1
CASSLGLAGEGDTQYF	1
CASSLGALTEAFF	1
CASSLGGYANNEQFF	1
CASSLGGTYLTQYF	1
CASSLGGAAGELFF	1
CASSLGLAGVTGELFF	1
CASSLGQSTYEQYF	1
CASSLGQRTDTQYF	1
CASSLGSNEQFF	1
CASSLDPFPSDGYTF	1
CASSLDGIEDIQYF	1
CASSLDRLEPYF	1
CASSLEGSGLYEQYF	1
CASSLEWGGAETQYF	1
CASSLEGTGGTDTQYF	1
CASSLMRGRGPQHF	1
CASSLTGQETQYF	1
CASSLTSGDRDTQYF	1
CASSLTSGRKYEQYF	1
CASSLTGVSYEQYF	1
CASSLSGNEQFF	1
CASSLREGTVEQYF	1
CASSLRIQETQYF	1
CASSLKETQYF	1
CASSLFAGPRDGTQYF	1
CASSLFYTDTQYF	1
CASSLFQGSSYNEQFF	1
CASSLLGGGGYTF	1
CASSLLLRGFDEQFF	1
CASSLSTGEIAKNIQYF	1
CASSLSSGLAGGYEQYF	1
CASSLSMDGLAGVTYNEQFF	1
CASSLSGYEQYF	1
CASSLSGKGQYF	1
CASSLWWGNEQFF	1
CASSLWGLAGDNEQFF	1
CASSLYRWEIYNEQFF	1
CASSLYTGELFF	1
CASSLLRITYNEQFF	1
CASSLLYGGAQETQYF	1
CASSLLTGVDGYTF	1
CASSLLSTDTQYF	1
CASSLLGLAGLSPAYEQYF	1
CASSLPPVGLGYTF	1
CASSLPAAGTVPPLHF	1
CASSLRRTSGVLDTQYF	1
CASSLRRRGDTQYF	1
CASSLRGASGNTIYF	1
CASSLRGGGNQPQHF	1
CASSLRAGETYEQYF	1
CASSLQPAGELFF	1
CASSLQWTTTIYF	1
CASSLVWPGAFRHEQYF	1
CASSLVPTAGRNEQFF	1
CASSLVGTRAYGYTF	1
CASSLVGGAVETQYF	1
CASSLVSGEPYEQYF	1
CASSLVGWRAGYNEQFF	1
CASSLVGTDTQYF	1
CASSLVERGYNEQFF	1
CASSLVTYGSSYEQYF	1
CASSLVYLAGAGKTQYF	1
CASSLVLAGDLYEQYF	1
CASSLAAAYHTGELFF	1
CASSLATSLGETQYF	1
CASSLATGEDTQYF	1
CASSLASGNNEQFF	1
CASSLAVGRNAYEQYF	1
CASSLAGDGAAYEQYF	1
CASSLAGTSGQETQYF	1
CASSLAGTGSYNEQFF	1
CASSLAGTTTYEQYF	1
CASSLAFDPWKGRYTF	1
CASSLASNTGFGGEQYF	1
CASSLAPYEQYF	1
CASSLAPARENQPQHF	1
CASSLAPGAAYEQYF	1
CASSLAQTGGTLHF	1
CASSLAGGLSYNEQFF	1
CASSLAPGGGDTQYF	1
CASSLARRGELFF	1
CASSLAAIEAFF	1
CASSLAGLAGGQETQYF	1
CASSLGSSRYNEQFF	1
CASSLGWDPDGNTGELFF	1
CASSLGWNAYNEQFF	1
CASSLGLRDRGSLNRYEQYF	1
CASSLGLNSNQPQHF	1
CASSLGVQGPYEQYF	1
CASSLGGESYEQYF	1
CASSLGSGVSYNEQFF	1
CASSLGWASYEQYF	1
CASSLGWDPADTQYF	1
CASSLGRADQYF	1
CASSLGASFRSPYNEQFF	1
CASSLGSREAETQYF	1
CASSLGNSYEQYF	1
CASSLGSASWGEQYF	1
CASSLGPLRYYEQYF	1
CASSLGQGFDSSVRKPYYEQYF	1
CASSLGQTETQYF	1
CASSLGVREDTQYF	1
CASSLGVGTTEAFF	1
CASSLGALPTGELFF	1
CASSLGAITETQYF	1
CASSLGAEIYTDTQYF	1
CASSLGGTDEQFF	1
CASSLGGLSGVYEQYF	1
CASSLGGYEQYF	1
CASSLGGGGGQPQHF	1
CASSLGDRARDGYTF	1
CASSLGTGEGETQYF	1
CASSLGNLDGDWGETQYF	1
CASSLGLLSGRDSYEQYF	1
CASSLGQGIYGYTF	1
CASSLGQGKTQYF	1
CASSLGVAGVQETQYF	1
CASSLGAYQETQYF	1
CASSLGGTGGGRDTQYF	1
CASSLGEQIITNEQFF	1
CASSLGTRGYEQYF	1
CASSLGNGNEQYF	1
CASSLDYAGREQYF	1
CASSLDYLAGGQETQYF	1
CASSLDPMGGQQETQYF	1
CASSLDRLAGGPDTQYF	1
CASSLDQNGRSSYNEQFF	1
CASSLDGMETQYF	1
CASSLDGKGYIYNEQFF	1
CASSLDRVPPMQYF	1
CASSLDSYGYTF	1
CASSLDSYNEQFF	1
CASSLDVWSGGYNEQFF	1
CASSLDAVSEQFF	1
CASSLEQLADTDTQYF	1
CASSLEVYQYQETQYF	1
CASSLEVLPMNTEAFF	1
CASSLEDGTSGRAPPDTQYF	1
CASSLEEAHNEQFF	1
CASSLETETQYF	1
CASSLEFGGSYEQYF	1
CASSLEPAGGYTF	1
CASSLEGVDNEQFF	1
CASSLEGGPRPGELFF	1
CASSLIGGQNTGELFF	1
CASSLIEQYF	1
CASSLMSSGGSYEQYF	1
CASSLMLAGAGLYEQYF	1
CASSLMAGEQFF	1
CASSLMGQFFPNGTGELFF	1
CASSLMTDTQYF	1
CASSLIPPQDPETQYF	1
CASSLTRGRLNQPQHF	1
CASSLTRQGITAGELFF	1
CASSLTVSYEQYF	1
CASSLTGAAYNEQFF	1
CASSLTGGVTGELFF	1
CASSLTRGTMSYEQYF	1
CASSLRLAGVWGTGELFF	1
CASSLRHNEQFF	1
CASSLRAGYYEQYF	1
CASSLRRVPYNSPLHF	1
CASSLRFSGGAHNEQFF	1
CASSLRLADNNEQFF	1
CASSLRRWTEPYEQYF	1
CASSLRQGNYNEQFF	1
CASSLNYEQYF	1
CASSLKTAAYEQYF	1
CASSSSTGKNYNEQFF	1
CASSSLRIFGQGAEDTEAFF	1
CASSSGSGSYNEQFF	1
CASSSGVGTSQETQYF	1
CASSSDRGRETQYF	1
CASSSINEQFF	1
CASSSTGLNTGELFF	1
CASSSTGGIYEQYF	1
CASSSRGLNEQFF	1
CASSSNPDSLLGDTQYF	1
CASSSSRGEMNTEAFF	1
CASSSWPQETQYF	1
CASSSYGQNMNTEAFF	1
CASSSLGGLHTDTQYF	1
CASSSLSEGLYYGYTF	1
CASSSPGGLRNEQFF	1
CASSSRGIEREEKTQYF	1
CASSSRQGQAYNEQFF	1
CASSSRGGSTDTQYF	1
CASSSRDPGNSPLHF	1
CASSSRTSGSSVDEQFF	1
CASSSQRSGSGTGELFF	1
CASSSVRTSGGGNEQFF	1
CASSSGPSGSEQYF	1
CASSSGYEQYF	1
CASSSGGGGGNQPQHF	1
CASSSGTSYVYF	1
CASSSGQGASYEQYF	1
CASSSGQGANEKLFF	1
CASSSDRGPHNEQFF	1
CASSSTDQLHTGELFF	1
CASSSSGAHQETQYF	1
CASSSSRTEQFF	1
CASSSPGLAGFTGELFF	1
CASSSPGQGKIEQFF	1
CASSSPTSLKTQYF	1
CASSSHVWTSGSSTDTQYF	1
CASSSQTRKWETQYF	1
CASSSAPALATNEKLFF	1
CASSSGNEQFF	1
CASSSGARQVMNTEAFF	1
CASSSGAGELFF	1
CASSSGLSAYNEQFF	1
CASSSGLAQYEQYF	1
CASSSDWGRGSYEQYF	1
CASSSDREVGETQYF	1
CASSSEGTAPNQPQHF	1
CASSSTDTRNRESYGYTF	1
CASSSTGISQETQYF	1
CASSSRGGNTEAFF	1
CASSSNRQPQHF	1
CASSSLLAYQETQYF	1
CASSSYAKATGPNSPLHF	1
CASSSPYDSVGYEQYF	1
CASSSPLGQATNTEAFF	1
CASSSPGLADSDTQYF	1
CASSSPDGNTGELFF	1
CASSSRPGYEQYF	1
CASSSARAGGNEQFF	1
CASSSGLAGNTDTQYF	1
CASSSGLAGAHTGELFF	1
CASSSGLAGGYNEQFF	1
CASSSTGTGDEQFF	1
CASSSTRGYEQYF	1
CASSSTGGVDTQYF	1
CASSSRGNEQFF	1
CASSSRPGLAKNIQYF	1
CASSSNVERGGNEQFF	1
CASSSKRDSYEQYF	1
CASSWAGTGGTEAFF	1
CASSWGLAGGNSYEQYF	1
CASSWEIGYEQYF	1
CASSWILAGEVVNEQFF	1
CASSWTSGYEQYF	1
CASSWTQETQYF	1
CASSWSGGSSYNEQFF	1
CASSYGGDTQYF	1
CASSYGGTAADYGYTF	1
CASSYFSSSYNEQFF	1
CASSYLGAGAADTQYF	1
CASSYRWKREQFF	1
CASSYVRDRGYEQYF	1
CASSYGTSGNYEQYF	1
CASSYGQGAETQYF	1
CASSLDRRGFQYF	1
CASSLDHVPGETQYF	1
CASSLKTGYEQYF	1
CASSLLDSANQPQHF	1
CASSLRGRPVETQYF	1
CASSLRGAEASWEQFF	1
CASSLRRFAGGLSQFF	1
CASSLQGATTGELFF	1
CASSLGRYNEQFF	1
CASSLGAGFEETQYF	1
CASSLGDRGNEQYF	1
CASSLGTSRTDTQYF	1
CASSLGTSGYEQYF	1
CASSLGTGALKNEKLFF	1
CASSLGQGGNEKLFF	1
CASSLDRASYNEQFF	1
CASSLTGTSEIKSFPEQYF	1
CASSLTGPEETQYF	1
CASSLRGPRLAGARTDTQYF	1
CASSLNTYEQYF	1
CASSLNRIGTSGYPEQFF	1
CASSLKQYF	1
CASSLRGGITDTQYF	1
CASSLAVVAKNIQYF	1
CASSLGGETYEQYF	1
CASSLGTGLVYGYTF	1
CASSLGLYNEQFF	1
CASSLGLGGYNEQFF	1
CASSLGQGLSYEQYF	1
CASSLMETQYF	1
CASSLTGELFF	1
CASSLFGPQGTGLEETQYF	1
CASSLLAGAFYEQYF	1
CASSLPGGGEQFF	1
CASSLREAQYF	1
CASSLRATGELFF	1
CASSLVRSPNTGELFF	1
CASSLAAAKETQYF	1
CASSLAGNYEQYF	1
CASSLGGGMENHNEQFF	1
CASSLDLVEYEQYF	1
CASSLDLYQGTEAFF	1
CASSLITGVEQYF	1
CASSLTVNYGYTF	1
CASSLNGTDEGRQPQHF	1
CASSLNTNYEQYF	1
CASSPSAGPTYEQYF	1
CASSPSQVSYNEQFF	1
CASSPWGGYNEQFF	1
CASSPLTVADTQYF	1
CASSPLPGLSSYEQYF	1
CASSPPPRTGSYGYTF	1
CASSPRFSGILNEQFF	1
CASSPRAAGTFQETQYF	1
CASSPALGESSYNEQFF	1
CASSPAGAGSPLHF	1
CASSPGQNTGELFF	1
CASSPGTGNTGELFF	1
CASSPEVLTDTQYF	1
CASSPEGSIQNIQYF	1
CASSPIQTGYNEQFF	1
CASSPTGQGARETQYF	1
CASSPRTGYNEQFF	1
CASSPKGHPPEAFF	1
CASSPKGDRPLHF	1
CASSPSIFYEQYF	1
CASSPSGVDIQYF	1
CASSPSISFYEQYF	1
CASSPWDRPYEQYF	1
CASSPWTGETDTQYF	1
CASSPYQLGAYEQYF	1
CASSPLSGYNSPLHF	1
CASSPLAGTSNEQYF	1
CASSPLAGAHNEQFF	1
CASSPPLGTQTYEQYF	1
CASSPPPPNEQYF	1
CASSPPQGSNEQFF	1
CASSPPGADTQYF	1
CASSPPRTSVYEQYF	1
CASSPPIGETQYF	1
CASSPRSTDTQYF	1
CASSPRPGEILQEQYF	1
CASSPHQSRGLYGYTF	1
CASSPHRAGVNYEQYF	1
CASSPHLPGPYNEQFF	1
CASSPVGVRGETQYF	1
CASSPVGQANTEAFF	1
CASSPALAGARTDTQYF	1
CASSPANREGAFF	1
CASSPAELAGAFGELFF	1
CASSPASRSNQPQHF	1
CASSPGPRGRADTQYF	1
CASSPGRGAAYEQYF	1
CASSPGIAGGFGRRDTQYF	1
CASSPGQGNTEAFF	1
CASSPGGRVNYGYTF	1
CASSPDRVWTDTQYF	1
CASSPELAGTVETQYF	1
CASSPITALLSYEQYF	1
CASSPTSGSGGHYNEQFF	1
CASSPRGYNEQFF	1
CASSPRLAVYNEQFF	1
CASSPNVTSGRALYEQYF	1
CASSPKFIAGGKGEQFF	1
CASSPPLSASNTGELFF	1
CASSPRGGVQETQYF	1
CASSPAGEAFF	1
CASSPGVAGRLQYF	1
CASSPGGGTQYF	1
CASSPGLAGNEQFF	1
CASSPGLAGAPGELFF	1
CASSPGLGTGELFF	1
CASSPGPGRYEQYF	1
CASSPGQGNYEQYF	1
CASSPGGVGRQPQHF	1
CASSPDADTQYF	1
CASSPDPGGQPQHF	1
CASSPDGDRGVNGYTF	1
CASSPDREQETQYF	1
CASSPIGRSAYEQYF	1
CASSPMIAKNIQYF	1
CASSPIAGGPRNEQFF	1
CASSPTGQGGSNEQFF	1
CASSPTGRIAGYTF	1
CASSPTGVGYTF	1
CASSPTGFGVETQYF	1
CASSPSSYNEQFF	1
CASSPSGGFTDTQYF	1
CASSPRGGNRGRTGPNEQFF	1
CASSPKTRVWETQYF	1
CASSPWGGYTF	1
CASSPLFSYEQYF	1
CASSPLSLRSGRLKSYEQYF	1
CASSPLAGNEQFF	1
CASSPLAGSSYEQYF	1
CASSPRLEGLSGGRPDTQYF	1
CASSPRDSYEQYF	1
CASSPRQADEQFF	1
CASSPRVAGDDNEQFF	1
CASSPQGSTDTQYF	1
CASSPGGAISEQYF	1
CASSPGTSPPALEQYF	1
CASSPIYDLPTGELFF	1
CASSPILAGGTDTQYF	1
CASSPIVLGAKETQYF	1
CASSPIGLAGAETQYF	1
CASSPTGVGTYEQYF	1
CASSPTRGLAESSYEQYF	1
CASSPNSYEQYF	1
CASSPKYNEQFF	1
CASSRSSGGSSYNEQFF	1
CASSRGLAAYEQYF	1
CASSRRLALGSLDADTQYF	1
CASSRWGLNYGYTF	1
CASSRRTGQETQYF	1
CASSRQQFSYEQYF	1
CASSRAYEQFF	1
CASSRGSPLIYEQFF	1
CASSRGQNQPQHF	1
CASSRGGLVETQYF	1
CASSRGGARNEQFF	1
CASSRGQGMDQPQHF	1
CASSRMTGNQETQYF	1
CASSRSVGDSNQPQHF	1
CASSRYQETQYF	1
CASSRPRVKSNYGYTF	1
CASSRRPNEQFF	1
CASSRRSWGEQYF	1
CASSRGYSPDTQYF	1
CASSRGVSGRTGELFF	1
CASSRGLEGETQYF	1
CASSRGRPTGELFF	1
CASSRDEQFF	1
CASSRDRGKNEQFF	1
CASSRDRDGIAKNIQYF	1
CASSREAGGLFF	1
CASSRMRGLTDTQYF	1
CASSRTSGSIPYNEQFF	1
CASSRTSGRLNEQFF	1
CASSRTWNEQFF	1
CASSRTPGTSYEQYF	1
CASSRTGSLYEQYF	1
CASSRRPAGEQYF	1
CASSRLSAGLAGYEQYF	1
CASSRQGLFIYYEQYF	1
CASSRQGAGGTGELFF	1
CASSRQRSGGRSNQPQHF	1
CASSRVAGGLNEQFF	1
CASSRAGYEQYF	1
CASSRGTSGSYEQYF	1
CASSRDRGYNEQFF	1
CASSRINEQFF	1
CASSRTSGYEQYF	1
CASSRTRRETNYGYTF	1
CASSRRDGGLYGYTF	1
CASSRNGLAAQETQYF	1
CASSRKGQNSYEQYF	1
CASSHSGHSNQPQHF	1
CASSHRVGGVTDTQYF	1
CASSHVRGPNTGELFF	1
CASSHGREYPYEQYF	1
CASSHDDTEAFF	1
CASSHDRGPADTQYF	1
CASSHTLGDEQFF	1
CASSHFLRQGDGGGSPLHF	1
CASSHWRTGELFF	1
CASSHLRAGRAETQYF	1
CASSHPLGGYTF	1
CASSHPWARETQYF	1
CASSHPGARDEQFF	1
CASSHPAGHNEQFF	1
CASSHAGAGTYNEQFF	1
CASSHREYNEQFF	1
CASSQRWHGEETQYF	1
CASSQASLGGELFF	1
CASSQAGDNTGELFF	1
CASSQGARELFF	1
CASSQGLVGEQYF	1
CASSQGQGPTGELFF	1
CASSQGAGQGAYEQYF	1
CASSQDGARGDTQYF	1
CASSQIGQAIETQYF	1
CASSQISGGADTQYF	1
CASSQINTGELFF	1
CASSQTVAREPQHF	1
CASSQSQASYEQYF	1
CASSQSTGQLETQYF	1
CASSQSRGGSTDTQYF	1
CASSQSSDRVHEQYF	1
CASSQSGAYNEQFF	1
CASSQSTGPPYNEQFF	1
CASSQSPYEQYF	1
CASSQYSGLAGGPRYEQFF	1
CASSQYTGVFDPLHF	1
CASSQLTGTSRSNEQFF	1
CASSQLFTSYNEQFF	1
CASSQPTSGDYEQYF	1
CASSQPPGETQYF	1
CASSQRANEQFF	1
CASSQQGGEQYF	1
CASSQQGGIGETQYF	1
CASSQQGRGGYTF	1
CASSQQTSTDTQYF	1
CASSQVFYEQYF	1
CASSQVRRSGTAYEQYF	1
CASSQVGYEQYF	1
CASSQVYSGISEQYF	1
CASSQAPSGSYEQYF	1
CASSQAHLFGEQYF	1
CASSQATSSDDYNEQFF	1
CASSQGGAASSYNSPLHF	1
CASSQGQGFFDEQFF	1
CASSQGTGQTQYF	1
CASSQGTGNLAKNIQYF	1
CASSQGYIWGQDTEAFF	1
CASSQGAGAYNEQFF	1
CASSQGAGDTDTQYF	1
CASSQDLRLADSYEQYF	1
CASSQDWAYSYEQYF	1
CASSQDYRASLYF	1
CASSQDLGTRPQHF	1
CASSQDLAGGEETQYF	1
CASSQDPLYTDTQYF	1
CASSQDVIKTQYF	1
CASSQDGQGGDEQYF	1
CASSQDGSGGAMETQYF	1
CASSQDLHNEQFF	1
CASSQDGVILIS	1
CASSQDEGGLPYEQYF	1
CASSQDRGHTDTQYF	1
CASSQELLTTDTQYF	1
CASSQESQANTEAFF	1
CASSQERTDSYEQYF	1
CASSQEGTRGTDTQYF	1
CASSQEVASGGLTDTQYF	1
CASSQEGGWAAEPQHF	1
CASSQEDPGPLSVYNEQFF	1
CASSQEELAGGYEQFF	1
CASSQEIGEQFF	1
CASSQMTLQDEQFF	1
CASSQIGSGDTEAFF	1
CASSQTGTVSTDTQYF	1
CASSQSGRVTDTQYF	1
CASSQRGTGNTGELFF	1
CASSQNLLETQYF	1
CASSVPSDRVWETQYF	1
CASSVGSRDRRDEQFF	1
CASSVEGVEQYF	1
CASSVIWARVCPEAKINQPQHF	1
CASSVWAAKNIQYF	1
CASSVGGGTYEQYF	1
CASSVTSGLQETQYF	1
CASSVYTGGYEQYF	1
CASSVLAGVYNEQFF	1
CASSVAPLPKYNEQFF	1
CASSVAVSYNEQFF	1
CASSVAGRRQETQYF	1
CASSVATGTYEQYF	1
CASSVAGFYQETQYF	1
CASSVAGPGTSMNTQYF	1
CASSVGSPTRSNEQFF	1
CASSVGSLAGGRDTQYF	1
CASSVGGNTGELFF	1
CASSVGGLAGLDNEQFF	1
CASSVGGGVEGYTF	1
CASSVGTGWSYEQYF	1
CASSVDAGTRYF	1
CASSVDGGQNYNEQFF	1
CASSVEPGGQETQYF	1
CASSVSSNLKPVTQYF	1
CASSVNTGGSEQFF	1
CASSVNTDTQYF	1
CASSVKFGGPPLHF	1
CASSAIPASGFF	1
CASSATGFGYNEQFF	1
CASSALGTRETQYF	1
CASSALERQETQYF	1
CASSAPGQGGQETQYF	1
CASSAGTAYEQYF	1
CASSAGTAYQETQYF	1
CASSAGGGLLTGEQYF	1
CASSALAEGADTQYF	1
CASSAGDRLWTGNTIYF	1
CASSAGWTSGSTDTQYF	1
CASSAGLATHEQFF	1
CASSADGNQPQHF	1
CASSAIQGDSSYEQYF	1
CASSATGAPYNEQFF	1
CASSATGAGTGELFF	1
CASSANFLAGGSGGNEQFF	1
CASSARTGMGYTF	1
CASSARQGANRNNQPQHF	1
CASSGSGGQETQYF	1
CASSGPSPNRGNSAVYEQYF	1
CASSGPPTSGTYEQYF	1
CASSGVGSYNSPLHF	1
CASSGVTATFEQYF	1
CASSGGRYSNQPQHF	1
CASSGLGSPLHF	1
CASSGRGGAGYNEQFF	1
CASSGGAEPYGYTF	1
CASSGIRDRGGYTF	1
CASSGRALAGGPELNEQFF	1
CASSGKIRLAASYNEQFF	1
CASSDPPGNTDTQYF	1
CASSDPSGGAVGTQYF	1
CASSDRDRVGTEAFF	1
CASSDQTGLSGNTIYF	1
CASSDGILYEQYF	1
CASSDSKEAGTLYEQYF	1
CASSEQGYSNQPQHF	1
CASSEAGTSGINTGELFF	1
CASSEGDSISYEQYF	1
CASSEERGALNNEQFF	1
CASSETTAGDYEQFF	1
CASSELGYTF	1
CASSEQGGTYNEQFF	1
CASSILVLLNTGELFF	1
CASSILAGGPADTQYF	1
CASSIGTSGNNEQFF	1
CASSIPQGGDQPQHF	1
CASSIHTGELFF	1
CASSIGTSVNEQFF	1
CASSIATGPGTSGTVQDEQYF	1
CASSIGQGSTGELFF	1
CASSITDSYEQYF	1
CASSTSGTPTYEQYF	1
CASSTYNEQFF	1
CASSTTTYEQYF	1
CASSTRTGERETQYF	1
CASSTNLGRNTEAFF	1
CASSTRTSGRVQDTQYF	1
CASSTRDSTGDTQYF	1
CASSTQGPTDTQYF	1
CASSTGQDYNSPLHF	1
CASSTMGVSYEQYF	1
CASSTIQRTGGGYGYTF	1
CASSTDRGNTIYF	1
CASSTTSGHYNEQFF	1
CASSTRTYEQYF	1
CASSTRNDRATGELFF	1
CASSTGVGQFF	1
CASSTGGFNYGYTF	1
CASSTGTTGELFF	1
CASSTMGETQYF	1
CASSTTGQGEAFF	1
CASSSVAGPYNEQFF	1
CASSRRQAEQFF	1
CASSRVGGAHNEQYF	1
CASSRVREQFF	1
CASSRGYLTDTQYF	1
CASSRGLTYEQYF	1
CASSRDRGRETQYF	1
CASSRTSGTYEQYF	1
CASSRTGGAGNTIYF	1
CASSRSEGLGEQYF	1
CASSRQGAYGGYTF	1
CASSRQGSSYEQYF	1
CASSNAGTGIYEQYF	1
CASSNSYGYTF	1
CASSNLNRDLTFRGYGYTF	1
CASSNPSGLAGGSGHNEQFF	1
CASSNTDTQYF	1
CASSKRSKTTHREDDYGYTF	1
CASSKGLDDEQFF	1
CASSKGELGEKLFF	1
CASSKQGLRQNSPLHF	1
CASSKVGSGTGTYEQYF	1
CASSKVAGDSKNIQYF	1
CASSKAPKGENTEAFF	1
CASSKEASGGIRDGTDTQYF	1
CASSKEAGGYEQYF	1
CASRLRPGDRYTEAFF	1
CASRSFVASTDTQYF	1
CASRSLAAYNEQFF	1
CASRSGSSTDTQYF	1
CASRSTGYEQYF	1
CASRYRGRYEQYF	1
CASRLASGLIETQYF	1
CASRLRAGGHNEQFF	1
CASRPWGLAGTYEQYF	1
CASRPLWRTGGYNEQFF	1
CASRPTYNEQFF	1
CASRPSWGNQETQYF	1
CASRPRGQSTSTDTQYF	1
CASRRSGNNEQFF	1
CASRRQGTNYGYTF	1
CASRRGLGEKLFF	1
CASRQAGEETQYF	1
CASRVGVEQFF	1
CASRALGVSYIQYF	1
CASRARVYQETQYF	1
CASRASASNQPQHF	1
CASRAAANTGELFF	1
CASRAGRNSPLHF	1
CASRGYGETQYF	1
CASRGLAGPQHF	1
CASRGLSNTGELFF	1
CASRGQGPYEQYF	1
CASRGGGREADV	1
CASRGTEGRDTGELFF	1
CASRDGNTDTQYF	1
CASRERGLQETQYF	1
CASREGDAETQYF	1
CASRETGPNQPQHF	1
CASRERTGVVGEKLFF	1
CASRIQGGSTEAFF	1
CASRTGAGPFVYEQYF	1
CASRTPISYEQYF	1
CASRTGRSTDTQYF	1
CASRTGTSGRGELFF	1
CASRRGAGELFF	1
CASRRQLLETQYF	1
CASRNYEQYF	1
CASRNRGQGSVYTGELFF	1
CASRFSGRALLEQFF	1
CASRLGAGSTKFSYNEQFF	1
CASRSNGASSYNEQFF	1
CASRLGETQYF	1
CASRLQGAGSEAFF	1
CASRLGTGAWEQYF	1
CASRLIGTGPNTEAFF	1
CASRLASYEQYF	1
CASRPGTGFEAFF	1
CASRPILRGSGELFF	1
CASRPGQGAPREQFF	1
CASRPDPRETQYF	1
CASRRGQQVNQPQHF	1
CASRRKLDSNYNEQFF	1
CASRRQGAGETQYF	1
CASRATGYSNQPQHF	1
CASRATGQETQYF	1
CASRGIGGRGDTQYF	1
CASRGSPGLAGSMLAGELFF	1
CASRGLAGVTDTQYF	1
CASRGREGAFF	1
CASRDYNEQFF	1
CASREGLAGVF	1
CASREENTEAFF	1
CASRETGEGIQPQHF	1
CASRINSRRDWDLETQYF	1
CASRTSGGIYNEQFF	1
CASRTRQGGELFF	1
CASRRGTGLDTEAFF	1
CASRRTSGATDTQYF	1
CASRRNAGTGPVEQYF	1
CASRKGLAGISGELFF	1
CASRKRTSGEYEQYF	1
CASRKAGAGDTQYF	1
CASNRATDNEQFF	1
CASNFPGQGGEYSNQPQHF	1
CASNWDRSTDTQYF	1
CASNYGLVKHEQFF	1
CASNLFPALDTDTQYF	1
CASNVGETDTQYF	1
CASNALSNQPQHF	1
CASNGGAHGTDTQYF	1
CASNGGNEQFF	1
CASNDSTSTDTQYF	1
CASNTYRVWTYEQYF	1
CASKRESNNEQFF	1
CASKRPGPWGSTDTQYF	1
CASKAFITDTQYF	1
CASKAPGANTGELFF	1
CASKARGNQPQHF	1
CASKPGTGPYNEQFF	1
CASKRSGSLYEQYF	1
CASKGGAGETQYF	1
CASKGVGSRNQPQHF	1
CASKTGPNTEAFF	1
CASKTGYYGYTF	1
CARASGNTGELFF	1
CANAQGKNYGYTF	1
CAVTENYGYTF	1
CATPGGDGLTDTQYF	1
CGSGATQYF	1
CSSRGYSNQPQHF	1
CASSTNTGAPYNEQFF	1
CALSGGRRYEQYF	1
CAIRAGPTYNEQFF	1
CATETPYYEQYF	1
CATSRMGFINYGYTF	1
CATTRSPAAKNIQYF	1
CASSRDWVYEQYF	1
CASSKQGADKNIQYF	1
CASQGTVSTDTQYF	1
CASSWTGGSYEQYF	1
CASLEGTGTYEQYF	1
CASSEDGNTGELFF	1
CASCEGTSDNEQFF	1
CASRPDSGLDTQYF	1
CASRSGGEGLGEQYF	1
CASRISGSRDEQYF	1
CASRNRVGELFF	1
CASQGYNEQFF	1
CASQLAGSSYEQYF	1
CASVKGPQNTEAFF	1
CASVPGTFRDTQYF	1
CASAFSGQVYF	1
CASGFQGGNEQFF	1
CASGRQAERAEQFF	1
CASGPSATYNEQFF	1
CASGATWLETQYF	1
CASDPGQGAFGYTF	1
CASEKGGSTDTQYF	1
CASILLAGGPHEQFF	1
CASIDDDSGELFF	1
CASIPGTGNNEQFF	1
CASTDNSHTQYF	1
CASTKMGQNQPQHF	1
CASTSAYPYEQYF	1
CASTPSPGNYGYTF	1
CASTPPGRQDTQYF	1
CASTPDDFDSYNEQFF	1
CASTPSPGNPYEQYF	1
CASTPATNTGELFF	1
CASTRRELSGELFF	1
CASTVSGNNEQFF	1
CASTVESYNEQFF	1
CASTVQDTQYF	1
CASTGQGRTNEKLFF	1
CASSSRGGPSYEQYF	1
CASSSGGGADNYGYTF	1
CASSSNNEQFF	1
CASSSMEDSEQYF	1
CASSYGQGGYTF	1
CASSLLRSTDTQYF	1
CASSPTSIVIANEQFF	1
CASSPGTSAYNEQFF	1
CASSPGSGTYNEQFF	1
CASSPGHYNQPQHF	1
CASSPSGIDSYNEQFF	1
CASSRGTGDQPQHF	1
CASSRCGQYF	1
CASSREGNSEQYF	1
CASSHFSGGTDTQYF	1
CASSQSGSLLYEQYF	1
CASSQSSTTPGSHYNEQFF	1
CASSGYSVGTSGSSEQYF	1
CASSGVGQGGNEQFF	1
CASSDWRGGQDEQFF	1
CASSDSDTDTQYF	1
CASSESAGLTQYF	1
CASSESIGSNKDTQYF	1
CASSEWREGIRNEQFF	1
CASSEYLAGTYEQYF	1
CASSEGYEQYF	1
CASSEGASTDTQYF	1
CASSIGYNEQFF	1
CASSKNIAGGYDTQYF	1
CASSFSPLAPKPTYEQYF	1
CASSFSGLPYEQYF	1
CASSFRLADTQYF	1
CASSFQRGYNEQFF	1
CASSFVSSPYNSPLHF	1
CASSFVEDAPNNEQFF	1
CASSFGGNEQYF	1
CASSFGTSTGELFF	1
CASSFDQQRQYF	1
CASSFEMNTEAFF	1
CASSFTSSYNEQFF	1
CASSFKGGPNEQFF	1
CASSFLGDKNTGELFF	1
CASSFSGEPDTQYF	1
CASSFSEVRTDTQYF	1
CASSFYDRDVNEQFF	1
CASSFPDRKSFDYNEQFF	1
CASSFRDRAYEQYF	1
CASSFRSGELFF	1
CASSFGSNQPQHF	1
CASSFGLNEQFF	1
CASSFGGVNEQFF	1
CASSFDGLVVSHEQYF	1
CASSFDRGDADTQYF	1
CASSFTGFRSNSPLHF	1
CASSFSGMDGELFF	1
CASSFRLATYTDTQYF	1
CASSFRLAGLIYTGELFF	1
CASSLLPGASYEQYF	1
CASSLLGPGYEQYF	1
CASSLSGGNTGELFF	1
CASSLSENRPYVSYNSPLHF	1
CASSLSPKTTNEKLFF	1
CASSLSTGPAGELFF	1
CASSLWWGSHEQYF	1
CASSLWGSSSQYF	1
CASSLWDYPLEQYF	1
CASSLYGGSGTEAFF	1
CASSLYGTGRNTGELFF	1
CASSLYSDNTGELFF	1
CASSLYGPDTQYF	1
CASSLRRGREGGPDNEQFF	1
CASSLRGPTEAFF	1
CASSLRTSYEQYF	1
CASSLHPESRGSPLHF	1
CASSLQADSSEQYF	1
CASSLQGDGGYTF	1
CASSLQANEQFF	1
CASSLVLAGGHEQFF	1
CASSLVYRARRQFF	1
CASSLVRQVYNEQFF	1
CASSLVAGADTQYF	1
CASSLVYGDYGYTF	1
CASSLVPGTELSYEQYF	1
CASSLVAGPYGYTF	1
CASSLVGDSQPQHF	1
CASSLVGRLAKNIQYF	1
CASSLVGSGNEQFF	1
CASSLVFRRRPHTQYF	1
CASSLVPQAGNNEQFF	1
CASSLVRRGDSYNEQFF	1
CASSLVRGTVNTGELFF	1
CASSLVQSANTGELFF	1
CASSLVGADTGELFF	1
CASSLVIGGPFNEQFF	1
CASSLVRLDNEQFF	1
CASSLALSGSGNTIYF	1
CASSLATKNEKLFF	1
CASSLALAHRDTQYF	1
CASSLARYGSPLHF	1
CASSLAQRRQFF	1
CASSLAGAGQFF	1
CASSLAGGLYEQYF	1
CASSLARVIGDTQYF	1
CASSLAPSGAPGEQYF	1
CASSLAAGEVYEQYF	1
CASSLAAGGVPDTQYF	1
CASSLAGLAGDIVRF	1
CASSLATDTQYF	1
CASSLAGDQPQHF	1
CASSLAGAYEQYF	1
CASSLGLWEEDADTQYF	1
CASSLGRSPGDTGELFF	1
CASSLGQGSYNEQFF	1
CASSLGGGSEQYF	1
CASSLGRGGQPQHF	1
CASSLGGTYEQYF	1
CASSLGGNSARTDTQYF	1
CASSLGGLRSYNEQFF	1
CASSLGGQGASRGYTF	1
CASSLGLRGSTGELFF	1
CASSLGREVDTGELFF	1
CASSLGGRVDSARGYTF	1
CASSLGGDTQYF	1
CASSLGTQGDGYTF	1
CASSLGTRTSGTDTQYF	1
CASSLGFNTGELFF	1
CASSLGLATDTQYF	1
CASSLGHDEQYF	1
CASSLGQGYYEQYF	1
CASSLGGGGYNEQFF	1
CASSLGRGPGYNEQFF	1
CASSLDPGAGGELFF	1
CASSLDPGGGYEQYF	1
CASSLDRLSSFGYTF	1
CASSLDAAYEQYF	1
CASSLDGHGQPQHF	1
CASSLDPSSNNEQFF	1
CASSLDARGATGELFF	1
CASSLDGTGELFF	1
CASSLDRRSYEQYF	1
CASSLESYGSLSYEQYF	1
CASSLELGEQYF	1
CASSLEPGGHQPQHF	1
CASSLEGRNYEQYF	1
CASSLEGGGYTEAFF	1
CASSLEDTQYF	1
CASSLEMVSYSYEQYF	1
CASSLEGGEQYF	1
CASSLTTSGGAGELFF	1
CASSLSGSLLYGYTF	1
CASSLRPGTDNTGELFF	1
CASSLNSNQPQHF	1
CASSLNYNQGSPLHF	1
CASSLNRQVVGGTEAFF	1
CASSLKSGREHEQYF	1
CASSLKPDRGGTGELFF	1
CASSLLGGGAYEQYF	1
CASSLSDTYTDTQYF	1
CASSLWPSGTSGNTIYF	1
CASSLWGLSSYNEQFF	1
CASSLLSGGHIYNEQFF	1
CASSLPGLAGGYNEQFF	1
CASSLHWDEQFF	1
CASSLQGPFYEQYF	1
CASSLGLAGPSSTDTQYF	1
CASSLGTSGDTQYF	1
CASSLDSTDTQYF	1
CASSLDRVGGYTF	1
CASSLEGATGTSGDEQFF	1
CASSLNQVDPLYGYTF	1
CASSSWQTGELFF	1
CASSSGSSTDTQYF	1
CASSSDKRQAWGEQYF	1
CASSSTLRSGGLSYEQYF	1
CASSSNQGSGEQYF	1
CASSSSGTSATGELFF	1
CASSSSGREQYF	1
CASSSLAGELFF	1
CASSSPWSRGFYRSYEQYF	1
CASSSPADTQYF	1
CASSSPGGSTDTQYF	1
CASSSRPGNEQFF	1
CASSSQRDHEQYF	1
CASSSQQDTGELFF	1
CASSSQKITGDTEAFF	1
CASSSGGWGEQYF	1
CASSSGTSGFYEQYF	1
CASSSGTNNEQFF	1
CASSSGTGGTGELFF	1
CASSSSGTPFF	1
CASSSPQQGARTGELFF	1
CASSSRYTGVFGELFF	1
CASSSPDRGVYEQYF	1
CASSSTGSYEQYF	1
CASSWLAGETGELFF	1
CASSWPTWDRQYEQYF	1
CASSWGQGYEQYF	1
CASSWTGSNTGELFF	1
CASSYPQGGGLREQFF	1
CASSYTSYEQYF	1
CASSYLTGEDTQYF	1
CASSYPIAGGTYNEQFF	1
CASSYAGNTEAFF	1
CASSLRKMSWDRANTGELFF	1
CASSLGGGPINEQFF	1
CASSLGLDSTDTQYF	1
CASSLTSGQETQYF	1
CASSLPGQSEQFF	1
CASSLRSADTQYF	1
CASSLGTNVLTDTQYF	1
CASSLGQGNLYEKLFF	1
CASSLGQIYEQYF	1
CASSLIPSVNTEAFF	1
CASSLMTEGYEQYF	1
CASSLRDYQETQYF	1
CASSLNSYSTDTQYF	1
CASSLGLAVAEQFF	1
CASSLGQGAPREGELFF	1
CASSLLGGTELSYEQYF	1
CASSLSPSGRTDTQYF	1
CASSLAGGPDTQYF	1
CASSLGSNQPQHF	1
CASSLDRGMRSYNEQFF	1
CASSPWTSGVSSTDTQYF	1
CASSPPYGGHAGDGYTF	1
CASSPRRDNYEQYF	1
CASSPRTGAFSGNTIYF	1
CASSPRTNANTGELFF	1
CASSPGGTGPYEQYF	1
CASSPGGNGELFF	1
CASSPDPGTTGNEQFF	1
CASSPEYEQYF	1
CASSPTKMGLAGVSDTQYF	1
CASSPFWGGRWDTQYF	1
CASSPSTLAKNIQYF	1
CASSPLGRLVADTQYF	1
CASSPPGRDGYGYTF	1
CASSPPAGGLITDTQYF	1
CASSPRRRGVNTDTQYF	1
CASSPRGLAGMNEQFF	1
CASSPRSYNEQFF	1
CASSPRGGPYEQYF	1
CASSPQNEKLFF	1
CASSPGADEQFF	1
CASSPGQGWTFF	1
CASSPDRLTGELFF	1
CASSPSDSYYGYTF	1
CASSPLVSRADTQYF	1
CASSPPGGSYNEQFF	1
CASSPARGQLAWNEQFF	1
CASSPAEGLAYNEQFF	1
CASSPGDRDNEQFF	1
CASSPGRGHTDTQYF	1
CASSPTAPRPLHF	1
CASSPTGNTGELFF	1
CASSPKLEGLGLAGGRNEQFF	1
CASSPSGQSREQYF	1
CASSPVFGTSGGDEQFF	1
CASSPVRGTSGRGELFF	1
CASSPARGFNYGYTF	1
CASSPSAGSDTQYF	1
CASSPKGSRSLNNEQFF	1
CASSRLPGTVQETQYF	1
CASSRLSTAYNEQFF	1
CASSRPGTAYGYTF	1
CASSRQTGATEAFF	1
CASSRTLDSYNEQFF	1
CASSRTQYEQYF	1
CASSRAGVGNEQFF	1
CASSRGSGGATGELFF	1
CASSRGSSYEQYF	1
CASSRGSYEQYF	1
CASSRDSPVNQPQHF	1
CASSRDRGHEQYF	1
CASSRIGTGFFEQYF	1
CASSRTGVGQETQYF	1
CASSRPTSSYNEQFF	1
CASSRRTGTPTGNEQFF	1
CASSRGTGDNQQFF	1
CASSRTKLAGVTDTQYF	1
CASSHLADTDTQYF	1
CASSHRGLSKRGSSYNEQFF	1
CASSHGRGLREDSYEQYF	1
CASSHGQGSTYEQYF	1
CASSHNTGTAFLTYEQYF	1
CASSHYNEQFF	1
CASSHPLSGYNSPLHF	1
CASSHQDIAGGTYEQYF	1
CASSHTRDRGKVTQYF	1
CASSHNPLGGGGPNYNEQFF	1
CASSQSGTGALEQYF	1
CASSQGGGAQDTQYF	1
CASSQGGGRRGEQYF	1
CASSQGRLAAYEQYF	1
CASSQTPARTGDYEQYF	1
CASSQLQRGGKYEQYF	1
CASSQLETQYF	1
CASSQLQGGIEQFF	1
CASSQVSRTTYEQYF	1
CASSQVSGSDEQYF	1
CASSQVRTGTGDNYGYTF	1
CASSQVGTSGYNEQFF	1
CASSQVSGGNYGYTF	1
CASSQVTDTQYF	1
CASSQVNPRGLSTDTQYF	1
CASSQARDYSTDTQYF	1
CASSQARLAGGPYQETQYF	1
CASSQARNLQGGGEYF	1
CASSQAQDISGRLYEQYF	1
CASSQAQQGNIQYF	1
CASSQAGTSGAYEQYF	1
CASSQAVGYSYEQYF	1
CASSQATGVGGYTF	1
CASSQGPSDEQYF	1
CASSQGLMLAAENEQFF	1
CASSQGRARSSYNEQFF	1
CASSQGSVAYNEQFF	1
CASSQGRVEFF	1
CASSQGTERGTYEQYF	1
CASSQGSSPSTDTQYF	1
CASSQGFALGRSKKIEQYF	1
CASSQGLAPRSDEQFF	1
CASSQGAGGLYNEQFF	1
CASSQGIWGTGELFF	1
CASSQDFRTSGTISYNEQFF	1
CASSQDLGGALNYGYTF	1
CASSQDLGVQSEFF	1
CASSQDSRGQETQYF	1
CASSQDWVAGFSYNEQFF	1
CASSQDYNEQFF	1
CASSQDLQGTINIQYF	1
CASSQDLGRGLTDTQYF	1
CASSQDQDPSGGTGELFF	1
CASSQDQTFLAGGGTDTQYF	1
CASSQDQLETYEQYF	1
CASSQDEGTNYEQYF	1
CASSQDEGLDEQFF	1
CASSQDINRDPYEQYF	1
CASSQDTRLAESYEQYF	1
CASSQDPNQPQHF	1
CASSQDRKVGYEQYF	1
CASSQDDTVQETQYF	1
CASSQDRSYSYEQYF	1
CASSQEWGNNQPQHF	1
CASSQEVSAASSSYEQYF	1
CASSQEVKPEAETQYF	1
CASSQEALGTANNSPLHF	1
CASSQEEGQVYNEQFF	1
CASSQETRRGVQGTDTQYF	1
CASSQEYRRGMAGELFF	1
CASSQEGTGAYEQYF	1
CASSQEGGGGAEETQYF	1
CASSQEGTTHYEQYF	1
CASSQEEDSAYEQYF	1
CASSQIGQKETQYF	1
CASSQTHRARGGDSGGGEQFF	1
CASSQTGQGTYEQYF	1
CASSQTPGVGNQPQHF	1
CASSQRLAGDEKTQYF	1
CASSVLQGGTYEQYF	1
CASSVGIGLEDNEQFF	1
CASSVGLAGYEQYF	1
CASSVETGGTVYEQYF	1
CASSAGLAGVIDTQYF	1
CASSATSKNIQYF	1
CASSAQLAGAADTQYF	1
CASSAGSYEQYF	1
CASSAEGLASTDTQYF	1
CASSAPGLGTYEQYF	1
CASSAGLAGVDTQYF	1
CASSAPGGRSTEAFF	1
CASSGLGEGGANTGELFF	1
CASSGQIGSMTHEQFF	1
CASSGLGRNEQFF	1
CASSGPSGELFF	1
CASSGVTRDRDEQYF	1
CASSGGGNQPQHF	1
CASSGTAASPLHF	1
CASSGTGVTGELFF	1
CASSGTGFANTGELFF	1
CASSGQGIDGYTF	1
CASSGEGALEQFF	1
CASSGKLRADEQFF	1
CASSDSGGASEQFF	1
CASSDGSYEQYF	1
CASSEGASWLDTQYF	1
CASSEIGRRPYEQYF	1
CASSERVSEKLFF	1
CASSEGRYSSYEQYF	1
CASSERPRTVQGSDTQYF	1
CASSILAGGGGEQYF	1
CASSIVQGYEQYF	1
CASSMLLGGNEQFF	1
CASSMGWTGNTGELFF	1
CASSTVRQGRRTGELFF	1
CASSTGDRGRIDTQYF	1
CASSTTGGSYEQYF	1
CASSTNQGAPDTQYF	1
CASSTLPRGGSYEQYF	1
CASSTRFLAGGGVTQYF	1
CASSTTVLVKNIQYF	1
CASSSGQGRYIQYF	1
CASSSIAGTYNEQFF	1
CASSRGQGLAEAFF	1
CASSRQGISTDTQYF	1
CASSRGTSGGSTDTQYF	1
CASSNRNTDTQYF	1
CASRSKKRGLAGVLHPQETQYF	1
CASRLGSTSPDTQYF	1
CASRPEGGAASYNEQFF	1
CASRHHPGTGGNEQFF	1
CASRVGGSLGEPQHF	1
CASRVKGENIQYF	1
CASRMQLANTGELFF	1
CASRSQGSNTGELFF	1
CASRKGPTRGYTF	1
CASRLTGGKYEQYF	1
CASRSRTGGNEQYF	1
CASRSAWGGSENTGELFF	1
CASRYDTGELFF	1
CASRPGLGSSEQFF	1
CASRPSSGTAYEQYF	1
CASRQRTSYEQYS	1
CASRQGQLNTDTQYF	1
CASREGEDYEQYF	1
CASRTGTSGTDTQYF	1
CASRSQAEDTDTQYF	1
CASRSELAYEQYF	1
CASRRLAGGSTDTQYF	1
CASNPGGGFDYGYTF	1
CASKHQVDREDEKLFF	1
CASKVAGFPRETQYF	1
CASKLTSGVWFNEQFF	1
CASKVLPNTGELFF	1
CASKESGGPPYEQYF	1
CARPGQFNTGELFF	1
CIGQGNTGELFF	1
CSSGTGSDTQYF	1
CSSTLQGGETQYF	1
CSPLGTGPSYNEQFF	1
CSPGVLTTGELFF	1
CSVVRGTDTQYF	1
CSVRDLAGNDRNEQFF	1
CSVRPVAYEQYF	1
CSVLSGNKNTGELFF	1
CSVRLAGVGFEADTQYF	1
CSAFRPGQGSIQETQYF	1
CSASVSNEQFF	1
CSASGLNRRSLYNEQFF	1
CSASSVLNSYNEQFF	1
CSAWGPLQDTQYF	1
CSAWGTGGLSQNHF	1
CSAYPRRGAAYGYTF	1
CSAYRGETQYF	1
CSALRGQGPPEQETQYF	1
CSAPLAPENTGELFF	1
CSAPGTSGFNEQFF	1
CSAPPVGQSYEQYF	1
CSAPPALTGAGDTQYF	1
CSARGAASYNEQFF	1
CSARDGGTGNTGELFF	1
CSARQGALGNEQFF	1
CSARGLAGGKDEQFF	1
CSARGTGELFF	1
CSAHGTSGRINEQFF	1
CSAAPGQDGYTF	1
CSAATSDEQYF	1
CSAALARSYNEQFF	1
CSAAGVNEKLFF	1
CSAASGSIYEQYF	1
CSAGRVAASTDTQYF	1
CSAGGRSLIYSNQPQHF	1
CSAGSSGSYEQYF	1
CSAEAGLYQETQYF	1
CSAILASGTDTQYF	1
CSAIAATYEQYF	1
CSAMRNPVAGVDGEQFF	1
CSAMQQTQGTQYF	1
CSAMSSYEQYF	1
CSAMKGINQPQHF	1
CSAIGTLTYEQYF	1
CSATPKETQYF	1
CSATGRVTDTQYF	1
CSATWGGALNQPQHF	1
CSATPKETQYF	1
CSATGQKVEAFF	1
CSATERTSGNNEQFF	1
CSATKDGTSQETQYF	1
CSASFSTRRTYGFF	1
CSASLAGATERGELFF	1
CSASRDSQWF	1
CSASRDRGYEQYF	1
CSASRIQGAWRNTQYF	1
CSASQQGRRWTDTQYF	1
CSASVGSSGKNTQYF	1
CSASAWNEQFF	1
CSASASGWPTDTQYF	1
CSASGGNTEAFF	1
CSASGTVINTGELFF	1
CSASIGGETQYF	1
CSASIGQSYEQYF	1
CSASRGTSGINTGELFF	1
CSASRNEQFF	1
CSASLLRGFSYNEQFF	1
CSASPPGRTGLYF	1
CSASPAGGHPGTQYF	1
CSASPGTSGGEETQYF	1
CSASRAGGGEKLFF	1
CSASQGEKYFNEQFF	1
CSASQTSYEQYF	1
CSASATWGDEQFF	1
CSASGTRGRAIDEQFF	1
CSASDAGSQETQYF	1
CSASEPARETQYF	1
CSARSPPMAGQETQYF	1
CSARSRGHGLHTQYF	1
CSARSTGVAAEQYF	1
CSARPPSGTLNEQFF	1
CSARPDGWGTASYEQYF	1
CSARRERSYNEQFF	1
CSARVPGLYNEQFF	1
CSARGATNRYEQYF	1
CSARGVAGGYNEQFF	1
CSARGGRSSYNEQFF	1
CSARGESDTGELFF	1
CSARGTHSNQPQHF	1
CSARGQGNYEQYF	1
CSARDGKTQYF	1
CSARTGETQYF	1
CSARSGLAGTETQYF	1
CSARSNLPGELFF	1
CSARFLGGDTQYF	1
CSARSRTGNTEAFF	1
CSARSRPNQPQHF	1
CSARWGLAGAFTYEQYF	1
CSARQLGRGNQPQHF	1
CSARQNPSTDTQYF	1
CSARVNRGLYNEQFF	1
CSARVGGSGTYEQYF	1
CSARVGGLGEQFF	1
CSARVLGREEDTGELFF	1
CSARVRPHSYNEQFF	1
CSARALAGVSGETQYF	1
CSARAPRRWELFF	1
CSARAGGAETQYF	1
CSARADGVTKETQYF	1
CSARGLAGADSTDTQYF	1
CSARGSYNEQFF	1
CSARGPTGDEQYF	1
CSARGVENTGELFF	1
CSARGNEKLFF	1
CSARGVSVSYNEQFF	1
CSARDLESYEQYF	1
CSARDLGGADYGYTF	1
CSARDPRGSSTDTQYF	1
CSARDPGTGISYEQYF	1
CSARDPLGQETQYF	1
CSARDRDRGGVGGYTF	1
CSARDRARGRDNEQFF	1
CSARDRTGGFYEQYF	1
CSARDRQRSYEQYF	1
CSARDRETQYF	1
CSARDHRPGNQPQHF	1
CSARDQDRLDYEQYF	1
CSARDQGHEQFF	1
CSARDGSLGGNSPLHF	1
CSARDGRDTGELFF	1
CSARDDPPKTGWSTEAFF	1
CSARDEREGGETQYF	1
CSARDESQTSGRGNEQFF	1
CSARDELAGLPYEQYF	1
CSARDIVASRGYTGELFF	1
CSARDSLNNEQFF	1
CSARDRQFNTGELFF	1
CSARDRARIHEQYF	1
CSARDQKGASYEQYF	1
CSARDGGPYEQYF	1
CSARDGRAVYNEQFF	1
CSARDGQAGEKLFF	1
CSAREYRGITGELFF	1
CSAREPGGESQPQHF	1
CSAREPGTFSYEQYF	1
CSAREARGYSTDTQYF	1
CSAREADWLGEQYF	1
CSAREGVGELFF	1
CSAREDSNEQFF	1
CSAREALADHYEQYF	1
CSARILLGQENSPLHF	1
CSARMTYEQYF	1
CSARTGTSGSYEQYF	1
CSARNPSMGGQTQYF	1
CSARKRVPSYEQYF	1
CSANRLQSYEQYF	1
CSANLAGGYEQFF	1
CSANQILGGSSYNEQFF	1
CSAKRQGMVGETQYF	1
CSAKTGTSGGAEQFF	1
CSAFQRHYLYNEQFF	1
CSALGTGGPYSNQPQHF	1
CSALGQGNYEQYF	1
CSALELSGGYVETQYF	1
CSAPAYNEQFF	1
CSAPGQGTHEQFF	1
CSAPGTGRIGSSYNEQFF	1
CSARPRGYGYTF	1
CSARRAGGAKYGELFF	1
CSARPGQGAADTQYF	1
CSAQGLRSSYEQYF	1
CSAEGAANTDTQYF	1
CSAIGTDIFYEQYF	1
CSAMASGVGEQYF	1
CSATPAQGAYTGELFF	1
CSASGSGTSSSYEQYF	1
CSARPASGGIDEQFF	1
CSARLVDTQYF	1
CSARPGLGANIQYF	1
CSANGQGADKNIQYF	1
CSAKTSGRPFYYEQYF	1
CSAPIPETQYF	1
CSAAGTWGREQYF	1
CSAAGGRAHGQFF	1
CSARQSANTGELFF	1
CSARRGTSPTDTQYF	1
CSAKIPGHQGETQYF	1
CSAALAGGRRTGELFF	1
CSAAHYEQYF	1
CSAANLF	1
CSAGPVSNQPQHF	1
CSAGGPDPSVYNEQFF	1
CSATGTINTGELFF	1
CSGKGDRTNYEAFF	1
CSGEALRYNEQFF	1
CSGRVQETQYF	1
CSEIRGRTSYEQYF	1
CSTGGGPSYNEQFF	1
CSPRTSGEETHYF	1
CSPHIGGDNEQFF	1
CSVLTLSLSTEAFF	1
CSVCPEPETQYF	1
CSVPSGTSYNEQFF	1
CSVVYGDTQYF	1
CSVVASSYEQYF	1
CSVVGGPGELFF	1
CSVVSSGIYNEQFF	1
CSVVRAQVGEQYF	1
CSVASSGVNEQFF	1
CSVAPGIGELFF	1
CSVALDRGRETQYF	1
CSVARDRDFEQYF	1
CSVAGDTKKETQYF	1
CSVALGTEVFHEQYF	1
CSVAIPGGPYEQYF	1
CSVAGTHEQYF	1
CSVGGGTDTQYF	1
CSVGTGDGDTQYF	1
CSVGPGGNEQYF	1
CSVGPGYNEQFF	1
CSVGLGSDEQYF	1
CSVGLERGVQETQYF	1
CSVGPQIGNNEQFF	1
CSVGVWERSSYEQYF	1
CSVGGGNEQYF	1
CSVGEFLAGGPGEQYF	1
CSVGTGRGTETQYF	1
CSVGTGVYNEQFF	1
CSVGTGGTDTQYF	1
CSVGRGANTGELFF	1
CSVDSVLRYEQFF	1
CSVDEGGYTEAFF	1
CSVDTHRTSGSWNEQFF	1
CSVDPPGGDTGELFF	1
CSVDPGNEKLFF	1
CSVDAQETQYF	1
CSVDGLRGNYNEQFF	1
CSVDEQYF	1
CSVESWGGHPDTQYF	1
CSVELGLAGINNEQFF	1
CSVEWGWGTQYF	1
CSVEPDRVETQYF	1
CSVEVRTYEQYF	1
CSVEVGSVGTDPYEQYF	1
CSVEGTPETQYF	1
CSVEGLSTDTQYF	1
CSVEGLAGAPYNEQFF	1
CSVEDWGAGVMNTEAFF	1
CSVEDPLAQGQGGYTF	1
CSVEDPKAGGLVGHNEQFF	1
CSVEDRLAVAYNEQFF	1
CSVEDHSGGFYNEQFF	1
CSVEDPISTPYEQYF	1
CSVEEQPSYEQYF	1
CSVEEGYEQYF	1
CSVETGGEIYEQYF	1
CSVEKESDTQYF	1
CSVEKGVGNTEAFF	1
CSVIPTGFTGETQYF	1
CSVRAGGTDTQYF	1
CSVSILAGAFRGSYNEQFF	1
CSVLYSYEQYF	1
CSVHGLAGYNEQFF	1
CSVALQGYETQYF	1
CSVARSRTDTGELFF	1
CSVDPQGGETQYF	1
CSVEQEGGPVDTQYF	1
CSVIYRNEQFF	1
CSVWQSGRASYEQYF	1
CSVRGTSGSPNEQFF	1
CSVAQITDTQYF	1
CSVGGRNTDTQYF	1
CSVGVNRVLEETQYF	1
CSVGTVYNEQFF	1
CSVEGTDSPEQYF	1
CSVFPHPQGAPYNEQFF	1
CSVVPRTGNTF	1
CSVTKNWWNTGELFF	1
CSALKSSYNEQFF	1
CSARDRAEETQYF	1
CSAYRRDQYNEQFF	1
CSALLPDYNEQFF	1
CSAPTGGETQYF	1
CSARWGLNEQFF	1
CSAETGASSYEQYF	1
CSGGPAVYEQYF	1
CSGWKETQYF	1
CSGRTGLGYYGYTF	1
CSGKNLSLGNEQFF	1
CRARRSYNEQFF	1
CKTPDSKTYEQYF	1
RASTPHITGATATNEKLFF	1
RASSLPPGVAGSYEQFF	1
RASSLVQETRTGTQYF	1
RASSSTLAGGPPNEQFF	1
RASSSSGGADTQYF	1
RASSRTGIGPNYEQYF	1
RASSASSGGETQYF	1
RASSRNPSRGGGVGTSTDTQYF	1
RASSNPGQPKPSYNEQFF	1
CASRDGTGARQFF	3
CATGKLPNQGGRDEQFF	2
CASSWGQGDTDTQYF	2
CASSYIGTGNRVQYF	2
CASSPDLAEINTGELFF	2
CASSERGGADEQYF	2
CASSEQPVGQGISYEQYF	2
CASSLLEGGINEQFF	2
CASSLGGTFNEQFF	2
CASSSLVQNTGELFF	2
CASSQANGREQFF	2
CASIPGVRAGNEQFF	2
CASSLAPGLDQETQYF	2
CASSLGQGRNTQYF	2
CASSLGGNNEQFF	2
CSARDFRAAQETQYF	2
FASSEASADEQYF	1
CATVWGYEQYF	1
CASGLAGEGLVSWTGELFF	1
CASSLGHTDTQYF	1
CASSLNRDYEQFF	1
CASSLDDGTSGRAGTGELFF	1
CASSLRPDGQGAGTQYF	1
CASSPKGGHEQFF	1
CASSHDLGLANYNEQFF	1
CAFSGGRPTDTQYF	1
CASWGGLAGHEQYF	1
CASHRGRDNSPLHF	1
CASGGDETQYF	1
CASAPNPSTDTQYF	1
CACLAGAGVTDTQYF	1
CACRTSVYNEQFF	1
CAWWYGTGELFF	1
CAWGLIIAGDYNEQFF	1
CAWGAGTSTGNTIYF	1
CAWILQGSGYTF	1
CAWTTRPGRGSPLHF	1
CAWTATGVGTEAFF	1
CAWSPTSTEAFF	1
CAWSIQSSGELFF	1
CAWSPTRYGYTF	1
CAWSQLRGAGGNTIYF	1
CAWSQTGELFF	1
CAWSKDPGHISYEQYF	1
CAWKSPYLDISFGEQYF	1
CAQLLGPGELFF	1
CAARPISTDTQYF	1
CAAARTGAGRETQYF	1
CAGSVGGFYEQYF	1
CAGGQGGETQYF	1
CAGETSGNYNEQFF	1
CAISDREDTGELFF	1
CAILRDDGEQYF	1
CAIRTSTSGYNEQFF	1
CAIQRDYQETQYF	1
CAIALRDSSYEQYF	1
CAIGAPGGGGWTQYEQFF	1
CAIGGPGITEQYF	1
CAITWDSRNSPLHF	1
CAITLRGSGTPTYEQYF	1
CAITGQTNTGELFF	1
CAITAGVDSLLGNEQFF	1
CAISPRDTSLIYNEQFF	1
CAISHDPSGITDTQYF	1
CAISVGTASGEQFF	1
CAISVRLAGAPGDTQYF	1
CAISAPAGGSGTQYF	1
CAISAPDRSSYNEQFF	1
CAISAGRTYNEQFF	1
CAISGFNLSGTSGIRSYNEQFF	1
CAISGSYEQYF	1
CAISGTSLGTDTQYF	1
CAISDSDRVSEQYF	1
CAISDLNGKETQYF	1
CAISDGWQGSSYNEQFF	1
CAISDRDRGAYNEQFF	1
CAISDRGGELFF	1
CAISDGRVQLYEQYF	1
CAISEFESNNEQFF	1
CAISESRDRGQYEQYF	1
CAISESTGELFF	1
CAISESRPGQGNYNEQFF	1
CAISESRDRGIHSSYEQYF	1
CAISESLAGVVDTQYF	1
CAISESGMVAGSHEQYF	1
CAISESFLVRPRRKYNEQFF	1
CAISESSGEQFF	1
CAISESMTGSVTGELFF	1
CAISESRGFTYEQYF	1
CAISESRDTTYNEQFF	1
CAISESGSQETQYF	1
CAISESMGGEQYF	1
CAISEWQMNTGELFF	1
CAISEYQGLTYEQYF	1
CAISELRGALPYNEQFF	1
CAISEPDIAASTDTQYF	1
CAISEPYRFDRVGYTF	1
CAISERTGGGLSYNEQFF	1
CAISEVGRWGGKDTQYF	1
CAISEGGFSYNEQFF	1
CAISEGNSGDTQYF	1
CAISEDYNEQFF	1
CAISETQLYYEQYF	1
CAISETSGYEQYF	1
CAISERGLAGGYEQYF	1
CAISEGLAGAIGEQFF	1
CAISEGPSFLIPEQYF	1
CAISETTGAGGNIQYF	1
CAISERDTQYF	1
CAISSPWSASNTGELFF	1
CAISSIGLAGGFTDTQYF	1
CAISLLEGAYEQYF	1
CAISPGGPREETQYF	1
CAISRAGGPGEETQYF	1
CAISDYLNEQYF	1
CAISSRDREHEQYF	1
CAIRGLAVNTGELFF	1
CAIRGPYEQYF	1
CAIREGLTVNEQFF	1
CAIRKLDRRNSYNEQFF	1
CAIRPLEGQYNEQFF	1
CAIRIRDNQETQYF	1
CAIKPGQGGYEQYF	1
CAIKGSGETQYF	1
CAMGGSQQPSRGETQYF	1
CAIAPDTGELFF	1
CATSRETSYNEQFF	1
CATSGDYSNQPQHF	1
CATDSGLGGGTQYF	1
CATLGRGFPYEQYF	1
CATSAGGPYNEQFF	1
CATLLPGPFYGYTF	1
CATHPRSEQYF	1
CATQVGTATYEQYF	1
CATQRQGTDTQYF	1
CATVNSPLHF	1
CATADTANYEQYF	1
CATGDRTGDYNEQFF	1
CATEDRGYNEQFF	1
CATEDRGSSYEQYF	1
CATTEVNTEAFF	1
CATSLAGITDTQYF	1
CATSYPRDRGYEQFF	1
CATSLTNTGELFF	1
CATSLSPGLGWGGQETQYF	1
CATSRTSGGTYQETQYF	1
CATSASWGLSEQFF	1
CATSAVGVGADETQYF	1
CATSAEGGSYNEQFF	1
CATSADGTYNEQFF	1
CATSADNEQFF	1
CATSALTSPHEQFF	1
CATSGLTNQETQYF	1
CATSGLAGEGNEQFF	1
CATSGGRLYNEQFF	1
CATSGRGEVYNEQFF	1
CATSGGGRGFSYNEQFF	1
CATSDFLGGYTF	1
CATSDFTGMSTNEQFF	1
CATSDFNGNEQYF	1
CATSDLWGPYSYEQYF	1
CATSDLPLCVGLKTEETQYF	1
CATSDLQTDRGEGDTQYF	1
CATSDLASGRTNEQFF	1
CATSDLAGGLYNEQFF	1
CATSDLTDEQYF	1
CATSDLSGGTYNEQFF	1
CATSDLRDTRYNEQFF	1
CATSDLSTEEQFF	1
CATSDLNYEQYF	1
CATSDSGTDNEQFF	1
CATSDSEFGEQFF	1
CATSDSPSRGPGELFF	1
CATSDWTSNEQYF	1
CATSDYEPPRLKDLSPYEQYF	1
CATSDLTGFQETQYF	1
CATSDPRQGGLQETQYF	1
CATSDPPPDDRETQYF	1
CATSDPRLGRYEQYF	1
CATSDPRGGDTDTQYF	1
CATSDPTASYEQYF	1
CATSDPRTGNGEQYF	1
CATSDPGGSYNEQFF	1
CATSDPGLLEQFF	1
CATSDRTGFLTDTQYF	1
CATSDRSAGRDEQFF	1
CATSDRGSDNEQFF	1
CATSDAAGGSYEQYF	1
CATSDGQREGFF	1
CATSDGRWETQYF	1
CATSDGAAYEQYF	1
CATSDDSGVVSNEQFF	1
CATSDEGTSSDEQYF	1
CATSDIQGQETQYF	1
CATSDTTSGGARFYNEQFF	1
CATSDRTGTKIAPYNEQFF	1
CATSDKGVQETQYF	1
CATSDSDMGQGAIYEQYF	1
CATSDYGPKGCFF	1
CATSDPRRSYEQYF	1
CATSDPKGTPQTQYF	1
CATSDPSLNEQYF	1
CATSDPGLAGDNEQFF	1
CATSDPTPRGPGELFF	1
CATSDRDRGVKEQYF	1
CATSDQDRNEQFF	1
CATSDTTGSRYNEQFF	1
CATSEAGANQPQHF	1
CATSEAGTQRGYTF	1
CATSELRGGAEGYEQYF	1
CATSEADRGETQYF	1
CATSEGLVNEQFF	1
CATSFEDRTFQYF	1
CATSLSPGTASYEQYF	1
CATSRSRDREQTQYF	1
CATSQTGDTGELFF	1
CATSVGREGAYNEQFF	1
CATSAAQETQYF	1
CATSDRQGLNEQFF	1
CATSSFIAGESYNEQFF	1
CATSSFKGSYEQYF	1
CATSSILAWTGELFF	1
CATSRPELLGRETQYF	1
CATSRVVRGNEQFF	1
CATSRAQQETQYF	1
CATSRARAYEQYF	1
CATSRGRSGGADTQYF	1
CATSRDSNEQFF	1
CATSREWGPEETYF	1
CATSNSNQPQHF	1
CATSKGTGEAGELFF	1
CATRQRNNEQFF	1
CATRATSGGEYNEQFF	1
CATRPRDPVYNEQFF	1
CATRNGGPQNEQFF	1
CATYTPRGYEQYF	1
CATQAGTNTGELFF	1
CATANYRNNEQFF	1
CATMTSGAYNEQFF	1
CATGSSYNEQFF	1
CATRGGSYYGYTF	1
CASFLAGRPNEQFF	1
CASLMARDSSYEQYF	1
CASSTSGGTDTQYF	1
CASSPGTNQETQYF	1
CASYRGGTYNEQFF	1
CASYPGTLVSYNEQFF	1
CASRQGPDTQYF	1
CASATSRANQQYF	1
CASGIIGDEQFF	1
CASTQWANSYNEQFF	1
CASTVLAGGHNEQFF	1
CASSLSGTGGEEDGYTF	1
CASSPRTGGLEKLFF	1
CASSVQGDQPQHF	1
CASSVGQGSIQYF	1
CASSEGTANTGELFF	1
CASSIRGNTEAFF	1
CASSIFAGSAEAFF	1
CASSIIIERGNTIYF	1
CASSIPDHNEQFF	1
CASSIAPGQGNQPQHF	1
CASSITLGDGNQPQHF	1
CASSDRGTDHSGNTIYF	1
CASNPTGNEPQHF	1
CASKAGGSGSDNEQFF	1
CASLKGSGGAYPTGELFF	1
CASSRGQGDFDEAFF	1
CASSWEMFTGELFF	1
CASSEQGTYEQYF	1
CASSTSEWDRASNEQFF	1
CASSSEGGRADTQYF	1
CASSGQGNTEAFF	1
CASSDEGLATADTQYF	1
CASSFPAGANVLTF	1
CASSLTSGGANEQFF	1
CASSPSTGAIGDGYTF	1
CASSPPRSDTQYF	1
CASSPPNAPGYTF	1
CASSPRDRGNSPLHF	1
CASSPQQNTGELFF	1
CASSPATGTGNTIYF	1
CASSPRVAETQYF	1
CASSPERGNQPQHF	1
CASSREETQYF	1
CASWVLRAISYEQYF	1
CASLPGGMLGQETQYF	1
CASLGEKAFF	1
CASLRGETQYF	1
CASLGQRGYTF	1
CASLGRMTHGSTETQYF	1
CASLGRDSYNEQFF	1
CASLTTSYEQYF	1
CASLPPGQVNNEQFF	1
CASPATDTGELFF	1
CASPPARGVLNEQFF	1
CASRVEGSYGYTF	1
CASRGAWGNEQFF	1
CASQLRDATYEQYF	1
CASQRQGARDTQYF	1
CASQAGGEQFF	1
CASVRDRFDNEQFF	1
CASVQGLAIGELFF	1
CASAGRRREQYF	1
CASADSYEQYF	1
CASASPGTSGYEQYF	1
CASAREGPGDTQYF	1
CASAQGMTDTQYF	1
CASARTGVGQPQHF	1
CASGYQEYGYTF	1
CASGDRGYEQYF	1
CASGSGAQYF	1
CASGWTGETQYF	1
CASGWPLRGYTF	1
CASGLQGKEFF	1
CASGPRGYSGNTIYF	1
CASGAGTSYIGEQFF	1
CASGGRLGYNEQFF	1
CASGGLAPSTDTQYF	1
CASGEGRFTDTQYF	1
CASGESLGQPQHF	1
CASGRGGTGGHEQYF	1
CASGQTRVGEQYF	1
CASGGTGYIGELFF	1
CASGEFF	1
CASGTAAGGSPLHF	1
CASEASGAANTGELFF	1
CASEGETQYF	1
CASEDRDRGTYEQYF	1
CASIWGLDTGELFF	1
CASIPSGGTEQFF	1
CASIPGGASTDTQYF	1
CASIPGQGHVFSTDTQYF	1
CASIQNWGRERDTQYF	1
CASIEQASSYNEQFF	1
CASMRITQGVFSTGELFF	1
CASMASQGNYGYTF	1
CASMRVPASGSDEQFF	1
CASIDWGYNEQFF	1
CASTLAGVNTDTQYF	1
CASTLTGRNQPQHF	1
CASTPFGNTIYF	1
CASTAGVHQVDEQYF	1
CASTMDRTNSPLHF	1
CASTRTSGGHNEQFF	1
CASTNSGEPTGELFF	1
CASTNEGANYGYTF	1
CASTFSGRVYNEQFF	1
CASTFRQGPYEQYF	1
CASTLPSQGSRNTEAFF	1
CASTSRNSGTDTQYF	1
CASTSTRGAVNTQYF	1
CASTSRLGVSDEQFF	1
CASTSGLEVPDTQYF	1
CASTSGDYEQYF	1
CASTLRDRVNTQYF	1
CASTLQISNQPQHF	1
CASTPPGFTYNEQFF	1
CASTPPGANEQFF	1
CASTPPNRPYEQYF	1
CASTPGTDTQYF	1
CASTPSRTAANEQFF	1
CASTPLGSSSYNEQFF	1
CASTPRGGDKGGSDSPLHF	1
CASTPTTKETQYF	1
CASTPGQGFQPQHF	1
CASTPGLWATEAFF	1
CASTRSVEGHEQFF	1
CASTRPGGPYNEQFF	1
CASTRGEGRDEQFF	1
CASTRTSGYNEQFF	1
CASTRGITDTQYF	1
CASTQRGFLETQYF	1
CASTQPRQEAVYGYTF	1
CASTVRTGHNEQFF	1
CASTAMGLAFSEQYF	1
CASTARGVVQETQYF	1
CASTAYRSYNEQFF	1
CASTAGGYGELFF	1
CASTGMGRGNQPQHF	1
CASTGQGRGNQPQHF	1
CASTEGIPNQPQHF	1
CASTEDRHGRAQHF	1
CASTIGLAGESQFF	1
CASTMGGNQPQHF	1
CASTSQINTGELFF	1
CASTNLAGVTDTQYF	1
CASTKPGTAGELFF	1
CASTKDNSNQPQHF	1
CASTAGPTDTQYF	1
CASTGPGELFF	1
CASTRGTYEQYF	1
CASTRDRGHLSEQYF	1
CASTLGYEQYF	1
CASTPRMGSYEQYF	1
CASTGDWGETQYF	1
CASTEGGTALLKNINSNQPQHF	1
CASTIEGANNQPQHF	1
CASSFFGINTGELFF	1
CASSFLASYNEQFF	1
CASSFSSGETQYF	1
CASSFSGQPQHF	1
CASSFSGTGGGYTF	1
CASSFSTGGNQPQHF	1
CASSFYTLGAAGNTIYF	1
CASSFPGGRGYTF	1
CASSFRLANEQFF	1
CASSFRGGRAGELFF	1
CASSFRPYEQFF	1
CASSFQGAGQPQHF	1
CASSFQGAMTEELFF	1
CASSFQTSAEHYEQYF	1
CASSFVLYEQYF	1
CASSFAAVSTDTQYF	1
CASSFGPGSTDTQYF	1
CASSFGAPSDYEQYF	1
CASSFGTLPYEQYF	1
CASSFGTAALEQYF	1
CASSFEETQYF	1
CASSFIRPGGYDYGYTF	1
CASSFMGSSPDTQYF	1
CASSFIQGTAYEQYF	1
CASSFTWTKTGISYNEQFF	1
CASSFNFGGRGQPQHF	1
CASSFFGQGSYEQYF	1
CASSFLGVEEETQYF	1
CASSFSGGRAKEQFF	1
CASSFSVLADTQYF	1
CASSFSSSGLAETQYF	1
CASSFSGGATQYF	1
CASSFLNTGELFF	1
CASSFLQVDNQPQHF	1
CASSFLAETQYF	1
CASSFRGGRTDTQYF	1
CASSFRVGLAGETDEQYF	1
CASSFRDRSTGELFF	1
CASSFRTAQETQYF	1
CASSFRTGQGYEQYF	1
CASSFQGAQYF	1
CASSFATGELFF	1
CASSFAGEQYF	1
CASSFAGWSADTQYF	1
CASSFAGGRYYEQYF	1
CASSFGIGETQYF	1
CASSFGRYNEQFF	1
CASSFGGQGAYEQYF	1
CASSFGRTDDEQFF	1
CASSFGQAKNIQYF	1
CASSFGQLEFF	1
CASSFDRGTYNEQFF	1
CASSFRQGYEQYF	1
CASSFRGGSGELFF	1
CASSLFWERVRGYTF	1
CASSLSRDHEQYF	1
CASSLSRLYTF	1
CASSLSGNAYNEQFF	1
CASSLWRPGELFF	1
CASSLRTGGYEQYF	1
CASSLQVSYNEQFF	1
CASSLVSEGPNQPQHF	1
CASSLGPYNEQFF	1
CASSLGPSGSFYNEQFF	1
CASSLGVANEKLFF	1
CASSLGVGELFF	1
CASSLGAEGSPLHF	1
CASSLGGYSNQPQHF	1
CASSLGGYEQYF	1
CASSLGGLNTEAFF	1
CASSLGTPNTGELFF	1
CASSLGTDPMGTEAFF	1
CASSLGQWHEQYF	1
CASSLDFRAFF	1
CASSLDHWSSYNSPLHF	1
CASSLDTNSYNEQFF	1
CASSLEGADTQYF	1
CASSLRRGFTGELFF	1
CASSLRYGTGDMNEQFF	1
CASSLKGTGYGYTF	1
CASSLFPDLPSRETQYF	1
CASSLFDEQYF	1
CASSLFGRARETQYF	1
CASSLFGGELFF	1
CASSLLRVDTQYF	1
CASSLLQGNTQYF	1
CASSLLGELFF	1
CASSLSSGIQETQYF	1
CASSLSAGQGLETQYF	1
CASSLSGELFF	1
CASSLSGTTQYF	1
CASSLSQGLFHEQYF	1
CASSLSGVPIYEQYF	1
CASSLSPGAGELFF	1
CASSLSVAGYEQYF	1
CASSLWGLRGGYTF	1
CASSLWRLEEWTQQFF	1
CASSLYADYEQYF	1
CASSLLSGELFF	1
CASSLLDTQYF	1
CASSLLTGSYEQYF	1
CASSLPPSLTGGPEDTQYF	1
CASSLPQGTQYF	1
CASSLPRDTGELFF	1
CASSLPETYEQYF	1
CASSLPGGYNEQFF	1
CASSLRGSSNQPQHF	1
CASSLHPHEQYF	1
CASSLQDLSTDTQYF	1
CASSLVPGLYTEAFF	1
CASSLVGKDTQYF	1
CASSLVSGEETQYF	1
CASSLVGPTGVQYF	1
CASSLVGQGASPSYEQYF	1
CASSLVFGRVRPGGYTF	1
CASSLVAGGSEQFF	1
CASSLAVTGFGNYGYTF	1
CASSLAGGQYF	1
CASSLATGVDGYTF	1
CASSLAGGSEQFF	1
CASSLAYQETQYF	1
CASSLALWEDNGTQYF	1
CASSLALGGPGELFF	1
CASSLALRAGSTDTQYF	1
CASSLARGYSYEQYF	1
CASSLAGGGEQFF	1
CASSLADSGQNNSPLHF	1
CASSLAWQVNQPQHF	1
CASSLAGEDGYTF	1
CASSLGRITDTQYF	1
CASSLGAGGGRETQYF	1
CASSLGIPGSYNQPQHF	1
CASSLGPENRVEQYF	1
CASSLGGTEAFF	1
CASSLGSAGELFF	1
CASSLGLRQNNQPQHF	1
CASSLGPGQGFSYEQYF	1
CASSLGGRDISYEQYF	1
CASSLGGSEEQFF	1
CASSLGGSDTQYF	1
CASSLGTGYNEQFF	1
CASSLGTSVQETQYF	1
CASSLGTPSTDTQYF	1
CASSLGSQQRDSTQYF	1
CASSLGRENEQFF	1
CASSLGKEQFF	1
CASSLGPNQETQYF	1
CASSLGPSYNEQFF	1
CASSLGQSNGELFF	1
CASSLDGYYGYTF	1
CASSLDTDTQYF	1
CASSLDRGTNFQETQYF	1
CASSLEVGELFF	1
CASSLEGYSNQPQHF	1
CASSLEVYNEQFF	1
CASSLISWDTKYNEQFF	1
CASSLISQGYNEQFF	1
CASSLIGDTQYF	1
CASSLIRVVDTQYF	1
CASSLMAEAFF	1
CASSLIAGPGNEQFF	1
CASSLTRDNEQFF	1
CASSLTGTFNTGELFF	1
CASSLTAYNEQFF	1
CASSLTGGIVYEQYF	1
CASSLSVQGLTQYF	1
CASSLSEASGKREQYF	1
CASSLSRELAHF	1
CASSLRYTRTGNEQFF	1
CASSLRQPVYYGYTF	1
CASSLRGTDTQYF	1
CASSLRLATSYNEQFF	1
CASSLNAGVETQYF	1
CASSLKEWTLDTGELFF	1
CASSSLRTGTYEQYF	1
CASSSRARGSEAFF	1
CASSSDFTDTQYF	1
CASSSTGSYGYTF	1
CASSSRALGQFF	1
CASSSLSTGGDRSIDTQYF	1
CASSSLGEMETQYF	1
CASSSSSTDTQYF	1
CASSSYRGLAGVAYEQYF	1
CASSSPGLLKRGDPSDQETQYF	1
CASSSRRGGLAGGNTQYF	1
CASSSRDRAPHEQYF	1
CASSSRTGTRGTEAFF	1
CASSSRSGELFF	1
CASSSHPEQYF	1
CASSSHHYQPQHF	1
CASSSQAGKLYEQYF	1
CASSSQSEYNEQFF	1
CASSSQNTEAFF	1
CASSSARGGGETQYF	1
CASSSASSYNEQFF	1
CASSSGSQETQYF	1
CASSSGPQGETQYF	1
CASSSGYGASYEQYF	1
CASSSSDRGKIYEQYF	1
CASSSSLEGWETQYF	1
CASSSHYEQYF	1
CASSSQGVGNTEAFF	1
CASSSVTADTQYF	1
CASSSVLEQYF	1
CASSSGRGGNTGELFF	1
CASSSMTGVSDTQYF	1
CASSSTVDTQYF	1
CASSSSTDTQYF	1
CASSSSGTGGMGEQFF	1
CASSSQGEQFF	1
CASSSGGGNSPLHF	1
CASSSGEVGTEAFF	1
CASSSTYEQYF	1
CASSSTETQYF	1
CASSWRGTGVTGELFF	1
CASSWQGRETQYF	1
CASSWVNSPLHF	1
CASSWAGQEQYF	1
CASSWGVLAKNIQYF	1
CASSWGAGEQYF	1
CASSWDRYEQYF	1
CASSWDRDNSPLHF	1
CASSWTSGVLEQYF	1
CASSWTGFFYEQYF	1
CASSYSEEETQYF	1
CASSYSGLTEAFF	1
CASSYPPRPSGSWETQYF	1
CASSYAQGWEDTQYF	1
CASSYGPIINTGELFF	1
CASSYEDAYGYTF	1
CASSYMKVPQETQYF	1
CASSYFGNTGELFF	1
CASSYFAGITEAFF	1
CASSYLPGQFSYNEQFF	1
CASSYLAGGPGELFF	1
CASSYSLQIYGYTF	1
CASSYSSQDNEQFF	1
CASSYSPLGDSPLHF	1
CASSYSATYNSPLHF	1
CASSYSRQGGPSEQYF	1
CASSYSLLGRGQSPPTEQYF	1
CASSYSPPSRVKGAYEQYF	1
CASSYSRTGAADTQYF	1
CASSYSRKLNEQFF	1
CASSYSVTGERQYF	1
CASSYSGVSHRPNEQFF	1
CASSYSITGIHEQFF	1
CASSYSTAGSGELFF	1
CASSYSRFLGYTF	1
CASSYSRREGYTF	1
CASSYSRGNTEAFF	1
CASSYSRRGGYTF	1
CASSYYGGPYTGELFF	1
CASSYYREETQYF	1
CASSYLAARNQPQHF	1
CASSYLGQGMRTGELFF	1
CASSYLGQGLSYEQYF	1
CASSYPRDSIRTDTQYF	1
CASSYPGTSMDEQFF	1
CASSYPTMSLVLAGIVQETQYF	1
CASSYRDKASYEQYF	1
CASSYQDRDYEQYF	1
CASSYQYEQYF	1
CASSYVLVGGELFF	1
CASSYVGGRGETQYF	1
CASSYVRGGRETQYF	1
CASSYAGQGFNEQFF	1
CASSYGPSYSYEQYF	1
CASSYGPDRAYEQFF	1
CASSYGSSAETQYF	1
CASSYGHGARGGNTIYF	1
CASSYDTNRGRETQYF	1
CASSYMAGASYEQYF	1
CASSYMGAQSPDTQYF	1
CASSYTNNEQFF	1
CASSYTMSRGSTGELFF	1
CASSYSGDTGELFF	1
CASSYRAARTGSNSPLHF	1
CASSYNPPIGELFF	1
CASSYKDSPSEQYF	1
CASSLLGPMNWQFF	1
CASSLRWDEQYF	1
CASSLRKFGWGELFF	1
CASSLGPATDTQYF	1
CASSLGTREDEQYF	1
CASSLTLHRRSYEQYF	1
CASSLGQRTDTQYF	1
CASSLTGTGAGNTIYF	1
CASSLTGRETQYF	1
CASSLPQGMETQYF	1
CASSLQGAVYNEQFF	1
CASSLAGDGSDTQYF	1
CASSLGATNEKLFF	1
CASSLTGRRQPQHF	1
CASSLRDNSYEQYF	1
CASSPSSGQDQETQYF	1
CASSPSWGGRNEQFF	1
CASSPSWRAAYEQYF	1
CASSPWGPPTYGYTF	1
CASSPWTGADQPQHF	1
CASSPYLAGSSTDTQYF	1
CASSPYIPRTGKNTEAFF	1
CASSPRAREGYGYTF	1
CASSPHYNSGNTIYF	1
CASSPQETQYF	1
CASSPGPLQGTMNTEAFF	1
CASSPGGSVAGELFF	1
CASSPGGREQFF	1
CASSPGTAGNTIYF	1
CASSPTGELFF	1
CASSPTGTGLGEHFVVFF	1
CASSPSGLSYEQYF	1
CASSPFGGPTGELFF	1
CASSPSQLPSADTQYF	1
CASSPWGLAGGETQYF	1
CASSPPSSGRNTGELFF	1
CASSPPRQNRLSYEQYF	1
CASSPPGQRNSPLHF	1
CASSPPSGNEQFF	1
CASSPRDRGYNEQFF	1
CASSPRQGAGELFF	1
CASSPQETQYF	1
CASSPARLAGGPFAKNIQYF	1
CASSPGDQPQHF	1
CASSPGLAGGSYEQYF	1
CASSPGHRNQPQHF	1
CASSPDRGGSTDTQYF	1
CASSPTGQWIETQYF	1
CASSPTTSGPRYEQYF	1
CASSPRTGLYEQYF	1
CASSPRQGARDQYF	1
CASSPRGLAGYNEQFF	1
CASSPNLDVRVGNQPQHF	1
CASSPNGGSDTQYF	1
CASSPKRPGETQYF	1
CASSPLGPEQYF	1
CASSPSTGDGNQPQHF	1
CASSPGTRNTEAFF	1
CASSPDNNEQFF	1
CASSPDREYFPIQYF	1
CASSPESGRRTDTQYF	1
CASSPEQGGTDTQYF	1
CASSPIGPMEQFF	1
CASSPTSGPYNEQFF	1
CASSPTGENEQFF	1
CASSPTGPIYEQYF	1
CASSPRLNLEPGDILDTQYF	1
CASSPLMTETYYGYTF	1
CASSPPGDRPYEQYF	1
CASSPANRQKETQYF	1
CASSPADGITGELFF	1
CASSPGRASGDHNEQFF	1
CASSPGASNQPQHF	1
CASSPGTSRETQYF	1
CASSPGTEAVNAEAFF	1
CASSPGPGEPYGYTF	1
CASSPMTRDRNSPLHF	1
CASSRYSKPYTDTQYF	1
CASSRRALAYEQYF	1
CASSRASGLSQPQHF	1
CASSRGSADTQYF	1
CASSRSQYNEQFF	1
CASSRYATGTGVGEQFF	1
CASSRYSGGAYEQYF	1
CASSRGDYNSPLHF	1
CASSRGPYEQYF	1
CASSRTGGHEQFF	1
CASSRTRGNQPQHF	1
CASSRKETQYF	1
CASSRLVPPATQYF	1
CASSRLAGGYPQYF	1
CASSRPGQGPTDTQYF	1
CASSRRQPRKFQETQYF	1
CASSHSSGTSGGNTDTQYF	1
CASSHLTGANGGYTF	1
CASSHGTSGRPGELFF	1
CASSHRVRRAAFF	1
CASSHRETPGNEQFF	1
CASSQIRITRQGVARNEQYF	1
CASSQTRGWEKLFF	1
CASSQSFRVSYEQYF	1
CASSQLAGGGKTGELFF	1
CASSQPGQGENEQFF	1
CASSVSGGWETQYF	1
CASSVAGGYTF	1
CASSVGTSGPYEQYF	1
CASSVTGRKTEAFF	1
CASSVYRGQGEQYF	1
CASSVDDRFQETQYF	1
CASSAPGQGIWTQYF	1
CASSAIQQGGQPQHF	1
CASSASGGADGSEQFF	1
CASSALTPTNEKLFF	1
CASSAPTRSSTGTSYEQYF	1
CASSAQGDGTIYF	1
CASSAQGLVVHEQFF	1
CASSAVRSGETQYF	1
CASSATGVYYGYTF	1
CASSARDEQYF	1
CASSAYRGPYEQYF	1
CASSAGDLSYEQYF	1
CASSATGQMETQYF	1
CASSGTFSGGGNNEQFF	1
CASSGRGRNEQFF	1
CASSGGGREQYF	1
CASSGIRTGGELFF	1
CASSGTGRETQYF	1
CASSGSGTGETQYF	1
CASSGLTDTQYF	1
CASSGLAAQETQYF	1
CASSGQGTYNEQFF	1
CASSGASGGAGETQYF	1
CASSDCIGCRETQYF	1
CASSDPNEKLFF	1
CASSDMGGNQPQHF	1
CASSDQSQGSYNSPLHF	1
CASSDVGPPKTEAFF	1
CASSDGPQGTQYF	1
CASSDEQGQPQHF	1
CASSDIYEQYF	1
CASSDTLLAGPLRGSYNEQFF	1
CASSDRAKNIQYF	1
CASSDRGRETQYF	1
CASSELPASESYNEQFF	1
CASSEPRTGRRGETQYF	1
CASSEGELIYNEQFF	1
CASSEETGETQYF	1
CASSEIQGIQQYF	1
CASSETGREQYF	1
CASSESGRAAPHHEQYF	1
CASSESGGSTGELFF	1
CASSEYEGEQYF	1
CASSEYRAEQETQYF	1
CASSEYFGAGTEQYF	1
CASSELGWTGSDTEAFF	1
CASSELASYNEQFF	1
CASSELAVNSYEQYF	1
CASSEHETSGAQDTQYF	1
CASSEASPGQDYNEQFF	1
CASSEARTASFF	1
CASSEAGISAQYF	1
CASSEGGARYQPQHF	1
CASSEGLSSYNEQFF	1
CASSEGPNYGYTF	1
CASSEEDNTGELFF	1
CASSEEEANTGELFF	1
CASSETGTDTQYF	1
CASSISGGRFSEQYF	1
CASSIPIGGPGRPYSNEQFF	1
CASSMSSGGGETQYF	1
CASSITGGRGWGTQYF	1
CASSIRGRGSTEAFF	1
CASSIRNMNTEAFF	1
CASSTLVDKGGKGNLWRETQYF	1
CASSTLAGGDNEQFF	1
CASSTSAEWDHNEQFF	1
CASSTQAGGETQYF	1
CASSTGYEQYF	1
CASSTGSGATGYTF	1
CASSTTGLMTYEQYF	1
CASSTATSGRYNEQFF	1
CASSTGGTEQFF	1
CASSTINNEQFF	1
CASSTTPGTGLATNEKLFF	1
CASSSPGTSGMVYNEQFF	1
CASSRQGVEGETQYF	1
CASSRTGTGGSYEQYF	1
CASSRQTGTARPYEQYF	1
CASSNDITAAYEQYF	1
CASSNLDRGNPEAFF	1
CASSNRDRGYEQYF	1
CASSNARRWSYEQYF	1
CASSNGGETQYF	1
CASSNRVGTEAFF	1
CASSNNEQFF	1
CASSKREGYTGELFF	1
CASSKGLASYEQYF	1
CASSKGLAGYNEQFF	1
CASSKLESSYNEQFF	1
CASSKAGGYNEQFF	1
CASSKGLAGDFYEQYF	1
CASSFFSGGAQETQYF	1
CASSFLRGNSYNEQFF	1
CASSFLAAQETQYF	1
CASSFLAGAVGDTQYF	1
CASSFWEARGQDTQYF	1
CASSFLRRGSNQPQHF	1
CASSFPGASNTEAFF	1
CASSFRGSGGPPYEQYF	1
CASSFRDPGTGGSKNIQYF	1
CASSFQTSHEQFF	1
CASSFQAGGWYNEQFF	1
CASSFGTDEQYF	1
CASSFGLSYEQYF	1
CASSFGVNTEAFF	1
CASSFDPGELHEKLFF	1
CASSFTSGRASSDTQYF	1
CASSFTRREETQYF	1
CASSFRDRAYEQYF	1
CASSFRGQETQYF	1
CASSFRRHNEQFF	1
CASSFNPETGGDGIQYF	1
CASSFKTGWPNTGELFF	1
CASSFFEETQYF	1
CASSFLLAGISDTQYF	1
CASSFSWQGSYNEQFF	1
CASSFSGLSSYEQYF	1
CASSFSTGVGIQYF	1
CASSFWRGLQETQYF	1
CASSFLVKDTQYF	1
CASSFPVGRGYEQYF	1
CASSFRQYNEQFF	1
CASSFHDTQYF	1
CASSFHGGGETQYF	1
CASSFQETQYF	1
CASSFGPYNEQFF	1
CASSFGYEQYF	1
CASSFGLAGGKETQYF	1
CASSFGTSSDEQFF	1
CASSFGTAYEQYF	1
CASSFGQQSSYNEQFF	1
CASSFDTF	1
CASSFSETYEQYF	1
CASSLFRDYSYNEQFF	1
CASSLLSVSTDTQYF	1
CASSLLVGAPFDNTEAFF	1
CASSLSVGHPGTQYF	1
CASSLSVGLAAINEQFF	1
CASSLYQGYEQYF	1
CASSLQQFF	1
CASSLVLVEETQYF	1
CASSLVPVPYINQPQHF	1
CASSLVVANTGELFF	1
CASSLVGDGSAYNEQFF	1
CASSLAGQHQETQYF	1
CASSLASGDNTGELFF	1
CASSLALDFYEQYF	1
CASSLARIYEQYF	1
CASSLAQGRVKGDEQFF	1
CASSLAVNTEAFF	1
CASSLAGSSYNEQFF	1
CASSLAGLGIDEQYF	1
CASSLALGRRELFF	1
CASSLAGGGMTYEQYF	1
CASSLGTDTQYF	1
CASSLGPGLAGDEQYF	1
CASSLGGSSYNEQFF	1
CASSLGRGNEQYF	1
CASSLGWGTPTDTQYF	1
CASSLGLAGYYNEQFF	1
CASSLGPSGEQFF	1
CASSLGVGGAEQETQYF	1
CASSLGGYNEQFF	1
CASSLGGEKTQYF	1
CASSLGEGYEQYF	1
CASSLGSTGELFF	1
CASSLGLSTYNEQFF	1
CASSLGLAGQETQYF	1
CASSLGHENEKLFF	1
CASSLGQSYTF	1
CASSLGGSDTQYF	1
CASSLGGGRHQPQHF	1
CASSLGGTGFTEAFF	1
CASSLDPGLAGGPLTFDTQYF	1
CASSLDRGYYNEQFF	1
CASSLDPAAFEQYF	1
CASSLEGSGVYNEQFF	1
CASSLERNEQFF	1
CASSLIISYNEQFF	1
CASSLTSGGAETQYF	1
CASSLTSESTDTQYF	1
CASSLTRGFANEQFF	1
CASSLTGGQGAREQFF	1
CASSLTGTDTQYF	1
CASSLRSSGARTDTQYF	1
CASSLKAGGFYGYTF	1
CASSLKGQKNIQYF	1
CASSLFPSYNEQFF	1
CASSLFGDISYEQYF	1
CASSLLDRSYNEQFF	1
CASSLLSGGLNEQFF	1
CASSLSSGIADTQYF	1
CASSLSLEISTDTQYF	1
CASSLSGLVPPLNEQFF	1
CASSLSRTTDTGELFF	1
CASSLWVGIQETQYF	1
CASSLYISDGQFF	1
CASSLYDNEQFF	1
CASSLYETQYF	1
CASSLLRASGSDTQYF	1
CASSLLVSGGSYEQYF	1
CASSLLGDYNEQFF	1
CASSLPTRTISSSTDTQYF	1
CASSLPYGVSF	1
CASSLPGTGELQYF	1
CASSLPTSGGGYEQYF	1
CASSLRGVSYEQYF	1
CASSLRRGATQETQYF	1
CASSLHRGGYQETQYF	1
CASSLHIGALDGRAAFF	1
CASSLQLAGATNTGELFF	1
CASSLVPSRESNEQFF	1
CASSLVVGDDEWESSYNSPLHF	1
CASSLVVLPADTQYF	1
CASSLVGLSSYEQYF	1
CASSLVGGMGTGELFF	1
CASSLVRADPTDTQYF	1
CASSLVLAGGYNEQFF	1
CASSLVWGTEAFF	1
CASSLVATMRPQGTQYF	1
CASSLVGPLGNYEQYF	1
CASSLVDALEQYF	1
CASSLVNGAYEQYF	1
CASSLVWGEMNEQFF	1
CASSLVAQQETQYF	1
CASSLVAGAGTDTQYF	1
CASSLVGRPSYNEQFF	1
CASSLVIGETQYF	1
CASSLVVRARHEQYF	1
CASSLVVGTEVSRFF	1
CASSLVAVYNEQFF	1
CASSLVAGVEQFF	1
CASSLVGSQETQYF	1
CASSLVGDSVLDTQYF	1
CASSLAWLESYNEQFF	1
CASSLAVGAYNEQFF	1
CASSLAEGLNEQFF	1
CASSLALLAGGPDEQFF	1
CASSLALVASGELFF	1
CASSLAPQVRGQETQYF	1
CASSLAPSGGAGGEQFF	1
CASSLARSGYEQYF	1
CASSLARQSTDTQYF	1
CASSLARGWKETQYF	1
CASSLALGPEQYF	1
CASSLAWSGRGGTQYF	1
CASSLAWAGGHNEQFF	1
CASSLARLAGVAETQYF	1
CASSLARLAGTGNEQFF	1
CASSLAHRSETQYF	1
CASSLAARTSAYEQYF	1
CASSLAGRLRLAKNIQYF	1
CASSLAGLAGPHEQYF	1
CASSLAGGPLYEQFF	1
CASSLATSRGDEQFF	1
CASSLAKRGHWGYTF	1
CASSLASGVEQYF	1
CASSLAQGYEQYF	1
CASSLAQGYNEQFF	1
CASSLARTGELFF	1
CASSLGSGLNYEQYF	1
CASSLGLGGGATDTQYF	1
CASSLGLFPLHF	1
CASSLGGGTDIYNEQFF	1
CASSLGTGAGELFF	1
CASSLGASHSYEQYF	1
CASSLGDIGYGYTF	1
CASSLGIRTDSSYEQYF	1
CASSLGRARRLYNEQFF	1
CASSLGQGGYEQYF	1
CASSLGQNTGELFF	1
CASSLGGRGGPPLHF	1
CASSLGGREQYF	1
CASSLGGGTVSGNEQFF	1
CASSLGGDPTYEQYF	1
CASSLGGRVGDTQYF	1
CASSLGGRSTDTQYF	1
CASSLGGETQYF	1
CASSLGDFHNQPQHF	1
CASSLGDLGGNEQFF	1
CASSLGDILVYEQYF	1
CASSLGETYEQYF	1
CASSLGTLRSPLHF	1
CASSLGLPEGAAKNIQYF	1
CASSLGRSDTGELFF	1
CASSLGRETQYF	1
CASSLGQGSSETQYF	1
CASSLGVENEQFF	1
CASSLGGTGYNEQFF	1
CASSLGRGGSKYEQFF	1
CASSLDFPGGLSYEQYF	1
CASSLDSGVNEQYF	1
CASSLDYGGEGTDTQYF	1
CASSLDVATYEQYF	1
CASSLDPPGSEQYF	1
CASSLEPPAGYNEQFF	1
CASSLERLPSGRKGNEQFF	1
CASSLERQTKLQETQYF	1
CASSLEVSQETQYF	1
CASSLEAVYGYTF	1
CASSLEGYQETQYF	1
CASSLEGALPSYEQYF	1
CASSLEGGSYEQYF	1
CASSLERVGEQYF	1
CASSLEGDLHQSF	1
CASSLETSGGAYNEQFF	1
CASSLIWGNDEQFF	1
CASSLIPGQGFSDTQYF	1
CASSLMAGVYNEQFF	1
CASSLTFIAGANTGELFF	1
CASSLTGDPRANEQFF	1
CASSLTKPGPARKQYF	1
CASSLTGQLPDTQYF	1
CASSLTAGAEETQYF	1
CASSLSWGQETQYF	1
CASSLSYEQYF	1
CASSLSMAGSHGNQETQYF	1
CASSLSGRSNEQFF	1
CASSLSSGYEQYF	1
CASSLRRPSPNEQFF	1
CASSLRGRPSSYEQYF	1
CASSLRTNAGNTIYF	1
CASSLRSLWVDTQYF	1
CASSLRLGITDTQYF	1
CASSLNLADQETQYF	1
CASSLNPGRTSSYNEQFF	1
CASSLNMLGNEQFF	1
CASSLNTGEYNEQFF	1
CASSLNREGFQPQHF	1
CASSLKYAGHPKETQYF	1
CASSLKARISYEQYF	1
CASSLKITGNSNQPQHF	1
CASSSWTGLSEQYF	1
CASSSRTGLAVNEQFF	1
CASSSQGKSYNEQFF	1
CASSSQRQGAGGELFF	1
CASSSIREDRDTQYF	1
CASSSIVLDVYNEQFF	1
CASSSSGASYNEQFF	1
CASSSSGGDNEQFF	1
CASSSFRGGALSTGELFF	1
CASSSSRWDRPNEQYF	1
CASSSSSFFDEQFF	1
CASSSSGRGGRGEQFF	1
CASSSYGTGGRKTQYF	1
CASSSYFSYNEQFF	1
CASSSYRGPTYEQYF	1
CASSSLSRIYNEQFF	1
CASSSLQGIETQYF	1
CASSSPGGVENNEQFF	1
CASSSRSGDSGNTIYF	1
CASSSRLAGASEQYF	1
CASSSRTGRLGADTQYF	1
CASSSQRLSYEQYF	1
CASSSVSTEGYTF	1
CASSSVTPYEQYF	1
CASSSGIKDTQYF	1
CASSSGTRGNEQFF	1
CASSSGTGGYNEQLF	1
CASSSGTGAYEQYF	1
CASSSGSGHEQYF	1
CASSSGLAGGAETQYF	1
CASSSGLAEVEQYF	1
CASSSIAGPLYEQYF	1
CASSSTRTVKNIQYF	1
CASSSTKTGSTDTQYF	1
CASSSSGGHFNEQFF	1
CASSSRVRTYPYNEQFF	1
CASSSRQDSYNEQFF	1
CASSSNSGREQETQYF	1
CASSSLLDGINEQFF	1
CASSSPGRWQQYF	1
CASSSRRNQPQHF	1
CASSSGITRYEQYF	1
CASSSGGEQYF	1
CASSSGQPHYEQYF	1
CASSSIWLGPYEQYF	1
CASSSTAMNTEAFF	1
CASSSRGGNQPQHF	1
CASSSRVAGEGTQYF	1
CASSSKRTSGTYEQYF	1
CASSSSREQGNEQFF	1
CASSSPIYEQYF	1
CASSSRPISVGSYNEQFF	1
CASSSRLAASTDTQYF	1
CASSSVYEQYF	1
CASSSAEAPHPYEQYF	1
CASSSALAGGRNEQFF	1
CASSSAVGLTDTQYF	1
CASSSAAGFAEQYF	1
CASSSGAMSSYNEQFF	1
CASSSGTGKNEQYF	1
CASSSGGFPYEQYF	1
CASSSDSWETQYF	1
CASSSIDEQFF	1
CASSSTGGAADTQYF	1
CASSSTRTDHPPIYEQYF	1
CASSSTREKYEQYF	1
CASSWAAEQFF	1
CASSWAGGSYNEQFF	1
CASSWADTQYF	1
CASSWGLAVRGDTQYF	1
CASSWGRTKFF	1
CASSWESIYEQYF	1
CASSWTSGSRNTGELFF	1
CASSWTGADEQYF	1
CASSWRLAQSADTQYF	1
CASSWNLGPYEQYF	1
CASSYVGGEETQYF	1
CASSYAHPDKYNEQFF	1
CASSYGDLTQYF	1
CASSYGTGSLVYEQYF	1
CASSYGQGVQYF	1
CASSYGQGNEKLFF	1
CASSLSTSGGRQDTQYF	1
CASSLQPNTDTQYF	1
CASSLQGDHYEQYF	1
CASSLERTGALGNEQFF	1
CASSLTGSNEQYF	1
CASSLRRAGGPTGELFF	1
CASSLLALAGHNEQFF	1
CASSLSGGYETQYF	1
CASSLQQGWETQYF	1
CASSLQAGVGYEQYF	1
CASSLGTSPSTDTQYF	1
CASSLITGGKETQYF	1
CASSLKGAGELFF	1
CASSLSQGTNEQYF	1
CASSLYVGPGAETQYF	1
CASSLADISTDTQYF	1
CASSLGPDRWRPETQYF	1
CASSLGVGTSTGELFF	1
CASSLGEVANYGYTF	1
CASSLGQEYYEQYF	1
CASSLIPSDTQYF	1
CASSLTGTISYEQYF	1
CASSLTVKETQYF	1
CASSLTGPRLGTDTQYF	1
CASSLLAGAYEQYF	1
CASSLLADSTDTQYF	1
CASSLPPLAGNTEAFF	1
CASSLRTSTGELFF	1
CASSLRQGANQPQHF	1
CASSLAGGTGELFF	1
CASSLANQETQYF	1
CASSLAKETQYF	1
CASSLGTHSGNTIYF	1
CASSLGLADYEQYF	1
CASSLKGTYYTDTQYF	1
CASSPLSAPYEQYF	1
CASSPWGLGPPNTGELFF	1
CASSPLLAGAGETQYF	1
CASSPPLDRAVDQPQHF	1
CASSPRTVTYEQYF	1
CASSPQGVGTDTQYF	1
CASSPGGGNEQFF	1
CASSPGTSGGFAREQYF	1
CASSPDWHTDTQYF	1
CASSPEGETQYF	1
CASSPETKGDTQYF	1
CASSPTQGNNEQFF	1
CASSPTGLVMIPGTGELFF	1
CASSPTGLAGGEQYF	1
CASSPTGTWETQYF	1
CASSPSLGASYEQYF	1
CASSPNRGRRENTEAFF	1
CASSPNGGQETQYF	1
CASSPNWLDLDTQYF	1
CASSPLGGPQETQYF	1
CASSPLARGGSSYEQYF	1
CASSPPGPPVSYEQYF	1
CASSPPLGTSSTDTQYF	1
CASSPPGFSSTGELFF	1
CASSPPGHIYGYTF	1
CASSPPTTGDTEAFF	1
CASSPRVGRVPNNEQFF	1
CASSPRRTSGRAFF	1
CASSPRGVYEQYF	1
CASSPRDSSTDTQYF	1
CASSPRTAYEQYF	1
CASSPRPEMPVEQFF	1
CASSPRQGRLVNTEAFF	1
CASSPQRGWPYEQYF	1
CASSPQNSGEKLFF	1
CASSPGTNRYPDEQYF	1
CASSPGTGRNEQFF	1
CASSPGNSYEQYF	1
CASSPGRGLAGGSSYNEQFF	1
CASSPGQGDQPQHF	1
CASSPGTYEQYF	1
CASSPEQGLAGNIQFF	1
CASSPISGASYEQYF	1
CASSPTSDFTDTQYF	1
CASSPTPREQETQYF	1
CASSPTGGVETQYF	1
CASSPRQVQETQYF	1
CASSPNAREGLYNEQFF	1
CASSPRRVLTDTQYF	1
CASSPRGRDGYTF	1
CASSPHPQGALVYEQFF	1
CASSPQGYEQYF	1
CASSPVTSSYNEQFF	1
CASSPAGSPYEQYF	1
CASSPGRGSIQYF	1
CASSPGFQGTQYF	1
CASSPGFGDEQFF	1
CASSPGQGNNEQFF	1
CASSPGTHTGELFF	1
CASSPGRVNEQFF	1
CASSPGQRAAYEQYF	1
CASSPGQKLEAFF	1
CASSPDVYEQYF	1
CASSPEGLAGGNEQFF	1
CASSPMGGREAFF	1
CASSPTQWSSRSYEQYF	1
CASSPTVRETQYF	1
CASSPTGFGETQYF	1
CASSPRRVTQETQYF	1
CASSPRGFGSAYEQYF	1
CASSPRGGYETQYF	1
CASSPSLAGSYEQYF	1
CASSPSQGGGKLFF	1
CASSPWGFSYEQYF	1
CASSPLRGGGETQYF	1
CASSPPGSVGNEQFF	1
CASSPPSGSSYNEQFF	1
CASSPPGVEQFF	1
CASSPPGHLTYEQYF	1
CASSPRGPRGETQYF	1
CASSPRDRGPETQYF	1
CASSPRTDDRTQYF	1
CASSPVTREETQYF	1
CASSPGTTSGADTQYF	1
CASSPGTGGPYFSTGELFF	1
CASSPGGKPTGRSRETQYF	1
CASSPEGVRQFF	1
CASSPILIVGDTQYF	1
CASSRSDSNYEQYF	1
CASSRRAASTDTQYF	1
CASSRGDTGELFF	1
CASSRGQGRGQETQYF	1
CASSRDSPYNEQFF	1
CASSRSGFQETQYF	1
CASSRRGKLAGEELSTDTQYF	1
CASSRNAGVNQPQHF	1
CASSRLGFPYEQYF	1
CASSRLDEQYF	1
CASSRPSPDREPYEQYF	1
CASSRVMAGELFF	1
CASSRVDRGRFYGYTF	1
CASSRGDRGLNTGELFF	1
CASSRDITGSYEQYF	1
CASSRRDKQYF	1
CASSRSGESHEQYF	1
CASSRRQGWDEQYF	1
CASSRGTSLTGELFF	1
CASSRGLAYTGELFF	1
CASSRDTSSYNEQFF	1
CASSRDLGGEKLFF	1
CASSRDPGGGSSPLHF	1
CASSRDRGWDQPQHF	1
CASSREGHRSYGYTF	1
CASSREGLVINEQFF	1
CASSRSEMNEQFF	1
CASSRPTGPSYNEQFF	1
CASSRQGGNTGELFF	1
CASSRQGIQPQHF	1
CASSRQEWVYGYTF	1
CASSRVGELFF	1
CASSRVGQRLNYGYTF	1
CASSRAQGGSYEQYF	1
CASSRAGSTDTQYF	1
CASSRAAGARTDTQYF	1
CASSHSVPMETQYF	1
CASSHSGPSYEQYF	1
CASSHLRGGPHTDTQYF	1
CASSHLVWDITNYGYTF	1
CASSHPTGGKATNEKLFF	1
CASSHRLAGGPGVGDTQYF	1
CASSHGSEQFF	1
CASSHIFSEQFF	1
CASSHRTSGGPLPLNTQYF	1
CASSHFDRDYGYTF	1
CASSHGPNNGYTF	1
CASSHGTENEKLFF	1
CASSHKRTASWQYF	1
CASSQRQPLSYNEQFF	1
CASSQGSYEQYF	1
CASSQGRGHQPQHF	1
CASSQGRGYEQYF	1
CASSQGQGAGETQYF	1
CASSQGTEQFF	1
CASSQGQALGYTF	1
CASSQGQGSLETQYF	1
CASSQGDGTEAFF	1
CASSQDSGEANSPLHF	1
CASSQTVAAGNEQFF	1
CASSQTGVAYNEQFF	1
CASSQSTSVPSYNEQFF	1
CASSQFRRMDTQYF	1
CASSQLETQYF	1
CASSQSPGLSTDTQYF	1
CASSQYTRYNEQFF	1
CASSQPPDPDRVSYNEQFF	1
CASSQPSGGGNNEQFF	1
CASSQPGTGDSQFF	1
CASSQVPITRTVSNTGELFF	1
CASSQVGPSYEQYF	1
CASSQVSGNSYNEQFF	1
CASSQVYRDRGWRETQYF	1
CASSQVPSIDEQYF	1
CASSQVNYVNYGYTF	1
CASSQVGSLRGGANEQFF	1
CASSQVGNYEQYF	1
CASSQVEGFNQPQHF	1
CASSQVVIYAGSTDTQYF	1
CASSQVGTRDNEQFF	1
CASSQAPGQGRHEQYF	1
CASSQALQETQYF	1
CASSQAPLGPYEQYF	1
CASSQAQHRGGYTF	1
CASSQATKRDTQYF	1
CASSQAGDQIETQYF	1
CASSQGQGSSYEQYF	1
CASSQGSGGSYNEQFF	1
CASSQGFSRDRIHEQYF	1
CASSQGARATSNTGELFF	1
CASSQGGGTYNEQFF	1
CASSQGSGRSQYNEQFF	1
CASSQGLIGRPIYEQYF	1
CASSQGLRDQETQYF	1
CASSQGRGPSYEQYF	1
CASSQGGQTQETQYF	1
CASSQGTGLFEAFF	1
CASSQGSGGPSDTQYF	1
CASSQDFTGEDEQYF	1
CASSQDFYEQYF	1
CASSQDSGLKETQYF	1
CASSQDYLAGGQETQYF	1
CASSQDYGGATDTQYF	1
CASSQDLASGRKETQYF	1
CASSQDLLSGRAEQYF	1
CASSQDLASYEQYF	1
CASSQDLRGTQYF	1
CASSQDPWRLSYNEQFF	1
CASSQDRIPATGELFF	1
CASSQDVTSLDEQYF	1
CASSQDVNYYGYTF	1
CASSQDATGGDPPRQPQHF	1
CASSQDGWRPYGYTF	1
CASSQDMRGNEQFF	1
CASSQDSGRGRSSPLHF	1
CASSQDLTANQPQHF	1
CASSQDLQGFGQPQHF	1
CASSQDPSGRAYEQYF	1
CASSQDPTVATDTQYF	1
CASSQEWGGLPYTDTQYF	1
CASSQEQGSYNEQFF	1
CASSQEGGYGYTF	1
CASSQEGKVEGTDTQYF	1
CASSQEGQLSTDTQYF	1
CASSQEIGGRSSYEQYF	1
CASSQELAGASDTQYF	1
CASSQEQPSYSGYEQYF	1
CASSQEVGNTGELFF	1
CASSQEALYEQYF	1
CASSQEGQYGPYNEQFF	1
CASSQSYEQFF	1
CASSQRGTPYTGELFF	1
CASSQRSGATNNEQFF	1
CASSQRTGDAGYTF	1
CASSQNRDIPNEQFF	1
CASSQKGLHNEQFF	1
CASSQKSTDTQYF	1
CASSVPGRETQYF	1
CASSVPGKETQYF	1
CASSVAVGYEQYF	1
CASSVMTSGYSTDTQYF	1
CASSVPGTGHTDTQYF	1
CASSVAGADTQYF	1
CASSVGAGGGNQPQHF	1
CASSVDRGDEQYF	1
CASSVTTSGGPRDTQYF	1
CASSVGWGGLTDTQYF	1
CASSVSSGGSILYEQYF	1
CASSVSPSYEQYF	1
CASSVSGSHTDTQYF	1
CASSVVGAASYNEQFF	1
CASSVVDQKRETQYF	1
CASSVATVGGPLTGELFF	1
CASSVAHQETQYF	1
CASSVAGPEQFF	1
CASSVGVTNEKLFF	1
CASSVGSGGTLAFF	1
CASSVGETQYF	1
CASSVGLRTYNEQFF	1
CASSVGGGYNEQFF	1
CASSVDKGPYTQYF	1
CASSVDSGGLLNEQFF	1
CASSVDPPGGTGDEQYF	1
CASSVDPRTYEQYF	1
CASSVEGGLAGGETQYF	1
CASSAIHRPSGTGELFF	1
CASSAPDGPQFF	1
CASSASSGGRNEQFF	1
CASSAPTGAGELFF	1
CASSAVDRGIYEQYF	1
CASSAMLGNYGYTF	1
CASSATSGESQETQYF	1
CASSAFETENVFYEQYF	1
CASSARLAGGTDTQYF	1
CASSAEHGTLEQYF	1
CASSGLGGDKYEQFF	1
CASSGLGLAETQYF	1
CASSGLVRGSPIAYNEQFF	1
CASSGAGTGPWPSYNEQFF	1
CASSGAGTQYF	1
CASSGGDTYTEAFF	1
CASSGASEGGEQYF	1
CASSGGTSGKGYNEQFF	1
CASSGDREYEQYF	1
CASSGTANYGYTF	1
CASSGFSREGEFFYEQYF	1
CASSGLAGSYEQYF	1
CASSGLAGGPYTGELFF	1
CASSGVQGAWDQPQHF	1
CASSDSPRGRGRETQYF	1
CASSDLNEQFF	1
CASSDHSFVLYF	1
CASSDGSYEQYF	1
CASSDTSGVTYEQYF	1
CASSDTGRSYEQYF	1
CASSDSNNEKLFF	1
CASSERNVEPLYNEQFF	1
CASSEVLGGEQFF	1
CASSETSGRGNEQFF	1
CASSETGGIYEQYF	1
CASSEVTGGVETQYF	1
CASSIHGTGVLPDLTDTQYF	1
CASSISGRGHNEQFF	1
CASSIAGTRTTDTQYF	1
CASSIGGPSGTAEQFF	1
CASSMFTDTQYF	1
CASSMGGGGTEAFF	1
CASSISRQGNTEAFF	1
CASSIPGQGPYEQYF	1
CASSTEWGRDSYEQYF	1
CASSTSTGLAGRATDTQYF	1
CASSTPSGSFYNEQFF	1
CASSTRTSGRETQYF	1
CASSTRPGPPKGDTQYF	1
CASSTATYEQYF	1
CASSTGTGNEQYF	1
CASSTGLAGERVRNEQFF	1
CASSTGQGSYGYTF	1
CASSTRGEQFF	1
CASSTGDANTGELFF	1
CASSTGFGQPQHF	1
CASSTGTETQYF	1
CASSSWVAGTKNIQYF	1
CASSSQTRGQGGYTF	1
CASSSRTNQETQYF	1
CASSSGQGSTEAFF	1
CASSRVRGYNEQFF	1
CASSRGLLDTGELFF	1
CASSRGQGANYGYTF	1
CASSRDPRGGELFF	1
CASSRVDYSGGNTGELFF	1
CASSNLEAGEQFF	1
CASSNLDGTDTQYF	1
CASSKYTADASYNEQFF	1
CASSKGTGGQPQHF	1
CASSKAGRGAYEQYF	1
CASSKAWEASGSHYEQYF	1
CASSKAPRPPWPPLGREQYF	1
CASSKGQGVDNEQFF	1
CASSKEPSSYNSPLHF	1
CASSKEGSGSSDTQYF	1
CASSKITGEERYEQYF	1
CASSKKRELGNEQFF	1
CASRLQGRKNIQYF	1
CASRLRGGNTGELFF	1
CASRSETYEQYF	1
CASRYIAGVTDTQYF	1
CASRPPGHKETQYF	1
CASRPPGQNYEQYF	1
CASRPDFIQDLSNQPQHF	1
CASRPSLVPGQGHTDTQYF	1
CASRPGSWGSYEQYF	1
CASRRSGGNSYEQYF	1
CASRRDYGYTF	1
CASRRQGTETQYF	1
CASRQTGGNSPLHF	1
CASRQVGQADTQYF	1
CASRVDRGTYNEQFF	1
CASRANGQGSNSPLHF	1
CASRGFRGPGYTF	1
CASRGLEQYF	1
CASRGSSLVSGELFF	1
CASRGEAGITDTQYF	1
CASRGMTGPNGTDDNGYTF	1
CASRGTGGQTQYF	1
CASRGRGTNYGYTF	1
CASRGQSSEQYF	1
CASRDRENEKLFF	1
CASRDRENYGYTF	1
CASREGDTGAPNEQFF	1
CASREVASGGSSYEQYF	1
CASREASGGHEKLFF	1
CASREGGASTDTQYF	1
CASRERLGASYEQYF	1
CASRIGASGRQEQFF	1
CASRTAGPYNEQFF	1
CASRTTGSTDTQYF	1
CASRTGLRNEQFF	1
CASRRHEQYF	1
CASRRTRLAGSYEQYF	1
CASRNQGVSTGELFF	1
CASRKTGRGGNQPQHF	1
CASRFAGAGELFF	1
CASRFGRAELYNEQFF	1
CASRLGGGTGELFF	1
CASRLNTQYF	1
CASRSGTGSGQPQHF	1
CASRSSGRGEQYF	1
CASRSYRGPSETQYF	1
CASRSRTLSTDTQYF	1
CASRSGLVAPDTQYF	1
CASRWTLSGEQYF	1
CASRYWATVVHSGNTIYF	1
CASRLNAASSSYNEQFF	1
CASRLTGEWQPQHF	1
CASRPGLAVAKNIQYF	1
CASRPLAYEQYF	1
CASRPPEISYNEQFF	1
CASRPVPHEKETQYF	1
CASRPGGPTDTQYF	1
CASRRTGAKNIQYF	1
CASRHPRHGYTF	1
CASRQGSGNTIYF	1
CASRQGLAENNEQFF	1
CASRGGEELYEQYF	1
CASRGLAGGPDTQYF	1
CASRMGLPYNEQFF	1
CASRTSGRALSNTGELFF	1
CASRTPGTTDTQYF	1
CASRTPNPRAEQYF	1
CASRSLAGINEQFF	1
CASRSPNHRDFNYGYTF	1
CASRRLEQYF	1
CASRRDGLSTDTQYF	1
CASRRQGSSGANVLTF	1
CASRNYEQYF	1
CASRKGQGINEQFF	1
CASNGLAGINEQFF	1
CASNTRGRMDF	1
CASNLGRGPGGSPLHF	1
CASNLWTAISYEQYF	1
CASNLLAGSFRDTQYF	1
CASNPPSGGTDTQYF	1
CASNPGSNSYNEQFF	1
CASNPPYQPQHF	1
CASNPGTRYNEQFF	1
CASNPGHLGEQYF	1
CASNPRGGLNTGELFF	1
CASNRQGTTAEQFF	1
CASNQQVIQETQYF	1
CASKLAGGPDNEQFF	1
CASKRAGEQYF	1
CASKGVRNEKLFF	1
CASKGGGQSSYEQYF	1
CASKPPGQLTYEQYF	1
CASKVRGQGEETQYF	1
CANPLLAALGETQYF	1
CANRKEQYF	1
CAGKGQGNTGELFF	1
CTSSSGSGGQLTDTQYF	1
CAGRQGPYNEQFF	1
CATRTGSTDTQYF	1
CASSLAGVSYNEQFF	1
CASSSGGGSYEQYF	1
CASSSGRVTDTQYF	1
CASSGGEQYF	1
CASCAQGAADTQYF	1
CASYETRGTGELFF	1
CASRLSGGSYEQYF	1
CASRGATGLYNEQFF	1
CASAARTDTQYF	1
CASALSVGQGFEQYF	1
CASARASGRYNEQFF	1
CASADLGTEAFF	1
CASGPLQGGTDTQYF	1
CASGAGSNTGELFF	1
CASGSGSYEQYF	1
CASGTGGGTGELFF	1
CASEDKGATGELFF	1
CASISREANTDTQYF	1
CASIGNSYEQYF	1
CASIPSGGGTDTQYF	1
CASMSGTSGRIEQFF	1
CASMGQLNTEAFF	1
CASMEEGYTDTQYF	1
CASTSRQMNTGELFF	1
CASTLGSSGGASTDTQYF	1
CASTPGQLAKNIQYF	1
CASTPKDTYEQFF	1
CASTPRWRLAILAKNIQYF	1
CASTQTSGRYGEQFF	1
CASTIWTGSSSYNEQFF	1
CASTRDSTNTEAFF	1
CASSFTGTNSYEQYF	1
CASSSTYEQYF	1
CASSWREGLDTQYF	1
CASSLAGGSNEQFF	1
CASSPWTGDNQPQHF	1
CASSPTGRIAGARYF	1
CASSPIGDPGELFF	1
CASSRRDSSYEQYF	1
CASSQTLGGKDYGYTF	1
CASSANRGRVNEQFF	1
CASSGGGSSYNEQFF	1
CASSGGTELYEQYF	1
CASSDEGPQYF	1
CASSDIYEQYF	1
CASSELRRAEEQFF	1
CASSESRGSGKSKQFF	1
CASSESGSWNEQFF	1
CASSEQGAGQPQHF	1
CASSESALAGSTDTQYF	1
CASSESRTGTGELFF	1
CASSEYSTRSEQYF	1
CASSEGRGQETQYF	1
CASSIFGGGTDTQYF	1
CASSMDRVNEQYF	1
CASSSYGLGTRGSYNEQFF	1
CASSFSGGSSYEQYF	1
CASSFPTTGELFF	1
CASSFQRRMNTGELFF	1
CASSFQSSGDTQYF	1
CASSFVEQYF	1
CASSFGQRVEDTQYF	1
CASSFTQSAEQYF	1
CASSFTAGTSGGDTQYF	1
CASSFSGRPYEQYF	1
CASSFSGTSTF	1
CASSFSMNEQFF	1
CASSFLSATVGEQFF	1
CASSFLTSGNQPDTQYF	1
CASSFQETDTQYF	1
CASSFGTSPENIQYF	1
CASSFGHEQYF	1
CASSFGELIAKNIQYF	1
CASSFDLNIQYF	1
CASSFDVNTGSTNTQYF	1
CASSFDGNPADTQYF	1
CASSFRGNQPQHF	1
CASSFKAEEQFF	1
CASSLFGGRSYNEQFF	1
CASSLFGDQPQHF	1
CASSLFGTPGTGELFF	1
CASSLFARSSTDTQYF	1
CASSLLSSGSYEQYF	1
CASSLLGDSYNNGYTF	1
CASSLLESSYNEQFF	1
CASSLSSGFYNEQFF	1
CASSLSGTGAYEQYF	1
CASSLSTGSGLAKNIQYF	1
CASSLYLGVTDTQYF	1
CASSLLAGGPTDTQYF	1
CASSLLGDRGVPQYF	1
CASSLPGTQQFF	1
CASSLRGAMNYGYTF	1
CASSLRPSGRVWNEQFF	1
CASSLQGEQYF	1
CASSLVSPGIEQFF	1
CASSLVPLYEQYF	1
CASSLVPGREKLFF	1
CASSLVAGFYEQYF	1
CASSLVTSGNKGDYNEQFF	1
CASSLVTGGSAEQFF	1
CASSLVRGDEQYF	1
CASSLVPVKAGEYNEQFF	1
CASSLVPGLLNQPQHF	1
CASSLVGQRALYEQYF	1
CASSLVGRNTDTQYF	1
CASSLVGTSGYPTDTQYF	1
CASSLVGSRDTQYF	1
CASSLVLAGNTDTQYF	1
CASSLVPASERYF	1
CASSLVGTTPTYEQYF	1
CASSLVGLAGGSMSDTQYF	1
CASSLVGLAGGSLSDTQYF	1
CASSLVLAGGYNEQFF	1
CASSLAVVNEQFF	1
CASSLAGSTTTGIRNIQYF	1
CASSLASWGNTGELFF	1
CASSLASRRTDTQYF	1
CASSLAWEGWNIQYF	1
CASSLAPRGGWDEQFF	1
CASSLAPTGTSGRVGSNEQFF	1
CASSLARGRTTYEQYF	1
CASSLARDYEQYF	1
CASSLAVGDTVDTQYF	1
CASSLAVGVNEQFF	1
CASSLAAGTGNNEQFF	1
CASSLAGTLTGELFF	1
CASSLAGTPYQYF	1
CASSLADGMNTEAFF	1
CASSLADGPYEQYF	1
CASSLARIPPNTEAFF	1
CASSLARFRGRTIYF	1
CASSLANAGGSYNEQFF	1
CASSLAPGQTAYEQYF	1
CASSLASGMTDTQYF	1
CASSLGVLTYNEQFF	1
CASSLGTLGQERHYEQYF	1
CASSLGHTGGGTDTQYF	1
CASSLGATDTQYF	1
CASSLGFEQFF	1
CASSLGLAAKRELFF	1
CASSLGSGPFNEQYF	1
CASSLGPNRDAEAFF	1
CASSLGRGYNEQFF	1
CASSLGASGDTQYF	1
CASSLGGSNQPQHF	1
CASSLGGRSGADTQYF	1
CASSLGGFEQFF	1
CASSLGGELGNQPQHF	1
CASSLGGQGYEQYF	1
CASSLGELSNIQYF	1
CASSLGTGGSNIQYF	1
CASSLGRGTAVAEAFF	1
CASSLGLDDTQYF	1
CASSLGRGPSTDTQYF	1
CASSLGAGVKNEQFF	1
CASSLGGQASPLHF	1
CASSLDPGWRSEAFF	1
CASSLDGQARLKQYF	1
CASSLDPPGGRNNEQFF	1
CASSLDRSGRGEQYF	1
CASSLDGLAGGLYEQYF	1
CASSLDGPYEQYF	1
CASSLDRYNEQFF	1
CASSLDKNIQYF	1
CASSLEPGGFAQYF	1
CASSLERGGRGDTQYF	1
CASSLEAVRGRLVATNEKLFF	1
CASSLEGPKLFF	1
CASSLEGRTGYGYTF	1
CASSLESEPYNEQFF	1
CASSLIQRVYNEQFF	1
CASSLMSGGTDTQYF	1
CASSLMGNSYEQYF	1
CASSLMRDRGYGYTF	1
CASSLTGIGGTGELFF	1
CASSLTSGEGNEQFF	1
CASSLTGLAQYEQYF	1
CASSLTGGTDTQYF	1
CASSLSSEQYF	1
CASSLSPGSNEQYF	1
CASSLSTGNTGELFF	1
CASSLSPGDQPQHF	1
CASSLSQGYNEQFF	1
CASSLRRGDRDTQYF	1
CASSLRGRDNEQFF	1
CASSLRQGPSKNIQYF	1
CASSLNVLAGGPTGELFF	1
CASSLNSGTYEQYF	1
CASSLNNEKLFF	1
CASSLKAGATDTQYF	1
CASSLFFGEQYF	1
CASSLLAGFSYEQYF	1
CASSLPAATYEQYF	1
CASSLPGTGGPDTQYF	1
CASSLRLRGPAKNIQYF	1
CASSLRRSTDTQYF	1
CASSLAGVTDTQYF	1
CASSLAGDLYEQYF	1
CASSLGREAQYPYEQYF	1
CASSLGGAGDTEAFF	1
CASSLGTRGPTGELFF	1
CASSLTGSSYNEQFF	1
CASSLTRTVTDTQYF	1
CASSLTGGTTYEQYF	1
CASSLTIGQGRDYGYTF	1
CASSLSLTSYNEQFF	1
CASSLRGDSYEQYF	1
CASSLRSGDGGDTQYF	1
CASSSLWGGADTQYF	1
CASSSDPSAKNIQYF	1
CASSSISHPEQYF	1
CASSSLPRTGTISNQPQHF	1
CASSSRYSTDTQYF	1
CASSSQPGGNEQFF	1
CASSSGTSGYNEQFF	1
CASSSGTANTEAFF	1
CASSSGTGPLYEQYF	1
CASSSGQGGVSPGELFF	1
CASSSDPTGGAPYNEQFF	1
CASSSMGSGDEQYF	1
CASSSSLAGLYNEQFF	1
CASSSPAGLRSSYNEQFF	1
CASSSRLAGGLGVDTQYF	1
CASSSGQGAIGTDTQYF	1
CASSSDSAVEQYF	1
CASSSMVGGRPYNEQFF	1
CASSSTSGDSYEQYF	1
CASSSTSYNEQFF	1
CASSSTTGIEQYF	1
CASSSKTGTGDNGYTF	1
CASSSQGFTDTQYF	1
CASSSAGGVGEQYF	1
CASSSGQGDQPQHF	1
CASSSDLTGYEQYF	1
CASSCRKTSGYEQYF	1
CASSWGPSLAGELFF	1
CASSWGGQNTGELFF	1
CASSWGEDTEAFF	1
CASSWGLANYEQYF	1
CASSWEGGKANSPLHF	1
CASSYKGENTGELFF	1
CASSYLGADTQYF	1
CASSLLAGGPVPNEQFF	1
CASSLPGDRGQPQHF	1
CASSLGLAKVYEQYF	1
CASSLPAYEQYF	1
CASSLVYFWGPMNTEAFF	1
CASSLAGGNEQFF	1
CASSLGTDRTYNEQFF	1
CASSLKRGNEQFF	1
CASSLSTVNTGELFF	1
CASSLPSGRSEQYF	1
CASSLRAGDYNEQFF	1
CASSLRTGEDEQYF	1
CASSLDSPEQYF	1
CASSLDRVAEQYF	1
CASSLENEQFF	1
CASSLTAAKNIQYF	1
CASSLKTAGGGEQYF	1
CASSPQTGSYEQYF	1
CASSPAAIAGGEQYF	1
CASSPGTVLAYEQYF	1
CASSPLDGGRNNEQFF	1
CASSPSRVAYNEQFF	1
CASSPSATRGDTQYF	1
CASSPLAGTAAYEQYF	1
CASSPLRAPTSNTQYF	1
CASSPPNTPGGPYEQYF	1
CASSPPDGYEQYF	1
CASSPRDRIYEQYF	1
CASSPAANSWLSSYNEQFF	1
CASSPAEGQPTEYF	1
CASSPSGRGGRFSTGELFF	1
CASSPRTQSYEQYF	1
CASSPSRLAGGETQYF	1
CASSPSEDGSYEQYF	1
CASSPLEGAFYEQYF	1
CASSPQAGATDEQYF	1
CASSPGGQLNQPQHF	1
CASSPGTGTGGFSYEQYF	1
CASSPGLAGVNTGELFF	1
CASSPGLAGGPSYNEQFF	1
CASSPGLDLYEQYF	1
CASSPGHFTDTQYF	1
CASSPGQGIYGYTF	1
CASSPTGASTYYEQYF	1
CASSPTGTSTEQFF	1
CASSPTGDQPQHF	1
CASSPRMGHPGATNEKLFF	1
CASSPNPGQGVYGYTF	1
CASSPWTGTNEQYF	1
CASSPYTRLWGSYEQYF	1
CASSPEGLWSGTGELFF	1
CASSRRGERVGTGELFF	1
CASSRALLVRVAGPEGMQYF	1
CASSRGLAGGTYNEQFF	1
CASSRTFGGQGYNEQFF	1
CASSRVAGSEQFF	1
CASSRGPFHYEQYF	1
CASSRTDYTSYEQYF	1
CASSRTGLGAGELFF	1
CASSRSGLAAETQYF	1
CASSRAPTGLLGDTQYF	1
CASSRDRDSYEQYF	1
CASSREGSGGYQETQYF	1
CASSHATTSGRSLYEQYF	1
CASSHPGLPDTQYF	1
CASSHGGISYEQYF	1
CASSQFSGNQPQHF	1
CASSQPTSGGLKETQYF	1
CASSQPLAASRDTQYF	1
CASSQVGQHNEQFF	1
CASSQGLGNEQFF	1
CASSQGLAGDQETQYF	1
CASSQGQGNTEAFF	1
CASSQDGSGRIYEQYF	1
CASSQEYRGRSSYEQYF	1
CASSQTRTGGYEQYF	1
CASSQRDLDPYEQYF	1
CASSQKRVGGDMDGYTF	1
CASSQSGTRVNEQFF	1
CASSQSGGGNYYGYTF	1
CASSQLPSEVETQYF	1
CASSQLDRFEREVRETQYF	1
CASSQLAGGPFYEQYF	1
CASSQPEGNEQYF	1
CASSQPLRGPGKNIQYF	1
CASSQPNRLRLAGGLYEQYF	1
CASSQVYRGLSYNEQFF	1
CASSQVAGDYEQYF	1
CASSQVEGGDFYEQYF	1
CASSQVRGSEQYF	1
CASSQVRDTYEQYF	1
CASSQVYHSPGGQYF	1
CASSQVLKETQYF	1
CASSQVVQTGELFF	1
CASSQVAQLGGRSTDTQYF	1
CASSQVTSTDTQYF	1
CASSQVSSGIGHYEQYF	1
CASSQVVSHRSSYNEQFF	1
CASSQVARGEQFF	1
CASSQVAGAGNEQFF	1
CASSQVGGEETQYF	1
CASSQAGAVGGNEQFF	1
CASSQATSGRETQYF	1
CASSQAPGLAGTSYEQYF	1
CASSQAGFEQYF	1
CASSQGLGRRNEKLFF	1
CASSQGNGAAIETQYF	1
CASSQGYFTDTQYF	1
CASSQGRIRDSSYNEQFF	1
CASSQGVGDNEQYF	1
CASSQGARRTSGRANEQFF	1
CASSQGQEETQYF	1
CASSQGGSYGYTF	1
CASSQGGQGANEQFF	1
CASSQDLATSGGYTQYF	1
CASSQDWAESYEQYF	1
CASSQDLSGNTIYF	1
CASSQDPGQGVHEQYF	1
CASSQDRVSGGSGELFF	1
CASSQDRLNQPQHF	1
CASSQDRTSEEFF	1
CASSQDHWTGGYEQYF	1
CASSQDVGSGSYEQYF	1
CASSQDALQGNTGELFF	1
CASSQDGRAYEQYF	1
CASSQDMGRNTIYF	1
CASSQDTASGNNEQFF	1
CASSQDNLAGGSYEQYF	1
CASSQDPGTRRRNEQFF	1
CASSQDPTGLTQETQYF	1
CASSQDVALNYGYTF	1
CASSQDIDLWNEQFF	1
CASSQEVSAPYNEQFF	1
CASSQEGFGEQYF	1
CASSQEDAGLVAYEQYF	1
CASSQESKLGAKNIQYF	1
CASSQEWATPQETQYF	1
CASSQELSGGLSEQYF	1
CASSQEPSGGGTDTQYF	1
CASSQENGGARPEYF	1
CASSQIGGPGDNEQFF	1
CASSQTSAYEQYF	1
CASSQRRTGLYEQYF	1
CASSQRIGAQPQHF	1
CASSQKGLSNEQYF	1
CASSVPGQYNEQFF	1
CASSVQGDEQFF	1
CASSAGRLAGGDEQFF	1
CASSAQGAGELFF	1
CASSARALTLTDTQYF	1
CASSARPWPKTYNEQFF	1
CASSGGDRPYEQYF	1
CASSGVRTGVNYEQYF	1
CASSGSGLYGYTF	1
CASSGGLASDTQYF	1
CASSGGQGNDFYEQYF	1
CASSGTDLRYEQYF	1
CASSGQGVGGRGSTDTQYF	1
CASSGGTAEYNEQFF	1
CASSDLGGEQYF	1
CASSDKGTGDLYEQYF	1
CASSEDGGRRPQHF	1
CASSEAGEGRNEQFF	1
CASSETGGDQPQHF	1
CASSIRGRSGAYNEQFF	1
CASSIAGTKYEQYF	1
CASSMDRTNEQFF	1
CASSTGTANTEAFF	1
CASSTGLAGAQQFF	1
CASSSGGDEQFF	1
CASSRLAGGLTDTQYF	1
CASSRGPIPNEKLFF	1
CASSRGQGATEAFF	1
CASSRTSGTYNEQFF	1
CASSNPPGQGHTGELFF	1
CASSNRALDTYNEQFF	1
CASSNRQGPTSYNEQFF	1
CASSNRTSGSTEQFF	1
CASSKENDYYEQYF	1
CASRSSRAEEDTQYF	1
CASRRTAQVDSPLHF	1
CASRAGTSGVNEQFF	1
CASRAGTTSEQYF	1
CASRTSGTYEQYF	1
CASRTAATPRQSSYNEQFF	1
CASRFTPGGDEQYF	1
CASRLEGWGTSGYNEQFF	1
CASRSASSYNEQFF	1
CASRWLAGGGSYNEQFF	1
CASRPGLGAYEQYF	1
CASRRTSGTLSYEQYF	1
CASRRTGSYEQYF	1
CASRQQPGLAADTQYF	1
CASRGTGKNIQYF	1
CASRGLAGGGYEQYF	1
CASRDTPSSYNEQFF	1
CASRTGTGPYEQYF	1
CASNLDQARSGELFF	1
CASNLLRRGGPYEQYF	1
CASNPGQGDDEQFF	1
CASNPQGSREQYF	1
CASNPGTAGADTQYF	1
CASNIGLAPAGELFF	1
CASKSSASTDTQYF	1
CASKGITNTGELFF	1
CASKGSSGVNEQFF	1
CASKTSYNSPLHF	1
CANPPKGGGEEQYF	1
CGTRGGGAPGRNTDTQYF	1
CTSQDIALSTDTQYF	1
CSFGASLAGGSDEQFF	1
CSFDSYNEQFF	1
CSLGASGGSTDTQYF	1
CSPYGSADTQYF	1
CSPQGPSHEQYF	1
CSVQRDSSYNEQFF	1
CSVIEAFF	1
CSVVQRERNIQYF	1
CSALGAEWEEQFF	1
CSASPGLAALRETQYF	1
CSASAGYSTDTQYF	1
CSAWSPGDSSYTF	1
CSAWADWEFF	1
CSAWTSGYEQYF	1
CSAYRFLAKNIQYF	1
CSAYTGGGLNEQFF	1
CSALRSGIEQETQYF	1
CSALDFPSYEQYF	1
CSAPWGGGYGYTF	1
CSAPRGGPDEQFF	1
CSAPTTTGELFF	1
CSARHPNSGKEQYF	1
CSARSGRRYYEQYF	1
CSAHLAGGAYEQYF	1
CSAQSQGGGSPLHF	1
CSAVRDRPNSPLHF	1
CSAGGGLAGTDTQYF	1
CSAGGSGRAGDEQYF	1
CSAGVGLGLIATDTQYF	1
CSAGSPVIQGGSRTYEQYF	1
CSAGEGPNNEQFF	1
CSAGTTDRKGNEQFF	1
CSAGRTSGRTYEQYF	1
CSADPGQGAHEQYF	1
CSAESSGHRSTDTQYF	1
CSAELPLTGGVYEQYF	1
CSAEPSPFRGYEQFF	1
CSAILRAVNTDTQYF	1
CSAIDTGGLYEQFF	1
CSAIPGTAVIASGHTF	1
CSATLARRTYEQYF	1
CSATPEAGRGGLYGYTF	1
CSATTPLAGGFSSYEQYF	1
CSATNRDSQQETQYF	1
CSATVGAPGYGYTF	1
CSATVQTYGYTF	1
CSATALDRGTNQPQHF	1
CSATGTGYGYTF	1
CSATPGNWADTEAFF	1
CSATNPAGSYNEQFF	1
CSATRDSNEQFF	1
CSATGSYEQYF	1
CSASLGQSSPLHF	1
CSASLRVTDTQYF	1
CSASSREGTQYF	1
CSASSGVGDTQYF	1
CSASLLPEQYF	1
CSASPSGTSGYNEQFF	1
CSASPLGVSDTQYF	1
CSASPLTSGHVEQYF	1
CSASPGETQYF	1
CSASVRSTYEQYF	1
CSASGGALDTQYF	1
CSASTQGAWNEQFF	1
CSASRNSNYGYTF	1
CSASNEAYEQYF	1
CSASWRGGTYNEQFF	1
CSASYIQGVLYEQYF	1
CSASLSAGGRNEQFF	1
CSASPGSGLSEQFF	1
CSASPAGDYNEQFF	1
CSASAAVTLWGQAPYEQYF	1
CSASGERAYEQYF	1
CSASGTSFDEQYF	1
CSASERRGNSPLHF	1
CSARSSGAYEQYF	1
CSARSVGYTF	1
CSARVSGGFNTGELFF	1
CSARVAGGSYNEQFF	1
CSARVAGGSYNEQFF	1
CSARARGHLEQYF	1
CSARGATGNTIYF	1
CSARGDQAYEQYF	1
CSARDPMTATLRTDTQYF	1
CSAREWRLNAYEQYF	1
CSARTSGSSEQYF	1
CSARTSGSTGELFF	1
CSARSQTSGAYEQYF	1
CSARNGQSSYEQYF	1
CSARKQGAGELFF	1
CSARKTGGGDVDEQYF	1
CSARFLDRGNSPLHF	1
CSARSGTSGATGELFF	1
CSARSTGQTLYEQYF	1
CSARPGTHEQFF	1
CSARRAPSGTYNEQFF	1
CSARRQSSTDTQYF	1
CSARHYRGQETQYF	1
CSARVIGGGAIETQYF	1
CSARVPSGSINEQFF	1
CSARVAAVSYNEQFF	1
CSARVGQGADTQYF	1
CSARVEAALLQQFF	1
CSARASGAPYEQYF	1
CSARAYEQYF	1
CSARAQPGPLMGGVKNIQYF	1
CSARAGDLEQYF	1
CSARAWQDYSNQPQHF	1
CSARGSGSVNEQYF	1
CSARGGTGLNEQFF	1
CSARGFSTDTQYF	1
CSARGPPYNEQFF	1
CSARGGRTSGGLDTQYF	1
CSARGGFLAGGSTDTQYF	1
CSARGEDPSEQYF	1
CSARGLAGAHREQYF	1
CSARDFTGGPYEQYF	1
CSARDLTASYEQYF	1
CSARDLLAGGNEQFF	1
CSARDSVAGVKNIQYF	1
CSARDSRGGRAQETQYF	1
CSARDWGEGHNEQFF	1
CSARDWDRDSNTQYF	1
CSARDLFRQKYNEQFF	1
CSARDLLAGGPGELFF	1
CSARDLRSYEQYF	1
CSARDLIGRSTDTQYF	1
CSARDPSGQGATEKLFF	1
CSARDPLRETQYF	1
CSARDPASGQETQYF	1
CSARDPGQRYEQYF	1
CSARDRTTSKNIQYF	1
CSARDRWGRVPDTQYF	1
CSARDRSGVLETQYF	1
CSARDHRGISYEQYF	1
CSARDQSPRQGPYEQYF	1
CSARDQDGFFNSPLHF	1
CSARDVTLAGDLETQYF	1
CSARDVRLAGYEQYF	1
CSARDGRRGTYNEQFF	1
CSARDGGPYEQYF	1
CSARDSRGGAGELFF	1
CSARDSGGARTGELFF	1
CSARDGARGNNEQFF	1
CSAREPSGSGFDEQYF	1
CSARERAGGAGYNEQFF	1
CSAREGGQPHYEQYF	1
CSAREWTSGRNEQFF	1
CSARELGNYEQYF	1
CSAREVARGGSHNEQFF	1
CSAREGRFHTDTQYF	1
CSARETSTSGSSKNIQYF	1
CSARRTASTDTQYF	1
CSARNPTRRLYEQYF	1
CSANGQGLTHEQYF	1
CSANIGLAKNIQYF	1
CSAKRAAHEQYF	1
CSAKSWLGERTRDYNEQFF	1
CSAKTSGNRLTQYF	1
CSASPSAEETQYF	1
CSASTGGLQPQHF	1
CSALGAGSTDTQYF	1
CSALGQDTDTQYF	1
CSALGRWVGNEQFF	1
CSALPQYF	1
CSAPRNRGTDTQYF	1
CSAPTGGDSSNIYNEQFF	1
CSAPGLAGTDTQYF	1
CSAPGLGGYEQYF	1
CSAPKGTSGGGEQFF	1
CSARGEYGYTF	1
CSAHGQGANNEKLFF	1
CSAQSSGTQYF	1
CSAARADTQYF	1
CSAAVAGGPLIEETQYF	1
CSAGTGTSTDTQYF	1
CSAEGHPMDYEQYF	1
CSAERGIYEQYF	1
CSATGTSGTNEQFF	1
CSATYRRVNTEAFF	1
CSATPRTSARNEQYF	1
CSATPEGLHTEAFF	1
CSASIQPVTQYF	1
CSARPGLASDTQYF	1
CSANSYGLAGGVNEQFF	1
CSAKAPTNTGELFF	1
CSASTGPTNEKLFF	1
CSALGQGAYEQYF	1
CSARTTQMNSPLHF	1
CSARLGVTGELFF	1
CSAGLEGETQYF	1
CSADGTGTSGGNEQFF	1
CSAEREIDTQYF	1
CSARHSVKNIQYF	1
CSAFAGTTSSYEQYF	1
CSALSSGIGTDTQYF	1
CSARRVGSINNSPLHF	1
CSAVDSYEQYF	1
CSAGGESYNEQFF	1
CSAGEQYF	1
CSARRTAQETQYF	1
CSARNSARDEQYF	1
CSGGGAQETQYF	1
CSKGGFLVSQETQYF	1
CSFPGEWETQYF	1
CSSTRSGLQETQYF	1
CSLYSATSGRGYEQYF	1
CSVVPLVVAGGNEQFF	1
CSVVNVGGASTDTQYF	1
CSVVYQGEQFF	1
CSVVTGSNEQYF	1
CSVVREVNYGYTF	1
CSVVKGSRETQYF	1
CSVALIEDRGHFPDPYEQYF	1
CSVADLGGSEQYF	1
CSVADALGGEKLFF	1
CSVGFGIRGDKNIQYF	1
CSVGLLAGDSYEQYF	1
CSVGLAGHDLSSYNEQFF	1
CSVGGQSQTYEQYF	1
CSVGKRDRGPETQYF	1
CSVDWGRGRETQYF	1
CSVDLAPTDTQYF	1
CSVDVGTSSYEQYF	1
CSVDMGGETQYF	1
CSVDNWTLRKETQYF	1
CSVDRPNGEQYF	1
CSVDQGMLETQYF	1
CSVDGSSSDNEQFF	1
CSVDGVRTTGELFF	1
CSVDGASGGAAYNEQFF	1
CSVESGKGHEQYF	1
CSVEALSTGNEQFF	1
CSVEGTGDSYEQYF	1
CSVEGQGKGETQYF	1
CSVEDRRTSGYEQYF	1
CSVEMGRGYGYTF	1
CSVELDATQYF	1
CSVERESYNEQFF	1
CSVEVSREGHEQYF	1
CSVEVNGQGPYEQYF	1
CSVEGRVNYGYTF	1
CSVEGSRQGYTGELFF	1
CSVEGGLAGRGNEQFF	1
CSVEGTSVRDTQYF	1
CSVEDQEPYEQYF	1
CSVEDPLGTGVGETQYF	1
CSVETPGQGYEQYF	1
CSVTPGLMADTQYF	1
CSVTRRLVEGADTQYF	1
CSVRTTGPQFF	1
CSVFPQGGEQFF	1
CSVPQPGTENTGELFF	1
CSVPGSPGNEQFF	1
CSVRTPLGTSVSSYNEQFF	1
CSVGSRTGSTGELFF	1
CSVITVYNEQFF	1
CSVPAGPTQFF	1
CSVTTSSTYNEQFF	1
CSVTQGNGEQFF	1
CSVTGDTDTQYF	1
CSAYRGKDEQYF	1
CSAGTGIHEQFF	1
CSAGTNSYEQYF	1
CSATRELGELFF	1
CSAKGQSNTGELFF	1
CSARGGRGDTQYF	1
CSAEAGPSTYEQYF	1
CSGEYGTEADTQYF	1
CSTDREGVTNTEAFF	1
CNGGGDGYEQYF	1
RASSLGTLNTGELFF	1
RASSLIGLGTKQPQHF	1
RASSLKVGPSGPETQYF	1
RASSSLVDCSTDTQYF	1
RASSSLLPRRRESYEQYF	1
RASSWTGGIPGELFF	1
RASSRIPGTILFSISTDTQYF	1
RASNEMVQGAIGETQYF	1
RARVGEGAYEQYF	1
CASSFSGANVLTF	3
CASTQGRETQYF	2
CASEPGGGVGGELFF	2
CASTPGQGAYNEQFF	2
CASSLGAEKRQFF	2
CASSYLSGASGANVLTF	2
CASSPAGQGNSYEQYF	2
CASSFGTGGYEQFF	2
CASSLDRRTGTLLETQYF	2
CASSLNRAYQPQHF	2
CASSQNRGSRPEAFF	2
CAGTAGAQETQYF	2
CASSFPAGNEQFF	2
CASSFVGKETQYF	2
CASSLGASQETQYF	2
CASSLGETQYF	2
CASSLKGWLTDTQYF	2
CASSPDPTPETQYF	2
CASSAAGRARSSYEQYF	2
CASSAGLAGVYNEQFF	2
CASSNRTGSYNEQFF	2
CSAEGGRTDTQYF	2
FAAGANNEQFF	1
CVQAGGPSTDTQYF	1
CVSAGGGHTGELFF	1
CASSLGPGLAGVSEQYF	1
CASSPDSGTSGIVDNEQFF	1
CASSPNPTGNTGELFF	1
CASSRYVTSGSEVYEQYF	1
CASSVLAGVSYNEQFF	1
CASSATGFRTGELFF	1
CASSTGLAGAEDTQYF	1
CASSAGEQYF	1
CASTPLLLLNEQFF	1
CASRGRTGTSGTSQETQYF	1
CAWALLEPNGYTF	1
CAWTLNPGRESPLHF	1
CAWTHRGLGDGELFF	1
CAWSVGGSGETQYF	1
CAWSVGETQYF	1
CAWSVSRGYGTGELFF	1
CAWSVASGRREQFF	1
CAWSVRTGRNNEQFF	1
CAWSEQPEAFF	1
CAWSPGQGTNEKLFF	1
CAWSHYGYTF	1
CAWRAGITHTQYF	1
CAPSRRENYNEQFF	1
CARLLQSNTGELFF	1
CAHAAESNEQFF	1
CAVLKGDTQYF	1
CAVDRSSGNTIYF	1
CAVLTAGGRNEQFF	1
CAVRHGGNQETQYF	1
CAASGRGGDEQFF	1
CAAGLAAYSEQFF	1
CAGQKQGIRTDTQYF	1
CAGAITGTTDTQYF	1
CAGNRVGDEQYF	1
CAGSRRGLPTDTQYF	1
CAGGRRARASAAAGELFF	1
CAGRTSDSTDTQYF	1
CADSSLSGPNSTNYGYTF	1
CAIRTGGSTEAFF	1
CAIHTDTQYF	1
CAISQLVYEQYF	1
CAISQNVWVAQETQYF	1
CAIGRGLQETQYF	1
CAIGGAGGTYNEQFF	1
CAIGRTGDEQYF	1
CAIILRVSYEQYF	1
CAITQGSSYNEQFF	1
CAISLSESKLNSPLHF	1
CAISLTLAGLFF	1
CAISQGANTGELFF	1
CAISVLAGGNTGELFF	1
CAISVQGGGETQYF	1
CAISVSGTYEQYF	1
CAISVYGTGTGELFF	1
CAISVIVAGSDSSYNEQFF	1
CAISVERDSYEQYF	1
CAISASGRAGGEQFF	1
CAISAGTGDYNEQFF	1
CAISAGQGLGNEQFF	1
CAISGPGFRYGEQYF	1
CAISGFGGGDTYEQYF	1
CAISGPGQGLQETQYF	1
CAISGIQASYNEQFF	1
CAISGQGRRQETQYF	1
CAISGGGDPIRSYEQYF	1
CAISDSDRGYQPQHF	1
CAISESSGSYNEQFF	1
CAISESPAQGTSFKTQYF	1
CAISESGYPRSDTQYF	1
CAISESRASGNQETQYF	1
CAISESTGPSTDTQYF	1
CAISESTGGSYEQYF	1
CAISESNLDRTDTQYF	1
CAISESKGRGTSTDTQYF	1
CAISEPARGSGRTRDEQYF	1
CAISEPSGSYNEQFF	1
CAISEQTSGGVVTDTQYF	1
CAISEARQDTGELFF	1
CAISEIRGMNYEQYF	1
CAISESYYEQYF	1
CAISESTGELFF	1
CAISERDRGAYNEQFF	1
CAISERLAGTTPYNEQFF	1
CAISEGAGVETQYF	1
CAISETLTAGGGYTF	1
CAISTSGSNSYEQYF	1
CAISTATRGGLRNEQFF	1
CAISSGVSSYNEQFF	1
CAISFVQGYNEQYF	1
CAISLTSGTAGETQYF	1
CAISLTGDEVNEQYF	1
CAISAAGRNTDTQYF	1
CAISDSSGSVNEQFF	1
CAISTRDRNTGELFF	1
CAISKSPNPGQGVSDTQYF	1
CAIRGGPSGGDYYEQYF	1
CAIRGQGPPTQYF	1
CAIRTAGTRTEQFF	1
CAIRLGLAGNYEQYF	1
CAIRPGAGGETQYF	1
CAIRGAGGVADTQYF	1
CAIREKGGSTDTQYF	1
CAIREATSGDYEQYF	1
CAIKAGGSSYEQYF	1
CAIKGTGIYEQYF	1
CAIKEGSQTGELFF	1
CAIKRDHNEQFF	1
CAISPGDGNEQYF	1
CAIQGMRTDTQYF	1
CAITFGGTSSYNEQFF	1
CATSAGVTDTQYF	1
CATPSGRAGIMKTQYF	1
CATRQGSNYGYTF	1
CATIETSGGAQFF	1
CATSSGNTEAFF	1
CATSSGTGGFGYGYTF	1
CATYDGIINEQFF	1
CATYRGTGELFF	1
CATLAGGIVTDTQYF	1
CATPAGVAYNEQFF	1
CATPDGVSYEQYF	1
CATRIATTGELFF	1
CATRGRGDYNEQFF	1
CATRDTTYEQYF	1
CATQRGASSYNEQFF	1
CATVLGTTGVGEQFF	1
CATGGEADYNEQFF	1
CATGTSERGELFF	1
CATESSVQNIQYF	1
CATEDRGNTGELFF	1
CATMLLSGRSSYEQYF	1
CATSFTSGRMREQFF	1
CATSPPGGSYNEQFF	1
CATSPPGPSYNEQFF	1
CATSRKATYNEQFF	1
CATSQGRGQETQYF	1
CATSVPNTGELFF	1
CATSVDRGRYNEQFF	1
CATSAGTPYEQYF	1
CATSALAGVTDTQYF	1
CATSATQGSGELFF	1
CATSATDPYEQYF	1
CATSAAGGPYEQFF	1
CATSGSRGGILEETQYF	1
CATSGPGTSGSGSSYEQYF	1
CATSGGGSYNEQFF	1
CATSGAGAYSGELFF	1
CATSGGGRAWTGVDTQYF	1
CATSDFVEATDTQYF	1
CATSDFVTRGYGATGELFF	1
CATSDFGTSVTNEQFF	1
CATSDFSGGSYNEQFF	1
CATSDLFERTQYF	1
CATSDLSSGRATDTQYF	1
CATSDLQETQYF	1
CATSDLAGTDNSGTSGSRTYNEQFF	1
CATSDLGTGLRQGGEQFF	1
CATSDLDGGQETQYF	1
CATSDLSGNSYNEQFF	1
CATSDLRTSGDEEQFF	1
CATSDSSWDSHTDIQYF	1
CATSDSSLAVLRDTQYF	1
CATSDSQGDTYNEQFF	1
CATSDSFREGQFF	1
CATSDSGTRMFTDTQYF	1
CATSDSGLGRPGELFF	1
CATSDWNSEGYNEQFF	1
CATSDPGHEQFF	1
CATSDPGLSYGYTF	1
CATSDPGQGNRNEQFF	1
CATSDPSGSSYNEQFF	1
CATSDPGADAYNEQFF	1
CATSDPGLAGGSEQYF	1
CATSDRSGHEYYNEQFF	1
CATSDDRPNEQFF	1
CATSDSPGKSDRGRETQYF	1
CATSDSGLADQETQYF	1
CATSDWGSGSTDTQYF	1
CATSDWTEINEQFF	1
CATSDYRSGRAGEQYF	1
CATSDLRDRDTGELFF	1
CATSDLGSNTDTQYF	1
CATSDPGQGETQYF	1
CATSDPGGAGSITGELFF	1
CATSDRRGVETQYF	1
CATSDRDGSSYEQYF	1
CATSDHAGLYKNNEQFF	1
CATSDGSRSYNEQFF	1
CATSEARTSGLYEQYF	1
CATSEAGTSSRDTQYF	1
CATSESPLAGAYNEQFF	1
CATSELAGAIYEQFF	1
CATSEHAGTWSSEQFF	1
CATSEVGSRKETQYF	1
CATSEEASGLHYEQYF	1
CATSIGTSGSFVEQFF	1
CATSTGGREEQYF	1
CATSSPGNTGELFF	1
CATSWGAPGSYNEQFF	1
CATSTTGSNQPQHF	1
CATSSSRGLLHEQFF	1
CATSSSWGEQFF	1
CATSSRGPAYEQYF	1
CATSRQGTGELFF	1
CATSRAHQETQYF	1
CATSRGSFLDNEQFF	1
CATSRGLAEPYNEQFF	1
CATSRDTRRSYEQYF	1
CATSRDPPFSGGNNEQFF	1
CATSRDPWVAGVSYNEQFF	1
CATSRDTGKGEQFF	1
CATREAGVTYEQYF	1
CATRNRGNNEQFF	1
CATNKAGGSYNEQFF	1
CATAGTSIGEQYF	1
CATGGEEQPQHF	1
CATGTSGYNEQFF	1
CATGTDSTDTQYF	1
CATMGQGSETQYF	1
CASSSRLAGNQETQYF	1
CASSLFRQDTEAFF	1
CASSRGYEQYF	1
CASSGPPRNEQFF	1
CASWDGAYEQYF	1
CASPRFRDALYEQYF	1
CASRTTINTGELFF	1
CASHQGSGSNQPQHF	1
CASQGGNTGELFF	1
CASVTHAQSDTEAFF	1
CASATGLRSYNEQFF	1
CASAVAGAMGELFF	1
CASGARGYEQYF	1
CASGHEEFF	1
CASTMKPNTGELFF	1
CASTPALSSYNEQFF	1
CASSSYPDNGYTF	1
CASSPMGAGYNEQFF	1
CASSRGQGTYEQYF	1
CASSIRIYEKLFF	1
CASSMDRGNTEAFF	1
CASSIGGTEAFF	1
CASSINSDYGYTF	1
CASSSSGTYYEQYF	1
CASSKDRATTDTQYF	1
CASRNRGDQPQHF	1
CASNYGYTF	1
CASNREGPYEQYF	1
CASNQGGGQPQHF	1
CASFKRAYEQYF	1
CASSLLGRQLANTGELFF	1
CASSQAGTGQGVEYNEQFF	1
CASSQGFGTGELFF	1
CASSTQGAKNIQYF	1
CASSNQENTEAFF	1
CASSLETSGHNEQFF	1
CASSPLAGTGSNQPQHF	1
CASSPGLASADTQYF	1
CASSPRRFTDTQYF	1
CASSPPLRRDTAYNEQFF	1
CASSPPPGPNTGELFF	1
CASSPPGLAGGEQYF	1
CASSPPGGPYEQYF	1
CASSPPRNTGELFF	1
CASSPGGSHNEQFF	1
CASSPIRIQENNEQFF	1
CASSEGQGGTYEQYF	1
CASLRGRPDTQYF	1
CASPGQPFLGPYEQYF	1
CASPPENRSDTQYF	1
CASPGTSGLQETQYF	1
CASPKKGQQYF	1
CASRLTGGYEQYF	1
CASRWIMNTGELFF	1
CASRDYRGGQDTQYF	1
CASRLSGAKNIQYF	1
CASHFGQGAYEQYF	1
CASHWAGEQYF	1
CASHRDTSSYEQYF	1
CASVGGGEFNEQFF	1
CASVGSPSYEQYF	1
CASVGPGELFF	1
CASAPLSGSTDTQYF	1
CASARHREDTQYF	1
CASATGEPSADTQYF	1
CASAYGGSAGNEQFF	1
CASARGASKNIQYF	1
CASAGTGVEQFF	1
CASGPMNTEAFF	1
CASGSILLTTNEKLFF	1
CASGRNNEQFF	1
CASGSGSLAKNIQYF	1
CASGSPGLGRNEQFF	1
CASGREINSPLHF	1
CASGQGGSYEQYF	1
CASGDRVYEQYF	1
CASGTGELFF	1
CASGGGGETQYF	1
CASGGLVASHTDTQYF	1
CASGRLAGGTNEQFF	1
CASGKGAYAYNEQFF	1
CASGLPGLAETGELFF	1
CASGLLALAYNEQFF	1
CASGLAGGYEQYF	1
CASGDEKLFF	1
CASGTERSYNEQFF	1
CASDRDSISYEQYF	1
CASDQTGELFF	1
CASDTLYGYTF	1
CASEPTRGAGPVDTGELFF	1
CASEDGTSGVYEQYF	1
CASERGSEQYF	1
CASEADNYTQYF	1
CASISRLSDNRDGYTF	1
CASIPTPGEKYNEQFF	1
CASIRLPTEYSYEQYF	1
CASIVQGYTGELFF	1
CASISTGNTEAFF	1
CASISGLGGEQYF	1
CASILGREPYEQYF	1
CASIPWGPDTGELFF	1
CASIPRLAGGHEQFF	1
CASIPVFLVWADTQYF	1
CASIVLGGRARSYNEQFF	1
CASIGLAGDTQYF	1
CASIGTDTDTQYF	1
CASIGLAGTPPNTGELFF	1
CASIGHNTDTQYF	1
CASIGKAGTSPYEQYF	1
CASIERRSGAETQYF	1
CASIKPGTGGGTQYF	1
CASMLRGTGSHGYTF	1
CASMRGASREQFF	1
CASMRRGPRYEQYF	1
CASMGQITTRLF	1
CASMETEFSYEQYF	1
CASMRYPGLAGVPQAAYF	1
CASMRGREAPSYEQYF	1
CASIPPGLAGAEQFF	1
CASIRQGDYGYTF	1
CASIRDNSYEQYF	1
CASTATETQYF	1
CASTGLSEQYF	1
CASTGLMFSTQYF	1
CASTETAPPEGYTF	1
CASTELASYNEQFF	1
CASTTAGTGYGYTF	1
CASTSGISYEQYF	1
CASTSGTSTDTQYF	1
CASTSGRAAGANVLTF	1
CASTKLAGPFQDTQYF	1
CASTKGRQGGRGSQHF	1
CASTFGGGETQYF	1
CASTFGHEQFF	1
CASTLPQRGGTDEQFF	1
CASTYLRGRGETQYF	1
CASTYSLKETQYF	1
CASTLSAGRDEQFF	1
CASTLRPRGINIQYF	1
CASTLGRATTYEQYF	1
CASTLGLLEQYF	1
CASTLDRLYNSPLHF	1
CASTLQGGTEAFF	1
CASTPLRLTPAKNIQYF	1
CASTPWRDAYNEQFF	1
CASTPRSNQPQHF	1
CASTPHRTGNTGELFF	1
CASTPGQGNQPQHF	1
CASTPGLATGDEQFF	1
CASTPGQGTYEQYF	1
CASTPDRGYLTNTEAFF	1
CASTPRSGRFNEQFF	1
CASTRTGTGFRNEQFF	1
CASTRSEGIRNTEAFF	1
CASTQETQYF	1
CASTARGLVNQPQHF	1
CASTDSRAYEQYF	1
CASTILRGRGLKQPQHF	1
CASTISPITGLGADTQYF	1
CASTTSTANYGYTF	1
CASTTLGDTQYF	1
CASTTYSNQPQHF	1
CASTTDLYQETQYF	1
CASTNRPGLAGAEQFF	1
CASTKTGYSYEQYF	1
CASTKEGDYEQYF	1
CASTFQSTPGGGNTIYF	1
CASTLEGTGSETQYF	1
CASTPRTGRDTEAFF	1
CASTGGASYNEQFF	1
CASTGQGNSPLHF	1
CASTGQDNTGELFF	1
CASTRWWELDTGELFF	1
CASTGTPPSHEQYF	1
CASTTAEAFF	1
CASSFLSAGSNQPQHF	1
CASSFSVQFSGLISSYNEQFF	1
CASSFSETQYF	1
CASSFSSGGPTDTQYF	1
CASSFSGTSGGTDTQYF	1
CASSFSRGSFRNQPQHF	1
CASSFWQGTYQPQHF	1
CASSFYSGGTETQYF	1
CASSFYSTDTQYF	1
CASSFLFGSGTQYF	1
CASSFLAGDLGELFF	1
CASSFPLDRATDTQYF	1
CASSFPGGKNTGELFF	1
CASSFRSTDTQYF	1
CASSFRQVEGIDQPQHF	1
CASSFRVGGAETYEQYF	1
CASSFVPGNSGRSHGELFF	1
CASSFVAGRTSVYF	1
CASSFAGANYEQYF	1
CASSFARGGLAGNMNEQFF	1
CASSFGRLTGELFF	1
CASSFGVGETQYF	1
CASSFGDQETQYF	1
CASSFGTGEQYF	1
CASSFTSGSGETQYF	1
CASSFTGGADYNEQFF	1
CASSFSQGAKTYEQYF	1
CASSFRVTSGGWADTQYF	1
CASSFNDAGHINNEQFF	1
CASSFNRAGHGYTF	1
CASSFKGVGELFF	1
CASSFLGGPGTEAFF	1
CASSFSQIYEQYF	1
CASSFSDRVNYGYTF	1
CASSFWRGETQYF	1
CASSFLAKNIQYF	1
CASSFPGTYNEQFF	1
CASSFPTITVFAGELFF	1
CASSFPRTGTDTQYF	1
CASSFPELPYEQYF	1
CASSFRLAGPSNEQFF	1
CASSFRRDRGSSYNEQFF	1
CASSFAATSGRNDEQYF	1
CASSFAGETQYF	1
CASSFALGGNTEAFF	1
CASSFGQSYEQYF	1
CASSFGGTSYEQYF	1
CASSFGRAYEQYF	1
CASSFGGGPGNTIYF	1
CASSFGTAGYEQYF	1
CASSFGSTDTQYF	1
CASSFGGNTGELFF	1
CASSFDGGWGDGIGTQYF	1
CASSFEGAWGEQYF	1
CASSFIAGETYEQYF	1
CASSFISGRHEQFF	1
CASSFIGPAYEQYF	1
CASSFRLAGRGEQYF	1
CASSLSPQDTQYF	1
CASSLWQWTGETPEQFF	1
CASSLWAMGQGEEKLFF	1
CASSLYRVHEQYF	1
CASSLLSSYEQYF	1
CASSLHTGRYDNEQFF	1
CASSLVAEPDTQYF	1
CASSLATQETQYF	1
CASSLGRFNEQFF	1
CASSLGPQETQYF	1
CASSLGNEQFF	1
CASSLGVWNTGELFF	1
CASSLGVGSGGSNQPQHF	1
CASSLGQGPYEQYF	1
CASSLGTAYQETQYF	1
CASSLDQETQYF	1
CASSLDSSEQYF	1
CASSLDRGLGYGYTF	1
CASSLDRGRTGELFF	1
CASSLEGAWLDNGYTF	1
CASSLETGGSGSGNTIYF	1
CASSLSSRDSDTQYF	1
CASSLRRGGYNEQFF	1
CASSLFGKGQRTQYF	1
CASSLLAVNTGELFF	1
CASSLLGVNEQFF	1
CASSLLIGTGVSPLHF	1
CASSLLSGTGWWGYTF	1
CASSLLLAGNNNEQFF	1
CASSLLGHTGELFF	1
CASSLSSGSYYEQFF	1
CASSLSQGARQPQHF	1
CASSLSGVGGQYF	1
CASSLSRGFKSNQPQHF	1
CASSLSVRTSGGFHNEQFF	1
CASSLSAAQLFF	1
CASSLSIGDRGAYEQYF	1
CASSLSRGQGTYEQYF	1
CASSLSPNKDEQYF	1
CASSLSQGYSSTDTQYF	1
CASSLWPRGRGETQYF	1
CASSLWGRQSYEQYF	1
CASSLYHEQYF	1
CASSLLMAGLYHEQFF	1
CASSLLGGNSNQPQHF	1
CASSLLATDTQYF	1
CASSLPGAQRHEQYF	1
CASSLPTSGVSSYNEQFF	1
CASSLRRGGVDTQYF	1
CASSLRQADTQYF	1
CASSLRLATDTQYF	1
CASSLRDYGYTF	1
CASSLHEGSLQETQYF	1
CASSLHDGQGAVGYTF	1
CASSLQWRADGYTF	1
CASSLQGWETQYF	1
CASSLQGMVDIQYF	1
CASSLQTGGGQPQHF	1
CASSLVWGGQPQHF	1
CASSLVGGVETQYF	1
CASSLVGSEQYF	1
CASSLVRVDTEAFF	1
CASSLAGDTLPTQYF	1
CASSLAIPYNEQFF	1
CASSLASYEQYF	1
CASSLAPGQGFHEQYF	1
CASSLAGSSSYNEQFF	1
CASSLAGTGNQPQHF	1
CASSLAGVAGDSETQYF	1
CASSLAGAAFGGETQYF	1
CASSLASGGAFF	1
CASSLASGKDTQYF	1
CASSLALAGNGYTF	1
CASSLALIIGGNTIYF	1
CASSLAPSYEQYF	1
CASSLAQGYRAHNEQFF	1
CASSLAQWTGNEQYF	1
CASSLAVNPSNTGELFF	1
CASSLAGTGELFF	1
CASSLAGDSYEQYF	1
CASSLADRGNTGELFF	1
CASSLAGSNEKLFF	1
CASSLGQPQHF	1
CASSLGGYTDTQYF	1
CASSLGSGSSDEQYF	1
CASSLGRGSQYEQYF	1
CASSLGNTDTQYF	1
CASSLGSSGSYEQYF	1
CASSLGLPYEQYF	1
CASSLGDRNSNQPQHF	1
CASSLGERYEQYF	1
CASSLGTAVTNTGELFF	1
CASSLGTVYEQYF	1
CASSLGSWGNQPQHF	1
CASSLGQGQIYEQYF	1
CASSLGGPTSGYTF	1
CASSLGITSGVEQFF	1
CASSLDLSGDSTDTQYF	1
CASSLDPYTPYEQYF	1
CASSLDIARGRYNEQFF	1
CASSLDYSTDTQYF	1
CASSLDTSSYEQYF	1
CASSLEYSSFGEQYF	1
CASSLEAVSNQPQHF	1
CASSLEGTGELFF	1
CASSLIITRQGATGELFF	1
CASSLIIGAAYEQYF	1
CASSLITRGVLGPAKNIQYF	1
CASSLISRETQYF	1
CASSLTTSHGELFF	1
CASSLTSTDTQYF	1
CASSLTRGGEQYF	1
CASSLTGLNEQYF	1
CASSLSFSGASGEKLFF	1
CASSLSPTRYSYEQYF	1
CASSLSVPGGAFF	1
CASSLSGNQPQHF	1
CASSLSLAGALSETQYF	1
CASSLRGWETQYF	1
CASSLRGANQPQHF	1
CASSLRLPVRSYEQYF	1
CASSLRPVGNTEAFF	1
CASSLRAGGTYNEQFF	1
CASSLNNEQFF	1
CASSLKDYGYTF	1
CASSLKTLLSYEQYF	1
CASSLKLRGLAVVQETQYF	1
CASSSFLPGPPYEQYF	1
CASSSSAAGGHNEQFF	1
CASSSPGTGGVLVTDTQYF	1
CASSSHSAGKETQYF	1
CASSSGRGGSDEQFF	1
CASSSTSMGYNEQFF	1
CASSSTSDTQYF	1
CASSSSGALSEQFF	1
CASSSSGASTDTQYF	1
CASSSLTSGGTDTQYF	1
CASSSYRANDEQYF	1
CASSSLYGYTF	1
CASSSLRQGHYEQYF	1
CASSSLAGRREQFF	1
CASSSRWLTQYF	1
CASSSGQAGIHEQYF	1
CASSSGVYEQYF	1
CASSSGAQETQYF	1
CASSSGTSGLGNEQFF	1
CASSSGTVSTDTQYF	1
CASSSDWANEQFF	1
CASSSIAGRNEQFF	1
CASSSTLQGTQPQHF	1
CASSSTGTGSYEQYF	1
CASSSSTGGSSYEQYF	1
CASSSRVEKLFF	1
CASSSRGGPPHEQYF	1
CASSSFGQGGGTEAFF	1
CASSSLGLAADNEQFF	1
CASSSGHYTDTQYF	1
CASSSGQESTDTQYF	1
CASSSGRVVAFF	1
CASSSTRDSNTQYF	1
CASSSTTDTQYF	1
CASSSTRDMNTEAFF	1
CASSSTGDGYTF	1
CASSSSGGGIRSTDTQYF	1
CASSSSYTGPSTDTQYF	1
CASSSPGTSGGVETQYF	1
CASSSQGAQAQPQHF	1
CASSSGGSKNIQYF	1
CASSSGAISYEQYF	1
CASSSTGVGNTEAFF	1
CASSWSFYAATNEKLFF	1
CASSWPDDTGELFF	1
CASSWGGGLAEYNEQFF	1
CASSWGPVGETQYF	1
CASSWGQGAGYEQYF	1
CASSYSASGAYEQYF	1
CASSYSRTQRDEQFF	1
CASSYRDEQYF	1
CASSYRGGYTF	1
CASSYGDRENTGELFF	1
CASSYEGTGNTIYF	1
CASSYSFPAGGPTDTQYF	1
CASSYSSSGGAWNEQFF	1
CASSYSQVTPTGTYEQYF	1
CASSYSQEETQYF	1
CASSYSGTGEETQYF	1
CASSYSVGEIQETQYF	1
CASSYSGPSGEQFF	1
CASSYSGDTQYF	1
CASSYSLGVGEQFF	1
CASSYSSAGELFF	1
CASSYSGLSGEKLFF	1
CASSYSGGGDTQYF	1
CASSYSGQGAGEQFF	1
CASSYSILPDNEQFF	1
CASSYSIGSSPNYGYTF	1
CASSYSIGESSYEQYF	1
CASSYSMPGGVRRWEKLFF	1
CASSYSTAGAGANVLTF	1
CASSYSTGRRTYEQYF	1
CASSYSSTEGRTDTQYF	1
CASSYSGSNEQFF	1
CASSYWGTGGSYEQYF	1
CASSYYGGSYEQYF	1
CASSYLPGQGRHEQYF	1
CASSYLTAPGSYEQYF	1
CASSYPPGRVRNEQFF	1
CASSYPGSFGYTF	1
CASSYPKTSGSPETQYF	1
CASSYRGADTQYF	1
CASSYAYRGKDGYTF	1
CASSYAGQGGSYEQYF	1
CASSYAGGPNEQFF	1
CASSYGLPEAFF	1
CASSYGSTSGTYNEQFF	1
CASSYGRDRVQFF	1
CASSYGFHNEQFF	1
CASSYGLAGGNEQFF	1
CASSYGGFGELFF	1
CASSYGGVRETQYF	1
CASSYGGQSAYEQYF	1
CASSYGGGSYNEQFF	1
CASSYGLEYNEQFF	1
CASSYGQLSYEQYF	1
CASSYDLSSKETQYF	1
CASSYEAGGYNEQFF	1
CASSYIYEQYF	1
CASSYTGDIDEQYF	1
CASSYTVQGTDTQYF	1
CASSYTGGDKRTDTQYF	1
CASSYSGGARTDTQYF	1
CASSYRGEQYF	1
CASSYRPSHEQYF	1
CASSLRERQQPQHF	1
CASSLPGPQETQYF	1
CASSLGYEQYF	1
CASSLGTTDTQYF	1
CASSLGQGAREQYF	1
CASSLIQGTNTGELFF	1
CASSLTTGYTF	1
CASSLGGGRRSYEQYF	1
CASSLQSFDEQYF	1
CASSLVGELFF	1
CASSLAGVIDTQYF	1
CASSLGFNSPLHF	1
CASSLIRVGASEQYF	1
CASSLTAYSYNEQFF	1
CASSPLSGPWQFF	1
CASSPPYEQYF	1
CASSPPGRVGEKLFF	1
CASSPRTGGETQYF	1
CASSPQRFQETQYF	1
CASSPQTGNEQFF	1
CASSPGRDRANYGYTF	1
CASSPILSGELFF	1
CASSPTSVGGLNTEAFF	1
CASSPRTDSSYEQYF	1
CASSPLTYEQYF	1
CASSPSYNEQFF	1
CASSPSRVGETQYF	1
CASSPWGAQETQYF	1
CASSPPLAAYYNEQFF	1
CASSPPRGSRAYEQYF	1
CASSPPGGETQYF	1
CASSPPQGPQHF	1
CASSPRAGTSTDTQYF	1
CASSPRDRVNEQFF	1
CASSPRTSGRDEQFF	1
CASSPRNTGELFF	1
CASSPQTGWYQETQYF	1
CASSPQAGSYEQYF	1
CASSPAPTEQYF	1
CASSPARGVYYEQYF	1
CASSPAYRGRNTIYF	1
CASSPAGTSGTWGEQYF	1
CASSPGLRASYEQYF	1
CASSPGLAGSTDTQYF	1
CASSPGQGAQHEQFF	1
CASSPDVYEQYF	1
CASSPTSAYEQYF	1
CASSPSGGAVYEQYF	1
CASSPRRDGIQYF	1
CASSPHFQGANTIYF	1
CASSPGGDEQFF	1
CASSPGMKQYF	1
CASSPDSVQPQHF	1
CASSPTRDTQYF	1
CASSPTLTTGRDRDEQFF	1
CASSPPGGSSFVSYNEQFF	1
CASSPPGLLSTDTQYF	1
CASSPRGDWQYF	1
CASSPQGRGYTF	1
CASSPAGPVLPLHF	1
CASSPGQYSNQPQHF	1
CASSPTGSHSYEQYF	1
CASSPRETQYF	1
CASSPNSLGVPYEQYF	1
CASSRTGTGNYEQYF	1
CASSRDYYEQYF	1
CASSRTYEQYF	1
CASSRTGGEQYF	1
CASSRSSGPGGYTF	1
CASSRRVTTGLAKNIQYF	1
CASSRTREREETQYF	1
CASSRTGQGARAYEQYF	1
CASSHPTSGGDSEQFF	1
CASSHGTEKYF	1
CASSHSDRAGRDSYEQYF	1
CASSHLLAGGPREQFF	1
CASSQGTLDHSSYEQYF	1
CASSVSPGNEQFF	1
CASSVWQGQGGQPQHF	1
CASSVPGDLGQGSDGYTF	1
CASSVQGNEQYF	1
CASSVSGGTDTQYF	1
CASSVLNGYTF	1
CASSVGTPSEQYF	1
CASSVGYYNEQFF	1
CASSVDRADTQYF	1
CASSVHGNTIYF	1
CASSVASNQPQHF	1
CASSAPEDTQYF	1
CASSASGGVTTGELFF	1
CASSARRRDRTEGTQYF	1
CASSAHKGGYTDTQYF	1
CASSADETYQETQYF	1
CASSADRGSQKLFF	1
CASSATGTQRYEQYF	1
CASSATGTPPDTQYF	1
CASSAGGAGTEAFF	1
CASSATSVPSGELFF	1
CASSGRDRGKADTQYF	1
CASSGRGAQGRAKNIQYF	1
CASSGGERYYEQYF	1
CASSGTGARRGTQYF	1
CASSGWETEFYEQYF	1
CASSGQGTYEQYF	1
CASSGTRHLDEQFF	1
CASSGTGGSYEQYF	1
CASSGRTEEGHF	1
CASSGQKEETQYF	1
CASSGAGSGQPQHF	1
CASSGTGSVNTEAFF	1
CASSDLNRYNSPLHF	1
CASSDSTGEETQYF	1
CASSDPVNTEAFF	1
CASSDESGEGTNEKLFF	1
CASSDFSGEYNEQFF	1
CASSDSAGLAGWGYEQYF	1
CASSDLNKNIQYF	1
CASSDLGRTYEQYF	1
CASSDRLAGDEQFF	1
CASSDEGLRALGETQYF	1
CASSDRWGTGELFF	1
CASSESPWGNTIYF	1
CASSEWSPNTEAFF	1
CASSELAGDTDTQYF	1
CASSEGTSGAYNEQFF	1
CASSEDRYLNIQYF	1
CASSEMEASGYNEQFF	1
CASSELGDNEQFF	1
CASSESLAYYEQYF	1
CASSESLRQETQYF	1
CASSEWRGLGEKLFF	1
CASSEYYEQYF	1
CASSELSLHVGPSYNEQFF	1
CASSELETQYF	1
CASSEPPTYRTSPLHF	1
CASSEPLDRVYGYTF	1
CASSEAVRVNEQFF	1
CASSEAAQGFTEAFF	1
CASSEASPRLNEQFF	1
CASSEASSWDRVVNEQFF	1
CASSEAPHQPQHF	1
CASSEAAVDYEQYF	1
CASSEGGHGQPQHF	1
CASSEGSRSYNEQFF	1
CASSEGGVINIQYF	1
CASSEEGGGADTQYF	1
CASSEEGTGNQPQHF	1
CASSEEFTLQETQYF	1
CASSEMGSRSYNEQFF	1
CASSETYQINYGYTF	1
CASSETSGRSYEQYF	1
CASSETGQNSYEQYF	1
CASSERAGREEQYF	1
CASSIRGQTYEQYF	1
CASSIGTGSYEQYF	1
CASSTTSSEQETQYF	1
CASSTTGGAFDYGYTF	1
CASSTLSSGGYNEQFF	1
CASSTPRGGVETQYF	1
CASSTRNAYEQYF	1
CASSTQEDSPDTQYF	1
CASSTGIPYEQYF	1
CASSTGTSIQETQYF	1
CASSTGATTGELFF	1
CASSTGVGPEQFF	1
CASSRGRAQSYEQYF	1
CASSRGTSGYNEQFF	1
CASSRGSSNQPQHF	1
CASSRETYSPLHF	1
CASSRTAHLNEQFF	1
CASSRSRSSYEQYF	1
CASSRQGRNEQFF	1
CASSRGVSYEQYF	1
CASSRGGTANTGELFF	1
CASSNLGGGSNTGELFF	1
CASSKVAGYEQYF	1
CASSKGDYGYTF	1
CASSKDSYQETQYF	1
CASSKDRGPYEQYF	1
CASSKTGGDPYGYTF	1
CASSKSTGIEQYF	1
CASSKLAGGQSPYNEQFF	1
CASSKRGIEYNEQFF	1
CASSKTGRETQYF	1
CASSFFGATSAPLGETQYF	1
CASSFLATGYNEQFF	1
CASSFSWGGQSNTEAFF	1
CASSFSETYEQYF	1
CASSFSGGGPNSPLHF	1
CASSFWGANEQFF	1
CASSFPGTTNTGELFF	1
CASSFPGPANEQFF	1
CASSFRLGRDTGELFF	1
CASSFRGTSLTYEQYF	1
CASSFREDRVEDTQYF	1
CASSFQGAAEQFF	1
CASSFQGKDQPQHF	1
CASSFQENNEQFF	1
CASSFAPGELFF	1
CASSFADTQYF	1
CASSFGGRDEQYF	1
CASSFGPGATLTDTQYF	1
CASSFGRTQSQYF	1
CASSFGPAGGETQYF	1
CASSFGVAQYF	1
CASSFGDQETQYF	1
CASSFDETQYF	1
CASSFTTAWVRELFF	1
CASSFTSSYEQYF	1
CASSFSQSSGKNNEQFF	1
CASSFSRPLGNEQFF	1
CASSFNKRAETQYF	1
CASSFKGAWETQYF	1
CASSFKTGGTDEQYF	1
CASSFSLLASPLKFTDTQYF	1
CASSFSPFGQYF	1
CASSFSPSYEQYF	1
CASSFSNRAPIQQYF	1
CASSFPLGLDEQYF	1
CASSFPGTNTGELFF	1
CASSFRAGTGKGEAFF	1
CASSFRDEQYF	1
CASSFRDSYEQYF	1
CASSFRQGDTEAFF	1
CASSFQGFDEQYF	1
CASSFQGANEQYF	1
CASSFQSRLQTQYF	1
CASSFVSGTSAYEQYF	1
CASSFVSRQETQYF	1
CASSFATSGNYEQYF	1
CASSFATSGPYEQYF	1
CASSFGGLPQGDTQYF	1
CASSFGNTYEQYF	1
CASSFGQVETGELFF	1
CASSFDFDQGNEQFF	1
CASSFTGKDEQFF	1
CASSFRWGINNEQFF	1
CASSFRLVSYNEQFF	1
CASSFNSGGFSYEQYF	1
CASSLFPGAIGELFF	1
CASSLFETRAGYTF	1
CASSLWILRSDTQYF	1
CASSLYPEDEQYF	1
CASSLYQETQYF	1
CASSLYNEQFF	1
CASSLPSNTDTQYF	1
CASSLRYGSIYNEQFF	1
CASSLQGAPNYGYTF	1
CASSLQDGAFLQETQYF	1
CASSLQQGFGSEQYF	1
CASSLVATGTSTDTQYF	1
CASSLVTGAYNEQFF	1
CASSLVASVSYEQYF	1
CASSLVRRDNPTDTQYF	1
CASSLVHGWDNIQYF	1
CASSLVVSTGELFF	1
CASSLAGGGEQYF	1
CASSLAGGFFSYEQYF	1
CASSLAIGVQGEQYF	1
CASSLARGRSSYNEQFF	1
CASSLAGDRVIGNTEAFF	1
CASSLGSGPYSYEQYF	1
CASSLGPLEVWDEQFF	1
CASSLGVPGYGEETQYF	1
CASSLGGAGGLYEQYF	1
CASSLGLRDSYYEQYF	1
CASSLGGPGELFF	1
CASSLGLAGGPTYEQYF	1
CASSLGRDRVYNEQFF	1
CASSLGDDSFSSNEQFF	1
CASSLGTYNEQFF	1
CASSLGSRDETQYF	1
CASSLGLSTDTQYF	1
CASSLGHSYEQYF	1
CASSLDGGTQYF	1
CASSLDTGSSYNEQFF	1
CASSLDPGTYEQYF	1
CASSLDRVSSYNEQFF	1
CASSLEGLPTRHTDTQYF	1
CASSLESDYKFF	1
CASSLEGLGTEETQYF	1
CASSLISSGSRETQYF	1
CASSLIRTGSYNEQFF	1
CASSLMTGAYEQYF	1
CASSLITSGIYNEQFF	1
CASSLTSPQETQYF	1
CASSLTGPFGYGYTF	1
CASSLTGATGELFF	1
CASSLSPDEQYF	1
CASSLSNTDTQYF	1
CASSLRGSPLHF	1
CASSLRGSSYEQYF	1
CASSLNTGTGIRYGYTF	1
CASSLNRGETQYF	1
CASSLKRGGRVYGYTF	1
CASSLFGRGAYEQYF	1
CASSLLELIYGYTF	1
CASSLLSGVGSTEAFF	1
CASSLLGQEVSYEQYF	1
CASSLSRNEQFF	1
CASSLSRAGVGQYF	1
CASSLSRGQYF	1
CASSLSVAVGLADLVNGDTQYF	1
CASSLSGLIQETQYF	1
CASSLSAGDGYEQYF	1
CASSLWLTGDDEQYF	1
CASSLWGDAGDYTEAFF	1
CASSLWETQYF	1
CASSLWEGGSSYNEQFF	1
CASSLWIAETQYF	1
CASSLYDSWDDEQFF	1
CASSLYTSGRYDNEQFF	1
CASSLYRGPLEQYF	1
CASSLLTTGDGEQFF	1
CASSLLAPNTGELFF	1
CASSLLAGGPPDTQYF	1
CASSLPFGRGDTQYF	1
CASSLPSGLAGIKNNEQFF	1
CASSLPRQGAGELFF	1
CASSLPGPSNQPQHF	1
CASSLRSGRAATDTQYF	1
CASSLRLELAGDNEQFF	1
CASSLRGGYSTDTQYF	1
CASSLRTYNEQFF	1
CASSLRRGSTDTQYF	1
CASSLQREPKQYF	1
CASSLQGYVAGELFF	1
CASSLVSRRTQGMEQYF	1
CASSLVSREKQYF	1
CASSLVWPSPIAKTGGNYGYTF	1
CASSLVLTGELFF	1
CASSLVPGKQETQYF	1
CASSLVRQETQYF	1
CASSLVAVSGYEQYF	1
CASSLVGLAGEEQFF	1
CASSLVRGNTEAFF	1
CASSLVSLAGGFNYEQYF	1
CASSLVSAGSQETQYF	1
CASSLVGASREVDTQYF	1
CASSLVGGTDTQYF	1
CASSLVGLAGPAPYTDTQYF	1
CASSLVLGQGYEQYF	1
CASSLVASGFTDTQYF	1
CASSLVATSGENEQFF	1
CASSLVADLSYEQYF	1
CASSLVGPDTQYF	1
CASSLVGGDTEAFF	1
CASSLVGGPTGELFF	1
CASSLVSGAFPYNEQFF	1
CASSLALWLADNEQFF	1
CASSLAGEQYF	1
CASSLAGGSNEQFF	1
CASSLASRGYNEQFF	1
CASSLAYRASGTDTQYF	1
CASSLALGTSGREQFF	1
CASSLARYGDEQFF	1
CASSLARVPNEQFF	1
CASSLAQNEQFF	1
CASSLAGTTRPYEQYF	1
CASSLAGTGAYEQYF	1
CASSLALGQSYEQYF	1
CASSLAAGTYEQYF	1
CASSLAAGRGSETQYF	1
CASSLAGARWGGYTF	1
CASSLAGGLGREQFF	1
CASSLAGGILETQYF	1
CASSLAGLAGALNTGELFF	1
CASSLAGTHEQYF	1
CASSLAKQPYTF	1
CASSLAGLAGEQFF	1
CASSLGWGYTDTQYF	1
CASSLGVLREPYEQYF	1
CASSLGGTQGDQPQHF	1
CASSLGGTGTDTQYF	1
CASSLGSRAYEQYF	1
CASSLGTGVSAYEQYF	1
CASSLGTGGEQYF	1
CASSLGYGGTDTQYF	1
CASSLGQTRGDEQFF	1
CASSLGASLNNEQFF	1
CASSLGAQRSYEQYF	1
CASSLGAGGLDETQYF	1
CASSLGGLAAEGAGELFF	1
CASSLGGQETQYF	1
CASSLGGTSGRYEQYF	1
CASSLGGPTNEKLFF	1
CASSLGDTGADTQYF	1
CASSLGDRGAYEQYF	1
CASSLGDRGYDEQFF	1
CASSLGISGSSYNEQFF	1
CASSLGIGNQETQYF	1
CASSLGTSSYNEQFF	1
CASSLGTPPGLAGGDNEQFF	1
CASSLGTGTWNSPLHF	1
CASSLGFAGGPSYEQYF	1
CASSLGSESNQPQHF	1
CASSLGPRSYNEQFF	1
CASSLGRTGPGKTQYF	1
CASSLGQGASGETQYF	1
CASSLGGSYEQYF	1
CASSLGGLSGSDNEQFF	1
CASSLGGGGLQETQYF	1
CASSLGTLPYEQYF	1
CASSLGRGSGIYGYTF	1
CASSLDSPPRVPISYEQYF	1
CASSLDLTGGPINEQFF	1
CASSLDLSYEQYF	1
CASSLDHTGGYQETQYF	1
CASSLDDRYNEQFF	1
CASSLDRGANAYEQYF	1
CASSLDPKETQYF	1
CASSLDVGTGKETQYF	1
CASSLDVNNEQFF	1
CASSLDASYEQYF	1
CASSLDRGHNQPQHF	1
CASSLEALYGQGTYEQYF	1
CASSLEAGEGDTQYF	1
CASSLEGSPRTQYF	1
CASSLEGTEAFF	1
CASSLEGQEQYF	1
CASSLEGGASGRGRDEQFF	1
CASSLEGGTYNEQFF	1
CASSLEEGGSSEQFF	1
CASSLESQGFSYEQYF	1
CASSLESGPVANEQFF	1
CASSLESLAGGRLPREQFF	1
CASSLEPGTGVFHEQYF	1
CASSLEHNSNQPQHF	1
CASSLEVTAYSNQPQHF	1
CASSLEVRRQYF	1
CASSLEGLAGDRRNEQFF	1
CASSLEGRSDTQYF	1
CASSLESGSSYNEQFF	1
CASSLERFRQRNEKLFF	1
CASSLIPGEAFF	1
CASSLIVPRRGDTQYF	1
CASSLIGGTTTDTQYF	1
CASSLITGGRETQYF	1
CASSLMRDEQFF	1
CASSLMGQGAFYEQYF	1
CASSLTRGGTGDTQYF	1
CASSLTFLARDPDATYGYTF	1
CASSLTDGLREGNEQFF	1
CASSLTGYQETQYF	1
CASSLTTRSGGRENEQFF	1
CASSLSPGRGRLGETQYF	1
CASSLSVLGRETQYF	1
CASSLSDHSAYGSRKLFF	1
CASSLRRLAGTDTQYF	1
CASSLRFRQGWETQYF	1
CASSLNQAGDTDTQYF	1
CASSLNSISFNTGELFF	1
CASSLNREETQYF	1
CASSLKTNPSGNTIYF	1
CASSLKKSLLYNEQFF	1
CASSLKRGKETQYF	1
CASSSFDKSYEQYF	1
CASSSYTSTDTQYF	1
CASSSPGQEFYEQYF	1
CASSSETVGIQYF	1
CASSSTSLPPTGGMGGYTF	1
CASSSSGVAKNIQYF	1
CASSSRYSGLAAYNEQFF	1
CASSSNYEQYF	1
CASSSFGGLLQETQYF	1
CASSSSPLADQPQHF	1
CASSSSRWGWYEQYF	1
CASSSWAVRATGELFF	1
CASSSWTERDTQYF	1
CASSSLHTGAYDRETQYF	1
CASSSLTSAGETQYF	1
CASSSLPGAGGYGYTF	1
CASSSLAGSYNEHFF	1
CASSSPRAGGLSNEQFF	1
CASSSPGGQETQYF	1
CASSSPFVSNEQFF	1
CASSSRSTPGTSGANNEQFF	1
CASSSRGRTLFQETQYF	1
CASSSRTSGYEQYF	1
CASSSRTGRETEAFF	1
CASSSRSYEQYF	1
CASSSGSYEQYF	1
CASSSGTSGLQETQYF	1
CASSSGLIGETQYF	1
CASSSGLAGDPDEQFF	1
CASSSGPSQYNEQFF	1
CASSSGQSNEKLFF	1
CASSSDTGGDTGELFF	1
CASSSDYEQYF	1
CASSSDRDATRAKNIQYF	1
CASSSIGPNQPQHF	1
CASSSTPWDRVNQPQHF	1
CASSSTRAGDTQYF	1
CASSSTTDTYEQYF	1
CASSSPLGPGELFF	1
CASSSPGISSYEQYF	1
CASSSRNPGLLRRQFF	1
CASSSHQPDTQYF	1
CASSSAGAEGTQYF	1
CASSSGGTQGEQYF	1
CASSSGTAAYEQYF	1
CASSSGRQGGNQPQHF	1
CASSSGQGSDTQYF	1
CASSSDLSAAVYEQYF	1
CASSSDTFYEQYF	1
CASSSRQSSYNEQFF	1
CASSSNRGPFNEQFF	1
CASSSRSATNEKLFF	1
CASSSQGDVSQNIQYF	1
CASSSARAGGFYEQYF	1
CASSSGRETQYF	1
CASSSGTYYNEQFF	1
CASSSGRLWYF	1
CASSSGQGSYEQYF	1
CASSSTGQGREQYF	1
CASSSRTGVPYEQYF	1
CASSSRPSPNTGELFF	1
CASSSNGGGSFSNQPQHF	1
CASSWVQMETQYF	1
CASSWGVEASYEQYF	1
CASSWGADTQYF	1
CASSWTGAREQFF	1
CASSYLGGGPRSTDTQYF	1
CASSYPGQGMNGELFF	1
CASSYDTSYEQYF	1
CASSYDSPYEQYF	1
CASSYIPGAGGDTQYF	1
CASSYLMQETQYF	1
CASSYPGQEQFF	1
CASSYPLLAGGPGDTQYF	1
CASSYRDRGNEQYF	1
CASSYSGRFSYEQYF	1
CASSYSGGPTGELFF	1
CASSYRQSADTQYF	1
CASSLSGGSYEQYF	1
CASSLWGGTAAYEQYF	1
CASSLLSGGGHEQYF	1
CASSLRPHRSYEQYF	1
CASSLQPGYEQFF	1
CASSLALGAGELFF	1
CASSLGTGKGGELFF	1
CASSLTTLGLQFF	1
CASSLSPGAGLAKNIQYF	1
CASSLRVDTGPRAYNEQFF	1
CASSLSSGDPGRETQYF	1
CASSLSPSGSTDTQYF	1
CASSLSAGEFGNEQFF	1
CASSLWGRRGSYEQYF	1
CASSLLSGGYNEQFF	1
CASSLPGREQYF	1
CASSLPGGGLHEQFF	1
CASSLRSAGVTYEQYF	1
CASSLRDRDNEQYF	1
CASSLVTPVSMAYNEQFF	1
CASSLGTSGRVTGELFF	1
CASSLSYEQYF	1
CASSLSHSSSYEQYF	1
CASSLLAGGPEETQYF	1
CASSLGGQGASIEQFF	1
CASSLGQGRNQPQHF	1
CASSLTSGAYQETQYF	1
CASSLKGTSGISYEQYF	1
CASSLFSGSTDTQYF	1
CASSLQTGVASGELFF	1
CASSLVTQGTLGTQYF	1
CASSLGAGTGIEETQYF	1
CASSLGGTGELFF	1
CASSLGRLSTGELFF	1
CASSLSGRDTGELFF	1
CASSLRGSGALETQYF	1
CASSLRQGSHTEAFF	1
CASSPPLRPSYNEQFF	1
CASSPGGAYEQYF	1
CASSPDWLNTGELFF	1
CASSPDGRFTDTQYF	1
CASSPIPGQGERGGYTF	1
CASSPIAGALYEQYF	1
CASSPTIQETQYF	1
CASSPTIPGGTGKQFF	1
CASSPRLAQQFF	1
CASSPKGQGTYEQYF	1
CASSPFWGTEAFF	1
CASSPFPRRLDTQYF	1
CASSPSSGQTYEQYF	1
CASSPSSGRVTYNEQFF	1
CASSPSTGLGATGELFF	1
CASSPLLPNNEQFF	1
CASSPPRGATNEKLFF	1
CASSPPSADTQYF	1
CASSPPGLAGELNTQYF	1
CASSPPDRGFFSGQETQYF	1
CASSPPQGYPSETQYF	1
CASSPQGTGRYEQYF	1
CASSPQGPSTDTQYF	1
CASSPQKGLASGAIEQFF	1
CASSPVGETQYF	1
CASSPGPLETQYF	1
CASSPGGGHSPLHF	1
CASSPGTSGRNEQYF	1
CASSPGTGVPSTDTQYF	1
CASSPGLARETQYF	1
CASSPDGLYGYTF	1
CASSPDSSYEQYF	1
CASSPDRDYGYTF	1
CASSPIQGGGETQYF	1
CASSPTRGGSYNEQFF	1
CASSPTRASGRTDTQYF	1
CASSPSGLAGLETQYF	1
CASSPKPAGDEQYF	1
CASSPSSMAGGEPQHF	1
CASSPLGQSNYGYTF	1
CASSPPSGSSYNEQFF	1
CASSPRSVTDTQYF	1
CASSPRGLAGGSKGNEQFF	1
CASSPREVAGVYEQYF	1
CASSPQTASYEQYF	1
CASSPQLGNEQFF	1
CASSPVWNTEAFF	1
CASSPGGWTDQETQYF	1
CASSPGLQETQYF	1
CASSPGGGPPSF	1
CASSPGDQNNYGYTF	1
CASSPGLAANIQYF	1
CASSPGQGYGYTF	1
CASSPDHMGEKLFF	1
CASSPDTNYEQYF	1
CASSPDSPRYEQYF	1
CASSPDRWVEQYF	1
CASSPDRGYAPLHF	1
CASSPDRGRFNSPLHF	1
CASSPDRMLYNEQFF	1
CASSPEGLAGDEQFF	1
CASSPEQGAGETQYF	1
CASSPEGAILTYNEQFF	1
CASSPISGPYNEQFF	1
CASSPIGTGRETQYF	1
CASSPTSTDTQYF	1
CASSPTGLRYEQYF	1
CASSPTGLSPLHF	1
CASSPTGVTTNEKLFF	1
CASSPSGGANNEQFF	1
CASSPRDRTDTQYF	1
CASSPKWQELFF	1
CASSPKGGSLYEQYF	1
CASSPYPNPPTDTQYF	1
CASSPYTGSYEQYF	1
CASSPPGHIYEQYF	1
CASSPRDWSSYNEQFF	1
CASSPRLAGIHNEQFF	1
CASSPQGLSTDTQYF	1
CASSPVAGAGNEQFF	1
CASSPGQGIGNEQFF	1
CASSPDSQPQHF	1
CASSPIGTSGHNEQFF	1
CASSPTTSSPLSYEQYF	1
CASSPSGGGFETQYF	1
CASSPSRGLWGYTF	1
CASSPRESSYNSPLHF	1
CASSPKPLAGGPKTQYF	1
CASSRRGANTGELFF	1
CASSRVLSEQFF	1
CASSRGLAGGPHNEQFF	1
CASSRISGSYGYTF	1
CASSRTSGAYNEQFF	1
CASSRTTDSNQPQHF	1
CASSRLFTSGKNTGELFF	1
CASSRLFSGTAETQYF	1
CASSRGAGGVETQYF	1
CASSRGAVTYEQYF	1
CASSRGTSGRAGSDTQYF	1
CASSRGTGPGELFF	1
CASSRGLAVLETQYF	1
CASSRDPAETQYF	1
CASSRSGIGYNEQFF	1
CASSRRGGLYEQYF	1
CASSRAGLAGGTYEQYF	1
CASSRDPSSYNEQFF	1
CASSRDAGGYTF	1
CASSRDRKETQYF	1
CASSREPGANVLTF	1
CASSRIIGGAGELFF	1
CASSRTSGYNEQFF	1
CASSRNLGDQPQHF	1
CASSRNPGLIYEQYF	1
CASSRNTGELFF	1
CASSRSGTGGETQYF	1
CASSRLAGTGELFF	1
CASSRPPTPSSYNEQFF	1
CASSRQVLNTGELFF	1
CASSRQGWVDSSRDQETQYF	1
CASSRQGLAGTDTQYF	1
CASSRQTQYF	1
CASSRVSMYNEQFF	1
CASSRATDTQYF	1
CASSRAMLRYNEQFF	1
CASSRGGADTGELFF	1
CASSRGTSFQPQHF	1
CASSRGSPQRIAKNIQYF	1
CASSRGAFNEQFF	1
CASSRDQSGGSPGRRGYTF	1
CASSREWGEQFF	1
CASSRTPRGKGETQYF	1
CASSHRRSAVPYEQYF	1
CASSHRFSGLAGDTGELFF	1
CASSHHVEAYEQYF	1
CASSHDGGPQETQYF	1
CASSHTGYEQYF	1
CASSHRGGQVAKNIQYF	1
CASSHGLAGGWDTQYF	1
CASSHNNYEQYF	1
CASSQPTGGQETQYF	1
CASSQQSTDTQYF	1
CASSQGPSQYSYNEQFF	1
CASSQGVAEILDEQYF	1
CASSQGPIVGKGGAYEQYF	1
CASSQGTRQETQYF	1
CASSQGVNADTQYF	1
CASSQGGGNQPQHF	1
CASSQDQETQYF	1
CASSQEIPSRGGGTLDEQFF	1
CASSQETGTSGGPRDTQYF	1
CASSQTENYGYTF	1
CASSQRTSSPYEQYF	1
CASSQRQGGYNEQFF	1
CASSQRTGGNTGELFF	1
CASSQFRDTNTDTQYF	1
CASSQFRTGVQETQYF	1
CASSQSRQFNSYEQYF	1
CASSQYKQGGFAYEQYF	1
CASSQLAGTNQPQHF	1
CASSQPGLGGNYGYTF	1
CASSQPLQGRWYGYTF	1
CASSQHKRNTDTQYF	1
CASSQVEYEQYF	1
CASSQVIETQYF	1
CASSQVTGTSGYEQYF	1
CASSQVRNEQFF	1
CASSQVGTDMSDEQYF	1
CASSQVEERDSYYNEQFF	1
CASSQVWGFEQYF	1
CASSQVGSQETQYF	1
CASSQVGRGSSYEQYF	1
CASSQVSGSGNEQFF	1
CASSQAPGLDNQPQHF	1
CASSQAVGPGTQYF	1
CASSQAVGSNQPQHF	1
CASSQAFAVDTQYF	1
CASSQARLAGGTDTQYF	1
CASSQARAASSYEQYF	1
CASSQAGLSYNEQFF	1
CASSQAGADTQYF	1
CASSQAIRRENYGYTF	1
CASSQGWKWDPNYEQYF	1
CASSQGPGPGQPQHF	1
CASSQGQGSGELFF	1
CASSQGASLTNEQFF	1
CASSQGPDSPLHF	1
CASSQGTGVGDEQYF	1
CASSQGLPTTQYF	1
CASSQGLAGASYEQYF	1
CASSQGREDTQYF	1
CASSQGGSENEQYF	1
CASSQGTGVNQPQHF	1
CASSQGNQPQHF	1
CASSQDFAGSYEQYF	1
CASSQDYTMRDNHNEQFF	1
CASSQDLGSSVSYQETQYF	1
CASSQDRLDVGDTQYF	1
CASSQDQYIPSEQYF	1
CASSQDVDRVGYEQYF	1
CASSQDVVRGYTF	1
CASSQDASYGYTF	1
CASSQDGSGLTYEQYF	1
CASSQDSLQGGRNNEQFF	1
CASSQDSPEQFF	1
CASSQDWGESYEQYF	1
CASSQDWDAPNEKLFF	1
CASSQDRVGPQYF	1
CASSQDRQGSYEQYF	1
CASSQEWASLSEQFF	1
CASSQEPFSTDTQYF	1
CASSQEEGGSIHNEQFF	1
CASSQELRAGITVEQYF	1
CASSQELEAATYEQYF	1
CASSQEASSGISDTQYF	1
CASSQEGFQETQYF	1
CASSQEGGETDGFAGGRADTQYF	1
CASSQEGPGAAYEQYF	1
CASSQEGGAYEQYF	1
CASSQERVSEQYF	1
CASSQISGEAYEQYF	1
CASSQIAARETQYF	1
CASSQTLGQGPSYNEQFF	1
CASSQTTATYEQYF	1
CASSQSDRGNNEQFF	1
CASSQRSTGGETQYF	1
CASSQRGMRDGLEQYF	1
CASSVLGVDGGGTEAFF	1
CASSVDSNQPQHF	1
CASSVDPGANNEQFF	1
CASSVPGLAGAGYETQYF	1
CASSVGTTLYEQYF	1
CASSVTFSGELFF	1
CASSVRGSGTGELFF	1
CASSVAGLVYYEQFF	1
CASSVGGGTEAFF	1
CASSVGTSGIYEQYF	1
CASSVGGGYEQYF	1
CASSVSRGQNTEAFF	1
CASSVVMGHPTDTQYF	1
CASSVVADPSYNEQFF	1
CASSVVMGSGSGDNEQFF	1
CASSVARLDRSLGELFF	1
CASSVGGDTQYF	1
CASSVGLASFLLGYEQYF	1
CASSVGGGSPYEQYF	1
CASSVGTGEHNEQFF	1
CASSVGSPTWDEQFF	1
CASSVGEGVSYEQYF	1
CASSALPTGDNEQFF	1
CASSARTGRYNEQFF	1
CASSAGTGELNYGYTF	1
CASSAKSPGLGYGELFF	1
CASSAGTGQIEQYF	1
CASSALRDYYTDTQYF	1
CASSAGGFRTGELFF	1
CASSAGLAEGNEQFF	1
CASSATTSYNEQFF	1
CASSGYNEQFF	1
CASSGPLADEQFF	1
CASSGVAGGPIYEQYF	1
CASSGPSQETQYF	1
CASSGVVGLAAYEQYF	1
CASSGGQAPITSYEQYF	1
CASSGGSSTDTQYF	1
CASSGTGSALGETQYF	1
CASSGTYNEQFF	1
CASSGTGPPSFFEQYF	1
CASSGPAGASNTGELFF	1
CASSGILGLADHEQYF	1
CASSGTSNQPQHF	1
CASSDRRRLQETQYF	1
CASSDGQFTEAFF	1
CASSDGGQQYF	1
CASSERGPGTGELFF	1
CASSEGLPVSYEQYF	1
CASSEMGTVSYEQYF	1
CASSERRIQHF	1
CASSELGMAETLAQYF	1
CASSEPGTAVGEQYF	1
CASSERRTGGFYNEQFF	1
CASSEHFAQGAGGYTF	1
CASSEQATLTDTQYF	1
CASSEGRGAGYEQYF	1
CASSESGSTSYEQYF	1
CASSITVGEQYF	1
CASSILLASGELFF	1
CASSIRDSQYEQYF	1
CASSIAMDTQYF	1
CASSIGTSDYEQYF	1
CASSIRVAWDQETQYF	1
CASSIGGSPLHF	1
CASSIDTISYEQYF	1
CASSINPGQSSYEQYF	1
CASSTLVEETQYF	1
CASSTGQPAGGNTIYF	1
CASSTRVSGGSNDTQYF	1
CASSTPKIAGGSDTQYF	1
CASSTPWTSGRFHSYNEQFF	1
CASSTPTSGSYYEQYF	1
CASSTHYEQYF	1
CASSTGPRETQYF	1
CASSTGGQTNEQFF	1
CASSTGTSGFSYNEQFF	1
CASSTESDSSYEQYF	1
CASSTQPGQGSYEQYF	1
CASSTGQGGYTF	1
CASSTLPGTSGSIEQFF	1
CASSTRTSGVNEQFF	1
CASSTQDRPERYEQYF	1
CASSTNSYNSPLHF	1
CASSSTGGGYEQYF	1
CASSSRRYQETQYF	1
CASSRGTGHPGELFF	1
CASSRVSTYEQYF	1
CASSRGQGGMNTEAFF	1
CASSRDYEQYF	1
CASSNSGYTF	1
CASSNGQGRKTQYF	1
CASSNRANYGYTF	1
CASSNKGRTGGGYEQYF	1
CASSKVEGRNQPQHF	1
CASSKAPEYTEAFF	1
CASSKGLPGKHQFF	1
CASSKGLVEAEQFF	1
CASSKFTGSNTEAFF	1
CASSKPGHGNEQFF	1
CASSKPGLAGGEQFF	1
CASSKGRAS	1
CASSKGARRTGDRDPPVGVEQYF	1
CASSKGDRRGPYNEQFF	1
CASSKDTLWTGELFF	1
CASSKENRGLSSYEQYF	1
CASSKTGLNYNEQFF	1
CASSKTMTGEAFF	1
CASSKRWGQGFYEQYF	1
CASRFEGGGSTYNEQFF	1
CASRLVFWALDTEAFF	1
CASRLGGSPYNEQFF	1
CASRLTAVSNEQFF	1
CASRSGLSNQPQHF	1
CASRWEGSSYEQYF	1
CASRLLYGYTF	1
CASRLNVGGPDTQYF	1
CASRPALVGNEQFF	1
CASRPRGGYSYEQYF	1
CASRPSPGPSYEQYF	1
CASRPGLATFSEQYF	1
CASRPGLGGYNEQFF	1
CASRPTRDVSTYEQYF	1
CASRRSLNSPLHF	1
CASRHFGLAGQSETQYF	1
CASRQDGYSNQPQHF	1
CASRQSYEQYF	1
CASRVRTSPGYEQYF	1
CASRVQVTQYF	1
CASRVSGYTDTQYF	1
CASRVAGGETQYF	1
CASRATLNQPQHF	1
CASRASGASYNEQFF	1
CASRARDRSREKLFF	1
CASRATGANTGELFF	1
CASRALFNPNEQFF	1
CASRGREGSPLHF	1
CASRGLRANVLTF	1
CASRGSRVEQFF	1
CASRGLAEYEQYF	1
CASRGPGGRSGELFF	1
CASRGGTQETQYF	1
CASRGGRGYTEAFF	1
CASRGDSSYEQYF	1
CASRGTSGRPGGEQFF	1
CASRGTGIYNEQFF	1
CASRGLAGVGNTGELFF	1
CASRDPGQGAGETQYF	1
CASRDLTDTQYF	1
CASRDYGTQYF	1
CASRDRAATGELFF	1
CASRIRAEQFF	1
CASRISSNYGYTF	1
CASRTSGGLAEQFF	1
CASRTGTSVTDTQYF	1
CASRTGSTYNEQFF	1
CASRTGTGGDKVF	1
CASRTDSLYEQYF	1
CASRTAQGIPTDTQYF	1
CASRTDSAAVYQPQHF	1
CASRSRGADTQYF	1
CASRREETEQFF	1
CASRRGGSYEQYF	1
CASRNRGGSSGNTIYF	1
CASRFPGSSYNEQFF	1
CASRSIDRVPYEQYF	1
CASRSSSGDSPLHF	1
CASRSHGTGELFF	1
CASRSQGWGRDPFSYF	1
CASRYTSDTQYF	1
CASRLGIRGSSSYNEQFF	1
CASRLAGGYNEQFF	1
CASRPYRGENTGELFF	1
CASRPITGIYEQYF	1
CASRPRPLQGVHEQYF	1
CASRPQTGLHSGELFF	1
CASRPGTAREQFF	1
CASRPSGGHPDTQYF	1
CASRPGLTVLQETQYF	1
CASRPETFTQQFF	1
CASRPTVAKNIQYF	1
CASRPDWGNEQFF	1
CASRPKNQGYGYTF	1
CASRRDTELLRSGNTIYF	1
CASRRLQGTDTQYF	1
CASRRQGTQNYGYTF	1
CASRHGQGADVETQYF	1
CASRHSYEQYF	1
CASRHLSGANTGELFF	1
CASRQWASRTDTQYF	1
CASRQGYEQYF	1
CASRVSEEVVNEQFF	1
CASRATGNYGYTF	1
CASRAVFGEGPETQYF	1
CASRGDSSYEQYF	1
CASRGLPGLAGHDWYNEQFF	1
CASRGSGTGGRETQYF	1
CASRGGEETQYF	1
CASRGTNYNEQFF	1
CASRGPGWETQYF	1
CASRDGLASDTQYF	1
CASRDERTGGNQPQHF	1
CASRDSSYEQYF	1
CASRETGSYEQYF	1
CASRESGRDTGELFF	1
CASRIGRGEPLF	1
CASRTSDFSYNEQFF	1
CASRSGLAGGSSYNEQFF	1
CASRNRTHDWDEQFF	1
CASRKEFLLETRNVSDTQYF	1
CASNSRGGANEQYF	1
CASNLRRTGAGELFF	1
CASNPGTSGYNEQFF	1
CASNGGTSSYNEQFF	1
CASNEGPGELFF	1
CASNIAGEGYNEQFF	1
CASNFIPENEQFF	1
CASNSPKEDPVNEQFF	1
CASNRGSVREQYF	1
CASNGEQGTTNEKLFF	1
CASNTGVGGYNEQFF	1
CASKLPYRYEQYF	1
CASKSSGHYNQPQHF	1
CASKQIQHLTGELFF	1
CASKGGQGYEQYF	1
CASKEGSGGLYF	1
CASKNGVTAEPQHF	1
CASKLGQGLTYEQYF	1
CASKRQVPATNEKLFF	1
CASKIRRFGADTQYF	1
CASKTGTLQETQYF	1
CARFRSSSYNEQFF	1
CANPLWGRGNTEAFF	1
CANAGTGSEIPTDTQYF	1
CASRSNDRNQPQHF	1
CETSRDRGGHEQYF	1
CASRREGRSYNEQFF	1
CASRGSGYEQYF	1
CATRRDTFYEQYF	1
CATTIGDTTDTQYF	1
CASGGQGNEQFF	1
CASTTGTQDNQQFF	1
CASKVPGLENTGELFF	1
CASFGLTDTQYF	1
CASFRDNSYEQYF	1
CASSPGQGAGELFF	1
CASSALAGSIASTDTQYF	1
CASYRDLGAYEQYF	1
CASLAAPGGGYYEQYF	1
CASPPSSKGQNIQYF	1
CASPGQEVYEQYF	1
CASQGLANTGELFF	1
CASVVGGSSTDTQYF	1
CASALVVGQPQHF	1
CASAIGAVSTDTQYF	1
CASAGPFYNEQFF	1
CASGETAPGEKLFF	1
CASGQGDTDTQYF	1
CASEVGSGSYEQYF	1
CASIEQGNTEAFF	1
CASIEGGELFF	1
CASTPGRFDFSGYTF	1
CASTRGGLDEQYF	1
CASTLGGTGTYEQYF	1
CASTYGGNGETQYF	1
CASTLADSPQETQYF	1
CASTLAGQGAGELFF	1
CASTLLAGGLNTGELFF	1
CASTNAGTSGGALGIQYF	1
CASSFMPGQGREYNEKLFF	1
CASSLWDRATTDTQYF	1
CASSLGHSSYNEQFF	1
CASSYSGTGSNEQFF	1
CASSYPGLAGGTIVETQYF	1
CASSYSVTTGELFF	1
CASSPGPWANEQFF	1
CASSRTGGVWDTIYF	1
CASSRDRGSTGELFF	1
CASSRDRRREQYF	1
CASSQGTAPHQPQHF	1
CASSQGQGYTF	1
CASSVGRASNTGELFF	1
CASSVERIVEQYF	1
CASSAQGQGRVKEETQYF	1
CASSAGQTYEQYF	1
CASSGGTSPTGELFF	1
CASSGIYEQYF	1
CASSDLTVGALEQYF	1
CASSDGLAGVRDTQYF	1
CASSDPLAGVHGELFF	1
CASSESLGDEQYF	1
CASSEGLAGHYEQYF	1
CASSEGTGRFYEQYF	1
CASSFSPGREQFF	1
CASSFSPGIQPQHF	1
CASSFSGRAGDEQFF	1
CASSFLFGTSGRDEQFF	1
CASSFLAGGNEQFF	1
CASSFRSGLVRNEQFF	1
CASSFRTEGDTQYF	1
CASSFRAGASYEQYF	1
CASSFAGAGNIQYF	1
CASSFGHSSYNEQFF	1
CASSFGIGTGELFF	1
CASSFGDGGLGEQYF	1
CASSFDRWAQYF	1
CASSFTSTDYEQYF	1
CASSFKGGLFF	1
CASSFFWRDYNEQFF	1
CASSFSAGYEQYF	1
CASSFWTDTQYF	1
CASSFLTSRSYNEQFF	1
CASSFLSGEDYNEQFF	1
CASSFLPGQGAVGNGYTF	1
CASSFPPDGSYEQYF	1
CASSFRWDRGTGEQYF	1
CASSFRTGLSQPQHF	1
CASSFQGPEAFF	1
CASSFVLVGEQFF	1
CASSFVGFYEQYF	1
CASSFAGWETEAFF	1
CASSFGGPTDTQYF	1
CASSFEGEGYEQYF	1
CASSFELYMYTQYF	1
CASSFRVDTQYF	1
CASSFRDTQYF	1
CASSLFPGNTDTQYF	1
CASSLFTGGHNEQFF	1
CASSLLPPLAGGPFEQFF	1
CASSLLTGMEDTEAFF	1
CASSLSSGSTDTQYF	1
CASSLSIAGRSYEQYF	1
CASSLSSGGLRNEQFF	1
CASSLSGEQYF	1
CASSLWPFLPYEQYF	1
CASSLYSGNEQFF	1
CASSLYATGGDEQYF	1
CASSLYGSSNEKLFF	1
CASSLLVNSLSYEQYF	1
CASSLLGGQGSGNEKLFF	1
CASSLPRRGSYNEQFF	1
CASSLPNYEQYF	1
CASSLRGQGSQDTQYF	1
CASSLVWGGTPEAFF	1
CASSLVYSTNEQFF	1
CASSLVVTAVLNEQFF	1
CASSLVALDSYNEQFF	1
CASSLVTGGSYEQYF	1
CASSLVLGLGYTF	1
CASSLVPVGTGELFF	1
CASSLVAGGPTDTQYF	1
CASSLVGSGNEQFF	1
CASSLVEGEQYF	1
CASSLVADTQYF	1
CASSLVAGYNEQFF	1
CASSLVDLPTYEQYF	1
CASSLVPPSQYGYTF	1
CASSLVAGAWWEQYF	1
CASSLVAGGYNEQFF	1
CASSLVMGLAEF	1
CASSLVTSGGYEQFF	1
CASSLVTGAAKNIQYF	1
CASSLALAVPYYEQYF	1
CASSLAYGGSYEQYF	1
CASSLARISTGTIGNEQFF	1
CASSLARSIAGGPWEQYF	1
CASSLAVSFTEAFF	1
CASSLAGAGGPYNEQFF	1
CASSLAGGKDIQYF	1
CASSLAGTGAREQYF	1
CASSLAGGSGELFF	1
CASSLANSGGRRTDTQYF	1
CASSLASGPLAGGPNNEQFF	1
CASSLAVLNTGELFF	1
CASSLAGISYEQYF	1
CASSLAGQKYTGELFF	1
CASSLALGASTYNEQFF	1
CASSLGYGSYEQYF	1
CASSLGQGFSGELFF	1
CASSLGVASSYEQYF	1
CASSLGVGTGAYEQYF	1
CASSLGRVNTEAFF	1
CASSLGSRGLSGELFF	1
CASSLGPGGGGQPQHF	1
CASSLGGTYNEQFF	1
CASSLGPRDYGYTF	1
CASSLGRRLNEKLFF	1
CASSLGRVADTQYF	1
CASSLGVGSQSYGYTF	1
CASSLGAGAKNIQYF	1
CASSLGGADTQYF	1
CASSLGGQLHSYGYTF	1
CASSLGGSTDTQYF	1
CASSLGGRAPNTGELFF	1
CASSLGDRSSYEQYF	1
CASSLGEFGHEQYF	1
CASSLGTVNQPQHF	1
CASSLGTGAGTDTQYF	1
CASSLGTGNEQFF	1
CASSLGNSLTGELFF	1
CASSLGLGDEQFF	1
CASSLGSWGRGLSDNEQFF	1
CASSLGQFSTGELFF	1
CASSLGQGYEQYF	1
CASSLGQGRHGYTF	1
CASSLGVRSYEQYF	1
CASSLGDRGEQYF	1
CASSLGKTGSTDTQYF	1
CASSLDLTDTQYF	1
CASSLDPSGGYNEQFF	1
CASSLDPGGGYNEQFF	1
CASSLDQDTQYF	1
CASSLDGREGQPQHF	1
CASSLDSILTGELFF	1
CASSLDSPPFTDTQYF	1
CASSLDLLVSREGDEQYF	1
CASSLDPGAYNEQFF	1
CASSLDVQNYEQYF	1
CASSLDARADTQYF	1
CASSLDGTGGTDTQYF	1
CASSLDGTAKYNEQFF	1
CASSLESAGTYEQYF	1
CASSLEWSAYEQYF	1
CASSLEYRVDYEQYF	1
CASSLEPSEGYNEQFF	1
CASSLEQGRNYGYTF	1
CASSLEASGTYEQYF	1
CASSLEAAGQGYEQYF	1
CASSLEGAASQPQHF	1
CASSLEGNIQYF	1
CASSLEDRVDEQFF	1
CASSLELSGTNTDTQYF	1
CASSLELAPPYEQYF	1
CASSLELAGTDTQYF	1
CASSLEPLAGGEQFF	1
CASSLEAGSTDTQYF	1
CASSLEGWNEQFF	1
CASSLEDSSVNTGELFF	1
CASSLETVAYSPLHF	1
CASSLISTRRYSYNEQFF	1
CASSLIQTSSTEQYF	1
CASSLTPGQGNEQFF	1
CASSLTSGGGNEQFF	1
CASSLTSGGYTDTQYF	1
CASSLTGTNYEQYF	1
CASSLTGTGPYEQYF	1
CASSLTGDEQYF	1
CASSLTGNSNQPQHF	1
CASSLSGNSNEQFF	1
CASSLSGTPSYNEQFF	1
CASSLSGRSYEQYF	1
CASSLSRTNTGELFF	1
CASSLRRENEQYF	1
CASSLRQVDEQYF	1
CASSLNPIGRDGTFNEKLFF	1
CASSLNDGYEQYF	1
CASSLNNYEKLFF	1
CASSLLPGGDNEQFF	1
CASSLSGSSGVSTDTQYF	1
CASSLYRRQTNNEQFF	1
CASSLLNEQYF	1
CASSLQPSGANTGELFF	1
CASSLQAGELFF	1
CASSLGRNTEAFF	1
CASSLGDYNEQFF	1
CASSLGRQGILNTIYF	1
CASSLGQGAGTDTQYF	1
CASSLTGATGELFF	1
CASSLTSDRVVYGYTF	1
CASSLSDNNEQFF	1
CASSLNRGSGGELFF	1
CASSSRGGSYNEQFF	1
CASSSERTSGADTQYF	1
CASSSSSGQGATAPLHF	1
CASSSPRGSGSSEQFF	1
CASSSPQGAGELFF	1
CASSSPTGLYEQFF	1
CASSSPGGLYEQYF	1
CASSSAGGEGELFF	1
CASSSARGNTGELFF	1
CASSSGVSYEQYF	1
CASSSGTSGSSYNEQFF	1
CASSSGTVTDTQYF	1
CASSSGTGIYNEQFF	1
CASSSDGIAEQYF	1
CASSSELAGATGELFF	1
CASSSEGGELFF	1
CASSSIGQGANGYTF	1
CASSSTSGGRYEQFF	1
CASSSTGATNYGYTF	1
CASSSSGSYNEQFF	1
CASSSYRGDNEQFF	1
CASSSLAGGRNEQFF	1
CASSSPRLAGGFDEQYF	1
CASSSARTSYEQYF	1
CASSSGHQDEKLFF	1
CASSSDRGKRSEQFF	1
CASSSILLYSNQPQHF	1
CASSSTSYEQYF	1
CASSSTQIPGLNQPQHF	1
CASSSQAPDRGRNEPSNQPQHF	1
CASSSASGVYNEQFF	1
CASSSGQTSNDEQYF	1
CASSWVFDTEAFF	1
CASSWGASHTDTQYF	1
CASSWGTGQSTDTQYF	1
CASSWGREKGDTQYF	1
CASSWGQGAREQYF	1
CASSWGTGASYEQYF	1
CASSWDRGSYEQYF	1
CASSWDNSGNTIYF	1
CASSWETGNTGELFF	1
CASSWREGNSGNTIYF	1
CASSYRPTLAGGRRDEQFF	1
CASSYTGTVVGTQYF	1
CASSLRPSGGSEQFF	1
CASSLRTSGRARYEQYF	1
CASSLLAGATYNEQFF	1
CASSLSVFSNKLFYEQYF	1
CASSLRTGDSYEQYF	1
CASSLGPEQYF	1
CASSLEDRALSYEQYF	1
CASSLTNRETQYF	1
CASSLPLGTNYNEQFF	1
CASSLRTGYEQYF	1
CASSLGGRYQETQYF	1
CASSLGLAGFDEQFF	1
CASSLTVYEQYF	1
CASSLQKWGGAGVTGELFF	1
CASSLDTGELFF	1
CASSLEIDTQYF	1
CASSPSGQRGYYNEQFF	1
CASSPYGQSGTSTDTQYF	1
CASSPGVLAGVPGELFF	1
CASSPGEKGTKNIQYF	1
CASSPGTSGAYEQYF	1
CASSPDRVEIYEQYF	1
CASSPEKGGRANGNGELFF	1
CASSPSGGQQYF	1
CASSPPDHEQFF	1
CASSPPTSGRADTGELFF	1
CASSPRSGGYYQETQYF	1
CASSPQRSSYEQYF	1
CASSPQPGQGPYEQYF	1
CASSPAGGGSNTGELFF	1
CASSPEAQSSYNSPLHF	1
CASSPMDGIYGYTF	1
CASSPTPGELFF	1
CASSPTSGNGGHYF	1
CASSPRVYEQYF	1
CASSPRGGVWDEQFF	1
CASSPYSRQSTGELFF	1
CASSPGVVNEQFF	1
CASSPGGGTDTQYF	1
CASSPGTSEYEQYF	1
CASSPGRISYEQYF	1
CASSPGLAGVDEQFF	1
CASSPGDRETDTQYF	1
CASSPEMRSRTDTQYF	1
CASSPTSGLNEQFF	1
CASSPTGTHTDTQYF	1
CASSPRSGYEQYF	1
CASSPRPVRSSPTDTQYF	1
CASSPFLGITDTQYF	1
CASSPWGGQDSGEQFF	1
CASSPLDWDGVYNEQFF	1
CASSPRTANNEQFF	1
CASSPRQGSDTDTQYF	1
CASSPNRGTEAFF	1
CASSPNRGKAEAFF	1
CASSRGTSGSIDTQYF	1
CASSRRRQGAKGKNIQYF	1
CASSRQWTSGRLNEQFF	1
CASSRGGPYEQYF	1
CASSRGLAGGFQNTQYF	1
CASSRDRAYEQYF	1
CASSRTRVSDRVYDNEQFF	1
CASSRTQYEQYF	1
CASSRWLQSTDTQYF	1
CASSRWTGKDYEQYF	1
CASSRPGTSGVPDTQYF	1
CASSRQDMRGWAGELFF	1
CASSRGQGAAGELFF	1
CASSRTGGTDTQYF	1
CASSRRGYPGDEQYF	1
CASSHLTGGHQPQHF	1
CASSHLTGVFTDTQYF	1
CASSHRGGGAFTYNEQFF	1
CASSHRTEGEKLFF	1
CASSHGRGLADTYNEQFF	1
CASSHSPTDHRKDTQYF	1
CASSHLNYEQYF	1
CASSHPGLAGGYTGELFF	1
CASSHRVSLDREQYF	1
CASSHGTSGSTYNEQFF	1
CASSHGIDTQYF	1
CASSQSDVSYEQYF	1
CASSQRDRVKEQFF	1
CASSQRQGQLDEQYF	1
CASSQVVSGTSSYEQYF	1
CASSQAKASYNEQFF	1
CASSQGLAGGPSTGELFF	1
CASSQGPGLDFHEQYF	1
CASSQGQGERTEAFF	1
CASSQDHSGRAGLPSYNEQFF	1
CASSQELSGIGLGEQYF	1
CASSQILQGGELFF	1
CASSQRATGPRNSPLHF	1
CASSQRGGTLGYEQYF	1
CASSQLTGAMNTGELFF	1
CASSQSGTPGNEQFF	1
CASSQSEPSGEGQFF	1
CASSQSLGRGWDPSAKNIQYF	1
CASSQWAVSGGSYNEQFF	1
CASSQWTGRPPKPGELFF	1
CASSQLPGTGGTYEQYF	1
CASSQLHSPAGSYNEQFF	1
CASSQPRDTTYEQYF	1
CASSQPSRDRYYEQYF	1
CASSQPGDYGYTF	1
CASSQQSGVGETQYF	1
CASSQVPSGGAREQFF	1
CASSQVRGGEQYF	1
CASSQVGRLGPQETQYF	1
CASSQVGQGFYEQYF	1
CASSQVFPGTSMYNEQFF	1
CASSQVSSGRVPISYEQYF	1
CASSQVASPYGYTF	1
CASSQVREETQYF	1
CASSQVRGQETQYF	1
CASSQVVGREKGYEQYF	1
CASSQVVAGVGEQFF	1
CASSQVGQSSSYEQYF	1
CASSQVGTQYF	1
CASSQVRTSREFTSNYGYTF	1
CASSQVTSGSSQYF	1
CASSQVRGGDYEQYF	1
CASSQAFLPRRAYEQYF	1
CASSQASGYSYEQYF	1
CASSQAVGGWQFF	1
CASSQAGGRETQYF	1
CASSQASGGAYDTQYF	1
CASSQARAPGGTVSYEQYF	1
CASSQAGEGRGTDTQYF	1
CASSQAKGQLNTGELFF	1
CASSQGGRETQYF	1
CASSQDSSGRAGTQYF	1
CASSQDSGELFF	1
CASSQDWWTHRNEQFF	1
CASSQDYPSLTF	1
CASSQDPGLGRVGTGDTGELFF	1
CASSQDPGFYGYTF	1
CASSQDPGTDTQYF	1
CASSQDRLLSGELFF	1
CASSQDGALAGDEQYF	1
CASSQDGTRQFF	1
CASSQDETVLPHNEQFF	1
CASSQDEAGGLQDTQYF	1
CASSQDIAGGPRTDTQYF	1
CASSQDTGAYINEQFF	1
CASSQDSNQPQHF	1
CASSQDRTSGGLYEQYF	1
CASSQDNTGADEQYF	1
CASSQDVSSGMEQYF	1
CASSQEGLVNEQFF	1
CASSQEDRVSYEQYF	1
CASSQETGTGDYEQYF	1
CASSQEVGASGMNEQYF	1
CASSQEGTSGGETQYF	1
CASSQEDRGRTDTQYF	1
CASSQEELYSSTDTQYF	1
CASSQIAGDTDTQYF	1
CASSQIGQMSYEQYF	1
CASSQTVAGPSYEQYF	1
CASSQRGGDRGFYEQFF	1
CASSVDGTSIPITQFF	1
CASSVRGTGGINEQFF	1
CASSVPRLVSSTGELFF	1
CASSVGVRATDTQYF	1
CASSVGQSNYGYTF	1
CASSAGTPGDTQYF	1
CASSATDSRRGAFF	1
CASSAGHVTYEQYF	1
CASSAQQGSSYEQYF	1
CASSAGTASYNEQFF	1
CASSATAGYTF	1
CASSGNRVHEQYF	1
CASSGGSTDEQFF	1
CASSGRGYEQYF	1
CASSGPQGGAYNEQFF	1
CASSGPGQVYEQYF	1
CASSGRTVSTGELFF	1
CASSGTLYEQYF	1
CASSGTGGLVREQFF	1
CASSGNVISYEQYF	1
CASSGLASAGGEQFF	1
CASSGLAGGHNEQFF	1
CASSGLEGESSYNSPLHF	1
CASSDRPYTVNPNYGYTF	1
CASSEGFLGNEQYF	1
CASSEGQGFIQYF	1
CASSETSGRARTGELFF	1
CASSESSTDTQYF	1
CASSETSGVYNEQFF	1
CASSIGTSGRPYEQYF	1
CASSMDRNEQFF	1
CASSMTGAGEQYF	1
CASSINRGGSYNEQFF	1
CASSTGLAGGGDEQYF	1
CASSTRGTGIYNEQFF	1
CASSSSDREDYTF	1
CASSSGGTSVDEQYF	1
CASSRDYYNEQFF	1
CASSRDSNYGYTF	1
CASSRDREGYEQYF	1
CASSREPEIYNEQFF	1
CASSRLAGPSGELFF	1
CASSRHSGRSTGELFF	1
CASSNTRGSWQFF	1
CASSNPATENSYEQYF	1
CASSNIGLAEYEQYF	1
CASSKLSAGTGLNEQFF	1
CASSKNSIGSTDTQYF	1
CASRFAGGGADTQYF	1
CASRLPDRGDEQYF	1
CASRPGEWAQFF	1
CASRRGDRAAETQYF	1
CASRQREGPTGELFF	1
CASRASSSYEQYF	1
CASRGEAKNIQYF	1
CASREQGAYNEQFF	1
CASREDLYEQFF	1
CASRTGLAGNNEQFF	1
CASRWTGYSTDTQYF	1
CASRPGQGLSSYNEQFF	1
CASRPRGPANTGELFF	1
CASRRSGGVDQPQHF	1
CASRQGTSGSRWGEQFF	1
CASRATLSDNEQFF	1
CASREFVGGQVDNEQFF	1
CASRETTGGEQYF	1
CASRIAGTSGRSEQYF	1
CASNQGLSIFSTDTQYF	1
CASKDSYEQYF	1
CASKIGLEVWEQYF	1
CANIGAQGEPEQFF	1
CASTFLPGLAGVSDTQYF	1
CGFRDAYNSPLHF	1
CTLPQGPSYNEQFF	1
CSSEGVYNEQFF	1
CSRGGPTDTQYF	1
CSRGQGEETQYF	1
CSVLPVMGQVSYEQYF	1
CSVRSSGVDIQYF	1
CSVRGRVGHEQYF	1
CSVWSSGFPFADTQYF	1
CSASLGTEQFF	1
CSASGTFSGSTDTQYF	1
CSASQLLNYGYTF	1
CSAWDGHNEQFF	1
CSAYPGLQYNEQFF	1
CSALGSSGFYNEQFF	1
CSALDARDHKRETQYF	1
CSALDRSSGSSTDTQYF	1
CSAPRTGLAYEQYF	1
CSAPWGNQPQHF	1
CSAPGRAQETQYF	1
CSAPTFREQDQETQYF	1
CSAPTGGETQYF	1
CSAPNRDYEQYF	1
CSARESRNQPQHF	1
CSARTGGGETQYF	1
CSAATGQGSVHSPLHF	1
CSAAKTGQETQYF	1
CSAGRGVYNEQFF	1
CSAGRTYEQYF	1
CSAGKGGTQYF	1
CSADYRRDTDEQYF	1
CSADGSPSSYNEQFF	1
CSAEGTGTEETQYF	1
CSAEGRLLFSYNEQFF	1
CSAETTPGQVYGYTF	1
CSAEQSGQETQYF	1
CSAIWAVDQPQHF	1
CSAIWTGQETQYF	1
CSATASGGNIYEQYF	1
CSATSGSYEQYF	1
CSATSRRSPTDTQYF	1
CSATGTKNEQFF	1
CSATDRGSYEQYF	1
CSATPYQETQYF	1
CSATSGLYYEQYF	1
CSASFLPAETQYF	1
CSASFDSSTDTQYF	1
CSASLQGGSYEQYF	1
CSASSSGKQETQYF	1
CSASLGSAIQETQYF	1
CSASRGRALDEQFF	1
CSASARVFQETQYF	1
CSASGRDSYEQYF	1
CSASGRRGPRSEQFF	1
CSASIVGDPRETQYF	1
CSASLGASNEQFF	1
CSASSGLAYEQYF	1
CSASSLAGNTDTQYF	1
CSASSPVSSYEQYF	1
CSASPPGSDGYTF	1
CSASRDSYGYTF	1
CSASVGIEAQETQYF	1
CSASGQASSYEQYF	1
CSASGTVRHGYTF	1
CSARLGETQYF	1
CSARSTGWREETQYF	1
CSARPRDSNYNSPLHF	1
CSARPPRRDTGELFF	1
CSARAGASYEQYF	1
CSARAGPPTDTQYF	1
CSARAPDSTDTQYF	1
CSARGFRETQYF	1
CSARGQWETQYF	1
CSARGAGTEGRNEQFF	1
CSARGGLAGTYEQYF	1
CSARGQSFGELFF	1
CSARDFFRPYNEQFF	1
CSAREGASGRETQYF	1
CSAREQGPYNEQFF	1
CSARIYQGQETQYF	1
CSARTGTGAHEQFF	1
CSARRVGQVYFYEQYF	1
CSARRDLLAGVYNEQFF	1
CSARKGNQNSPLHF	1
CSARFALAGGPSYNEQFF	1
CSARLGRGSYEQYF	1
CSARYRVNYGYTF	1
CSARLQAGGTYNEQFF	1
CSARLTAAGTQYF	1
CSARLAEYNEQFF	1
CSARPPFAGTLNYNEQFF	1
CSARPPPATTDTQYF	1
CSARRDVGYGYTF	1
CSARQLPGKREETQYF	1
CSARQGLNKAYEQYF	1
CSARQPDRNTEAFF	1
CSARVGTSGNTIYF	1
CSARVDRGPGELFF	1
CSARVGSGYSYEQYF	1
CSARAYNLTSYNSPLHF	1
CSARAGVRAQPQHF	1
CSARAGGNRGNEQFF	1
CSARAASGVRSYNEQFF	1
CSARALGAGGSGNTIYF	1
CSARGPTTSGPPYEQYF	1
CSARGGQGRPYNEQFF	1
CSARGQGGIFSYEQYF	1
CSARGYLSTDTQYF	1
CSARGGVTSVEQFF	1
CSARGGGDTQYF	1
CSARGDRAYNEQFF	1
CSARGTNNQETQYF	1
CSARGQGGRVTESSYNEQFF	1
CSARDFISDPRGVIQYF	1
CSARDLSGTDTQYF	1
CSARDLGSGGEKLFF	1
CSARDLGLPPGEQFF	1
CSARDLRTSGSYNEQFF	1
CSARDSVRGQLNNEQFF	1
CSARDWARDQETQYF	1
CSARDWEVSSRETQYF	1
CSARDLAARSSYNSPLHF	1
CSARDLTSALVSDTQYF	1
CSARDLYGQETQYF	1
CSARDLSFTSGGAKETQYF	1
CSARDLAPSTSGAYNEQFF	1
CSARDLAGPYEQYF	1
CSARDPPAGTTDTQYF	1
CSARDPEAGSYNEQFF	1
CSARDPVQGPYEQYF	1
CSARDPTSGGYEQYF	1
CSARDQRDSSYEQYF	1
CSARDQLAGDNEQFF	1
CSARDGGQPQHF	1
CSARDSGGAGYEQYF	1
CSARDNFRESSYEQYF	1
CSARDPRYQETQYF	1
CSARDGSSYNEQFF	1
CSARDRGQPYEQYF	1
CSARELGRDGTHNEQFF	1
CSAREKRGAGETQYF	1
CSAREVIRGGVPYEQYF	1
CSAREGTGGSGELFF	1
CSARMEPSSYGTQYF	1
CSARILDRQEAQYF	1
CSARTGETQYF	1
CSARRPPETQYF	1
CSARRQGALGSTDTQYF	1
CSARNYHEGWLEAFF	1
CSANLPGGANTGELFF	1
CSANPGTDQETQYF	1
CSANEWATDTQYF	1
CSAKSEAPLTDTQYF	1
CSAKGLSQVNFYNEQFF	1
CSALRHEQFF	1
CSALPFRNEQFF	1
CSAPPGWDTEAFF	1
CSAPGGAGVLYEQYF	1
CSAPISYEQYF	1
CSAPQGYTF	1
CSARPAVTGGPGEQYF	1
CSARPGGPGTQYF	1
CSARRVSSYEQYF	1
CSARQGGTEAFF	1
CSARGRTDNQETQYF	1
CSAQISGTGSQPQHF	1
CSAVLLAESYNEQFF	1
CSAARDYEYF	1
CSAALAELVNEQFF	1
CSAGTGSIETQYF	1
CSADDDRGFDEQFF	1
CSATGPAGETQYF	1
CSATPLEAGPSSYNEQFF	1
CSATDLRGSYNSPLHF	1
CSALTSGDTQYF	1
CSAPLLAGFQDTQYF	1
CSAAVETQYF	1
CSAAKGQLKETQYF	1
CSADLLAGGRGETQYF	1
CSATGGRDYNEQFF	1
CSARGSTDTQYF	1
CSALAGSEEQYF	1
CSAPAGYEQYF	1
CSAPDRPTDTQYF	1
CSAPVSLAGALKYEQYF	1
CSADRGEVYNEQFF	1
CSAEGGTNTGELFF	1
CSAIDREVDQPQHF	1
CSATPGLGHIQYF	1
CSATRLASPDTQYF	1
CSARDRVIEQYF	1
CSSVGFSQETQYF	1
CSSDRFKTSSYEQYF	1
CSLPSARNEQFF	1
CSVFGATSYEQYF	1
CSVLGSLPVQYF	1
CSVLRDASNEQFF	1
CSVSDGRAGYEQYF	1
CSVPRGGGLYYGYTF	1
CSVPIAGGSDTQYF	1
CSVRRGQETQYF	1
CSVHKRGGQDTDTQYF	1
CSVQQGTGYEQYF	1
CSVVLQALLYEQYF	1
CSVVVGPEVGQYF	1
CSVVAGPSYNEQFF	1
CSVVGRPAGGEGSYNEQFF	1
CSVAGDLSTGTGELFF	1
CSVARLETYNEQFF	1
CSVAGSGYEQYF	1
CSVGGAIGETQYF	1
CSVGYGRETQYF	1
CSVGVQHGGSWDEQFF	1
CSVGGQGTSGVNTEAFF	1
CSVGKTGEQFF	1
CSVGQTNTGELFF	1
CSVGAETQYF	1
CSVEFSGGPYNEQFF	1
CSVEWTSGYEQYF	1
CSVEYGGVYNEQFF	1
CSVERSLTGSPDTQYF	1
CSVEVQVNQPQHF	1
CSVEVVGHYNEQFF	1
CSVEAPPSTTAKGDYEQYF	1
CSVEGIGDKAYEQYF	1
CSVEDLEGFGSEQYF	1
CSVEDGRPPGGRFF	1
CSVEDASGRSNPDTQYF	1
CSVEESGRESLDEQYF	1
CSVEEGAGGDTQYF	1
CSVEIGYGFNEQFF	1
CSVESPAGTDTQYF	1
CSVEKTEEEMSQYF	1
CSVHAWPEANYGYTF	1
CSVVLQSSYEQYF	1
CSVALGRYYEQYF	1
CSVATSGGYMETQYF	1
CSVDLGYNEQFF	1
CSVTGSSYNEQFF	1
CSVRQGRNTGELFF	1
CSVVPAGPQPGEQYF	1
CSVAGTATSYEQYF	1
CSVDHSAGGTEQFF	1
CSVRGNPGMGEQFF	1
CSVHTEAAGELFF	1
CSVEGGMIWNEQFF	1
CSASSLQGNEQFF	1
CSALSEGARNEQFF	1
CSALGERGGYTF	1
CSARLGLAGGNEQFF	1
CSARDREGFGPYEQYF	1
CSAATGGVETQYF	1
CSAGQGATYNEQFF	1
CSATGGANDEQYF	1
CSASGGTGPTDTQYF	1
CSADGGSYQETQYF	1
CSARVGETQYF	1
CSAGQGTYEQYF	1
CSGLRRGHNEQFF	1
CSGAPGDEQFF	1
CSGADANTGELFF	1
CSGMQGADYEQYF	1
CSGTGGPYEQYF	1
CSGSVSLGTDTQYF	1
CSGQGGEQFF	1
CSGRQGAGEQYF	1
CSTGSAGAMTQETQYF	1
CSTPSASGNEQFF	1
RASTPGGGRVMWQPQHF	1
RASSFCPGVDTQYF	1
RASSLNTVRMNYCYEQYF	1
RASSYRDHETQYF	1
RASSPYDPAGISYEQYF	1
RASSPGAGWLETQYF	1
CASSHNRGTGANVLTF	3
CACGTEAFF	2
CAGGPSVGGKTQYF	2
CAIPPGLAEFSFVYEQYF	2
CASSRGGSGNTIYF	2
CASSLAVMGKNEQFF	2
CASSSAYEQYF	2
CASSPPPGQGRMDEQFF	2
CASSLGLGGNQPQHF	2
CASSSRQGAQETQYF	2
CASSPGSLGYGYTF	2
CASSQRTGGKNIQYF	2
CASSAGIPRGYTF	2
CASRRGAGYEQYF	2
CASTPGQGWETQYF	2
CASSLAGLANSYEQYF	2
CASSSFQGVRETQYF	2
CASSTGLAAYQETQYF	2
FASRPTGVAYEQYF	1
SATILFF	1
CSSTLVWAPEETQYF	1
CSAGAGGSYNEQFF	1
CASGFPPTGVPSEQYF	1
CASGLAPRPHGTGVQETQYF	1
CASSPRGGLNTGELFF	1
CASSPELAGVYNEQFF	1
CASSKEGTSGRAVQYF	1
CASLRGPGLNSPLHF	1
CASEGAYEQYF	1
CASHRESREQYF	1
CACSKGQGIDTQYF	1
CAWSIQETQYF	1
CAWRTFNTEAFF	1
CAWGRKTYEQYF	1
CAWTGNTEAFF	1
CAWSPDTEAFF	1
CAWSVYGDGGEKLFF	1
CAWSVLDHEQFF	1
CAWSVLGGIGEKLFF	1
CAWSVLGGTGELFF	1
CAWSVRADTQYF	1
CAWSVQGGPRSYEQYF	1
CAWSVQRAYEQYF	1
CAWSGGTVGNQPQHF	1
CAWSDGIFQPQHF	1
CAWSSGQGVYGYTF	1
CAWSPTEAFF	1
CAWRETGELFF	1
CAWKVRGVGLGSYNEQFF	1
CAPVRYEQYF	1
CAQLGGNTGELFF	1
CAVSQGEETQYF	1
CAVLKGPGSGSKTYNEQFF	1
CAVGRLSGTANTGELFF	1
CAARRGGESQPQHF	1
CAARQVSYNEQFF	1
CAARDSGPYEQYF	1
CAATQPGLGFYEQYF	1
CAGSSGTTDTQYF	1
CAGHSSARPQHF	1
CAEGGGGVYNEQFF	1
CAILTPGGYEQYF	1
CAILHTLGTSGGASTDTQYF	1
CAIPVRDRALYNEQFF	1
CAIRVGGAGESFF	1
CAIGATGGRYEQYF	1
CAIGRGNEQFF	1
CAIMPPGTKYF	1
CAIMGRSDEQFF	1
CAISSSYEQYF	1
CAISSQGIAEQYF	1
CAISYSPRSGTDTQYF	1
CAISQQGSGILSGKGYGYTF	1
CAISVSSGVEQYF	1
CAISVANSDNEQFF	1
CAISAGAAGYNEQFF	1
CAISGRPQEGRGEQFF	1
CAISGGGRDRYEQFF	1
CAISDRTSSIYEQFF	1
CAISDGASNTEAFF	1
CAISDFVHGPGQAYEQYF	1
CAISDSPYTVKQETQYF	1
CAISDYYEQYF	1
CAISDPQGGPYNEQFF	1
CAISDGSSKETQYF	1
CAISELQRGNTDTQYF	1
CAISESGGGRNTGELFF	1
CAISESEGPGTSGPGSYEQYF	1
CAISESDGLGNEQFF	1
CAISESRQQNTEAFF	1
CAISESKSMSGFSYEQYF	1
CAISESGTGKETQYF	1
CAISEPSGSGYNEQFF	1
CAISERTGGYEQYF	1
CAISEGGQYGYTF	1
CAISEDRGVVGNIQYF	1
CAISETSGNDEQFF	1
CAISERQGLETQYF	1
CAISERTGVPYEQYF	1
CAISRRESPDTQYF	1
CAISNPGVTAYEQYF	1
CAISKASTGLSYEQYF	1
CAISPRLGEERETQYF	1
CAISPGAGAPSYNEQFF	1
CAISPSGANNEQFF	1
CAISQTGTDEIGEQFF	1
CAISDHRTLYEQYF	1
CAIRSEGAESTDTQYF	1
CAIRPGQAGNTIYF	1
CAIRADRGDTGELFF	1
CAIRGTSGREGRQFF	1
CAIRGSTSGRFSYEQYF	1
CAIRTAGDIGGSYNEQFF	1
CAIRGQGGTTYEQYF	1
CAIKGQGDEQYF	1
CAISSSGSSYNEQFF	1
CATGGYNEQFF	1
CATMSLNLLSYNEQFF	1
CATLTPNTQYF	1
CATSQTRSISNEQFF	1
CATLRDRGRNEQYF	1
CATLLNLMNTEAFF	1
CATPDSPSSYEQYF	1
CATRRQGGETQYF	1
CATQSGTGDSPTYEQYF	1
CATGFDYNEQFF	1
CATGSWDHNEQFF	1
CATGGTSGSYEQFF	1
CATGGGPNKNIQYF	1
CATGDPYEQYF	1
CATGSRGGETQYF	1
CATGQGFNNEQFF	1
CATGSSGREFADTQYF	1
CATEGPPASGGADEQFF	1
CATEKSSYNEQFF	1
CATESKVGTGPSGNTIYF	1
CATIRRTARADTQYF	1
CATIAGGRNEQFF	1
CATTSGVTDTQYF	1
CATTSGETYNEQFF	1
CATTGGPSSGGRQETQYF	1
CATTDRDPVNTQYF	1
CATSSYTSYEQYF	1
CATSSGDHTYNEQFF	1
CATSPGQASYNEQFF	1
CATSHAPGGDRHTGELFF	1
CATSVGTSGHKGYEQFF	1
CATSALPAGGPGEQFF	1
CATSAGSYEQYF	1
CATSGIPGQGGTDTQYF	1
CATSGPGWNEQFF	1
CATSGAGLYEQYF	1
CATSGPGTESYNEQFF	1
CATSDFWVNEQFF	1
CATSDLLENEQFF	1
CATSDLSVKLAGGYEQYF	1
CATSDLAPSGDNEQFF	1
CATSDLGAGQSSYNEQFF	1
CATSDLGGTDTQYF	1
CATSDLGATLGRSAQYF	1
CATSDLGLGGRGSYNEQFF	1
CATSDLMFSDPSSYNEQFF	1
CATSDLTDTQYF	1
CATSDLYTDTQYF	1
CATSDLMAGKFNTGELFF	1
CATSDSRVGYTF	1
CATSDSGQGGNEQFF	1
CATSDSGQGMETQYF	1
CATSDSVGAQETQYF	1
CATSDSGRDRVMGEQFF	1
CATSDSGQGAYEQYF	1
CATSDWSGTTGELFF	1
CATSDLTSGGDGETQYF	1
CATSDLRQETQYF	1
CATSDPGQGQSLEQFF	1
CATSDPGRKQETQYF	1
CATSDPARVSTGELFF	1
CATSDRWGPGDTQYF	1
CATSDRTSGGTDTQYF	1
CATSDVTSGTYYNEQFF	1
CATSDTTSGRAGAETQYF	1
CATSDTGQGLSYNEQFF	1
CATSDTGGQAQETQYF	1
CATSDTDFDTYNEQFF	1
CATSDSTEQFF	1
CATSDSGGTRTDEQFF	1
CATSDRLGYEQYF	1
CATSDWTSGRVGGQFF	1
CATSDWTGFTGELFF	1
CATSDPGLAGGKQFF	1
CATSDPGQGYNEQFF	1
CATSDPTIGTDTQYF	1
CATSDPRAAANEQFF	1
CATSDRSGRDNEQFF	1
CATSEVGRNTGELFF	1
CATSEAGTGGNEQFF	1
CATSEGGTHQETQYF	1
CATSEGGSPEETQYF	1
CATSESRGSGRHEQYF	1
CATSEPGAVLGDTQYF	1
CATSEAGTGHVRNEQFF	1
CATSETRDEQFF	1
CATSKLREVAEQFF	1
CATSATSGSWETQYF	1
CATSGRTGGYTDTQYF	1
CATSDSRDFQETQYF	1
CATSTLGVGGYEQYF	1
CATSSRMLQETQYF	1
CATSRRQSYNEQFF	1
CATSRARGAANSPLHF	1
CATSRANGGDTQYF	1
CATSRDLRGLGIPLSSYEQYF	1
CATSRDPTATDTQYF	1
CATSRDGSGVQETQYF	1
CATSRDQIAGDLVESYNEQFF	1
CATRASVGTNTEAFF	1
CATRNMGNTIYF	1
CATNATGWGRFNEQFF	1
CATNAGGRNEQFF	1
CATNTSGRTYNEQFF	1
CATNSSSSGVMPFYNEQFF	1
CATKKGAPSRYNEQFF	1
CATKGGARYGYTF	1
CATFDGFDEQFF	1
CATAAVGANYEQYF	1
CATETGGWPDTQYF	1
CATSRHIVSGDTGELFF	1
CASSGQGGNQPQHF	1
CASLGSGTSTDTQYF	1
CASRRGNTDTQYF	1
CASQSFRSLGYTF	1
CASVLTGSYNEQFF	1
CASAQGVTYEQYF	1
CASGGSGQETQYF	1
CASGRGRWDEQYF	1
CASGGSPLHF	1
CASTTGPGDRIGQPQHF	1
CASTKGAVRQETQYF	1
CASTSLGLAAGGLYNEQFF	1
CASTRASGGVAEQFF	1
CASSFIPRDEKLFF	1
CASSPPGGTDTYEQYF	1
CASSPGTGRQPQHF	1
CASSVDEQFF	1
CASSARGSVSYTF	1
CASSDGTANTEAFF	1
CASSIGQGYTEAFF	1
CASSMGKNNQPQHF	1
CASSIVESDQPQHF	1
CASSIAVGNQPQHF	1
CASSIDRAGGVVYNEQFF	1
CASSNQQGAARQPQHF	1
CASSRWPRPYSNQPQHF	1
CASRGKSTDTQYF	1
CASRYSGQSYEQYF	1
CASRESGANEQFF	1
CASFRRADSYEQYF	1
CASFIGAWRGETQYF	1
CASSSSGGQETQYF	1
CASSLFRPGSVSTDTQYF	1
CASSRGSMHEQYF	1
CASSRWTGGLSTDTQYF	1
CASSQGAPTGELFF	1
CASSGGADSYEQYF	1
CASSGGWGPAKYNEQFF	1
CASSGGETQYF	1
CASSEGETQYF	1
CASSLRRGEQPQHF	1
CASSPNRGAGETQYF	1
CASSPARTGRNIQYF	1
CASSPAGTGGNEQFF	1
CASSPANTGELFF	1
CASSPGRGNTDTQYF	1
CASSPLYTTSGVVSYNEQFF	1
CASSPLLGTPTDTQYF	1
CASSPLQGSSYEQYF	1
CASSPPQGGTNEKLFF	1
CASSPPAGNEQFF	1
CASSPPGPGQETQYF	1
CASSPPGGYTIYF	1
CASSPRALPLSYNEQFF	1
CASSPQGQGDTGELFF	1
CASSPQTNTGELFF	1
CASSPRGTEAFF	1
CASSRQGGTEAFF	1
CASSVGQTFNQPQHF	1
CASSTWADTDTQYF	1
CASCVDSYNEQFF	1
CASCPIPDRDYEQYF	1
CASCRESYEQYF	1
CASWGTSGRNEQFF	1
CASLRGTLNTGELFF	1
CASLEEISTDTQYF	1
CASLGRGVNNEQFF	1
CASLGLAYEQYF	1
CASLQFGGGADTQYF	1
CASPEGTDTQYF	1
CASRYQTSQETQYF	1
CASRQGWTGELFF	1
CASRTTGTLNQPQHF	1
CASRWGGGTREQYF	1
CASRYGSSYNSPLHF	1
CASRPTSGGYNEQFF	1
CASRRGRNIQYF	1
CASRGEGLEQYF	1
CASRPGGQNEQFF	1
CASRGHQETQYF	1
CASRDQGYEQYF	1
CASRTNLMGAPTPYEQYF	1
CASRLAGGPTDTQYF	1
CASRPGGAGYEQYF	1
CASRQGEGYEQYF	1
CASRGGSGEQYF	1
CASRTEETQYF	1
CASHRSSGIAVRSNEQFF	1
CASHAGRLGGYEQYF	1
CASHGSPIYNEQFF	1
CASHEAKPPYEQYF	1
CASQLAGVTGARLFF	1
CASQEGGGYSNQPQHF	1
CASQMGVTVADTQYF	1
CASVWRTPYEQYF	1
CASVRQGSVETQYF	1
CASVGQGVFYGYTF	1
CASALWNRRFTDTQYF	1
CASALRGEQYF	1
CASAPGGDTDTQYF	1
CASAYNNQPQHF	1
CASARDSPYEQYF	1
CASAGGTGERETQYF	1
CASGSRGQGPYEQYF	1
CASGVGRGNEQFF	1
CASGSSTDTQYF	1
CASGPRGLTKNIQYF	1
CASGQRTYNEQFF	1
CASGVGTGTSTDTQYF	1
CASGSGGETQYF	1
CASGYSDTQYF	1
CASGLNRGSSQPQHF	1
CASGVKPWNTEAFF	1
CASGGYTDTQYF	1
CASGETQYF	1
CASGLLITLGTDSLYEQYF	1
CASGPLAGGNEQFF	1
CASGPKAGAAKNIQYF	1
CASGPGLAHSEQYF	1
CASGPTSGVYEQYF	1
CASGQGSEQYF	1
CASGQDPYNEQFF	1
CASDRLAGAGMQFF	1
CASDPKFGELFF	1
CASDHGGRKYNEQFF	1
CASELGGNEQFF	1
CASEGQGRYEQYF	1
CASEGTSGRGTGELFF	1
CASISIPGDEQFF	1
CASIGTANTGELFF	1
CASIPGLTNTGELFF	1
CASIRSSSRETQYF	1
CASMEEVGNNEQFF	1
CASMRGVEQFF	1
CASISPGTIFNEQYF	1
CASTSLLQGVTSGRASDTQYF	1
CASTSTREAVDEQFF	1
CASTSAVEEQYF	1
CASTPGTSGNNEQFF	1
CASTMWGRHQPQHF	1
CASTTTSRYEQYF	1
CASTRGGVYNEQFF	1
CASTRAYSFGYTF	1
CASTLGTIFEQYF	1
CASTLAGEGGTEAFF	1
CASTSGRGRALRTEAFF	1
CASTSATSGYYNEQFF	1
CASTWVGPDNEQFF	1
CASTLRGTDTQYF	1
CASTLGGKTYEQYF	1
CASTLGQGYEQYF	1
CASTLGQGYTEAFF	1
CASTPWSRSPHNEQFF	1
CASTPEEAGHQYF	1
CASTPFAGNQETQYF	1
CASTPSFHQQFF	1
CASTPGAGGSPETQYF	1
CASTPGETQYF	1
CASTPDGLNQPQHF	1
CASTPPGGPDTQYF	1
CASTPQAGGSYNSPLHF	1
CASTPDRGNEQFF	1
CASTPTSGGTDTQYF	1
CASTRGTGNFEPQHF	1
CASTRGGLSSYEQYF	1
CASTRYRVPSTDTQYF	1
CASTRRGEQYF	1
CASTRAGYTGELFF	1
CASTQDSTSTDTQYF	1
CASTQDRIYEQYF	1
CASTQFAQETQYF	1
CASTGRTSGSGGTGELFF	1
CASTGGQGGGETQYF	1
CASTGTPWGDEQFF	1
CASTGTSGGTGELFF	1
CASTGHPAGTQYF	1
CASTDGGTYLPVYGYTF	1
CASTIAYGGRGFAQYF	1
CASTIIQGAPGELFF	1
CASTTSNRNTGELFF	1
CASTTSWVADTQYF	1
CASTTTASRAPDGYTF	1
CASTKETGDTQYF	1
CASTYLDDTGELFF	1
CASTVAGPTDTQYF	1
CASTAGLAGGTDTQYF	1
CASTGLAGVTDTQYF	1
CASTRRGYGYTF	1
CASTATGGEKLFF	1
CASSFFTGSYGYTF	1
CASSFLGYEQYF	1
CASSFSAGAGDGYTF	1
CASSFSLRRLRTDTQYF	1
CASSFYRETQYF	1
CASSFLNQPQHF	1
CASSFPPLDHSGDYGYTF	1
CASSFRTGLYSNQPQHF	1
CASSFRTSSYEQYF	1
CASSFHDSSTDTQYF	1
CASSFQLRAIWGPKMKDTQYF	1
CASSFQGGAEAFF	1
CASSFVNNEQFF	1
CASSFARISSEQFF	1
CASSFGLTSGSREQYF	1
CASSFGRDEQYF	1
CASSFGLRGRSSYEQYF	1
CASSFGGPAYEQYF	1
CASSFGGAYTDTQYF	1
CASSFMSGELFF	1
CASSFSRGRQGYTF	1
CASSFSAGGEQYF	1
CASSFRGDYNEQFF	1
CASSFRTVNQPQHF	1
CASSFRRASGYQETQYF	1
CASSFNLGGVSGQPQHF	1
CASSFNEGLNEQFF	1
CASSFNPHDGYTF	1
CASSFKGASSNEQFF	1
CASSFFFSGASTDTQYF	1
CASSFLRGSTDTQYF	1
CASSFSLNEQFF	1
CASSFSPRTSSSYEQYF	1
CASSFSGGDYGYTF	1
CASSFSNVPSYEQYF	1
CASSFLYGNYEQYF	1
CASSFPLGVGTNTGELFF	1
CASSFPTGGNTGELFF	1
CASSFPRETQYF	1
CASSFQRGDTQYF	1
CASSFQGRGTGELFF	1
CASSFATQLNTGELFF	1
CASSFAGQTQYF	1
CASSFGQGLSYEQYF	1
CASSFGLYRDTQYF	1
CASSFGAGYQPQHF	1
CASSFGTSETQYF	1
CASSFGTRGIYNEQFF	1
CASSFGTPSDTQYF	1
CASSFGTGIGNNQPQHF	1
CASSFGQGAYEQYF	1
CASSFGQNNQPQHF	1
CASSLFKNTDTQYF	1
CASSLSGGRNEQYF	1
CASSLSLMFGYTF	1
CASSLSGGLYEQYF	1
CASSLLSTYEQYF	1
CASSLLQGVWEETQYF	1
CASSLQSFNTGELFF	1
CASSLVGKKLEAFF	1
CASSLVQETQYF	1
CASSLVETQYF	1
CASSLVGDQPQHF	1
CASSLAPRLAGGQETQYF	1
CASSLAGSSSYEQYF	1
CASSLGGGGGETQYF	1
CASSLGRYNYGYTF	1
CASSLGWEAFF	1
CASSLGQGGYEQYF	1
CASSLGQNYGYTF	1
CASSLGSLGQYF	1
CASSLGQGYQETQYF	1
CASSLGKVYEQYF	1
CASSLDGQGQHNEQFF	1
CASSLERQYF	1
CASSLEGAPDTQYF	1
CASSLEQGAHYEQYF	1
CASSLISTSYEQYF	1
CASSLTRDHTDTQYF	1
CASSLRRDTQYF	1
CASSLRGQGSRETQYF	1
CASSLREGLYNEQFF	1
CASSLRTSGSLRNEQFF	1
CASSLFYTDTQYF	1
CASSLFWREGYNEQFF	1
CASSLFWGQPQHF	1
CASSLFAVTDTQYF	1
CASSLFGGGNTDTQYF	1
CASSLFGREEETQYF	1
CASSLFGLAGAKDTQYF	1
CASSLLGADTEAFF	1
CASSLLGQGPYEQYF	1
CASSLLGVSTNEKLFF	1
CASSLLGGRDTDTQYF	1
CASSLSWGTGRRGNTQYF	1
CASSLSPSNQPQHF	1
CASSLSSGGGDTQYF	1
CASSLSGTFSDTQYF	1
CASSLSRGSYEQYF	1
CASSLSVPYEQYF	1
CASSLSGLADNEQFF	1
CASSLSNPDRVNTQYF	1
CASSLSENEQFF	1
CASSLCQQGCEQYF	1
CASSLWLQRGEDTQYF	1
CASSLWTGELFF	1
CASSLLDTSTDTQYF	1
CASSLPAWGDTQYF	1
CASSLRWTGLSYNSPLHF	1
CASSLREGINEQFF	1
CASSLRWGVGGFSTQPQHF	1
CASSLRRGSVSGTDTQYF	1
CASSLHGRGGEQYF	1
CASSLHTPGLIPYEQYF	1
CASSLQVNTEAFF	1
CASSLQGVIQYF	1
CASSLQGARGNEQFF	1
CASSLQGKGETQYF	1
CASSLQLAGSYNEQFF	1
CASSLVLQGGTGELFF	1
CASSLVTGGLETQYF	1
CASSLVWTAATNEKLFF	1
CASSLVPYITDTQYF	1
CASSLVISPFEFF	1
CASSLVREVNTGELFF	1
CASSLVGNNQPQHF	1
CASSLVGGPSGELFF	1
CASSLVPSQFEQFF	1
CASSLADRGWDTQYF	1
CASSLAGTSVRTDTQYF	1
CASSLAGTGVNYGYTF	1
CASSLAWDSQPFF	1
CASSLAQGGTEAFF	1
CASSLAGQFYEQYF	1
CASSLAGTGVNEQFF	1
CASSLATGIYQSNTGELFF	1
CASSLAREFGNGYTF	1
CASSLGARGQTQYF	1
CASSLGGWGRLQHF	1
CASSLGGQTQYF	1
CASSLGRGNQPQHF	1
CASSLGQDRVLRGQYF	1
CASSLGGAQPQHF	1
CASSLGGRGWRPGELFF	1
CASSLGGQSYGYTF	1
CASSLGGLPSDTQYF	1
CASSLGGPTNYGYTF	1
CASSLGGTEQYF	1
CASSLGTLVNEQFF	1
CASSLGLLNEEQFF	1
CASSLGLAGFYEQYF	1
CASSLGLAGESYNEQFF	1
CASSLGRYNEQFF	1
CASSLGQVPATGELFF	1
CASSLGGSYEQYF	1
CASSLDSAGGPTDTQYF	1
CASSLDTGRNYNEQFF	1
CASSLDSGIYNEQFF	1
CASSLDAYYTGELFF	1
CASSLDTSGQNTDTQYF	1
CASSLEYLNEQFF	1
CASSLEVQEQFF	1
CASSLEGPGYNSPLHF	1
CASSLEGGQETQYF	1
CASSLEDLEQFF	1
CASSLEVSYEQYF	1
CASSLETPGARGQPQHF	1
CASSLIYLVSGVFGELFF	1
CASSLIPGRGTGELFF	1
CASSLISSGNTIYF	1
CASSLILAGEVYEQYF	1
CASSLIADYNEQFF	1
CASSLTRWDEQYF	1
CASSLTGGTGELFF	1
CASSLTSLTGTNIQYF	1
CASSLTPTANEQFF	1
CASSLTAGTLNHEQYF	1
CASSLTGAAYEQFF	1
CASSLTSGQETQYF	1
CASSLSFGGGQPQHF	1
CASSLSLTIEQYF	1
CASSLSQGADVNIQYF	1
CASSLSKTNTGELFF	1
CASSLSGGTYEQYF	1
CASSLSETQYF	1
CASSLSRVGSNQPQHF	1
CASSLRSRSTDTQYF	1
CASSLRVPPYEQYF	1
CASSLRKRNTEAFF	1
CASSLRQLMGGAFF	1
CASSLNFRRGARHPYNSPLHF	1
CASSLNYQQETQYF	1
CASSLKETSGRAIRNNEQFF	1
CASSSFATGMDEQFF	1
CASSSQDRANTGELFF	1
CASSSLAGGQNEQFF	1
CASSSSSGRPVGQYF	1
CASSSSGEQFF	1
CASSSSQGLETQYF	1
CASSSWGGVNNSPLHF	1
CASSSLLGENNEQFF	1
CASSSLPGGTDTQYF	1
CASSSPMLLDRSSYNEQFF	1
CASSSPPPPGGTGELFF	1
CASSSPTGVGETQYF	1
CASSSPGGIGQYF	1
CASSSRGGPYEQYF	1
CASSSRDRFDVRDGELFF	1
CASSSRDNSYYEQYF	1
CASSSQNSYTDTQYF	1
CASSSVGAGQFF	1
CASSSVRSLEQFF	1
CASSSGGLRYTYEQYF	1
CASSSGTGFSYGNQPQHF	1
CASSSGTGSYEQYF	1
CASSSGTGGWYQETQYF	1
CASSSGTGRETQYF	1
CASSSGLAGVNEQFF	1
CASSSDRGLRSGELFF	1
CASSSEILAGAYEQYF	1
CASSSTSRDYYEQYF	1
CASSSTTKGETQYF	1
CASSSRDRAHYGYTF	1
CASSSKNTGELFF	1
CASSSAGGYGEAFF	1
CASSSGQVNYSNQPQHF	1
CASSSDSGGNIQYF	1
CASSSTSGGGDTQYF	1
CASSSTATDTQYF	1
CASSSSGELFF	1
CASSSSPRGSNIQYF	1
CASSSSPGQEFAGELFF	1
CASSSYAHQETQYF	1
CASSSRSNVERGFF	1
CASSSAATNYEQYF	1
CASSSGFQETQYF	1
CASSSGWPDTQYF	1
CASSWLVGKDNEQFF	1
CASSWAVSYEQYF	1
CASSWGWGGGSDEQFF	1
CASSWGPKGAREQYF	1
CASSWGLAETDTQYF	1
CASSWGRGTYNEQFF	1
CASSWDSSNQPQHF	1
CASSWDRGNQPQHF	1
CASSWDRLTYEQYF	1
CASSWDRKATNEKLFF	1
CASSWTVSYEQYF	1
CASSWTGTEAFF	1
CASSWRDTQYF	1
CASSYPLAELENEQFF	1
CASSYRQGLRRTGELFF	1
CASSYVRGIGYTF	1
CASSYGEQFF	1
CASSYGRATGELFF	1
CASSYGGGPLLTGELFF	1
CASSYRRGDTDTQYF	1
CASSYFFPAVEASPLHF	1
CASSYFQGHYPYEQYF	1
CASSYLGPGRDTDTQYF	1
CASSYSPGGGYGYTF	1
CASSYSRQQETQYF	1
CASSYSGGQETQYF	1
CASSYSGGQGTDTQYF	1
CASSYSSGGPDTQYF	1
CASSYSNPGPAYEQYF	1
CASSYSPGVRTDTQYF	1
CASSYSRLYHEQFF	1
CASSYSGETKNIQYF	1
CASSYSDGWGQYF	1
CASSYSKLASYNEQFF	1
CASSYSVAGYTGELFF	1
CASSYSVAGGPGGRELFF	1
CASSYSANQETQYF	1
CASSYSGLYEQYF	1
CASSYSGVGLDTQYF	1
CASSYSGSSAASNEQFF	1
CASSYSGRNTDTQYF	1
CASSYSGQGAGEQYF	1
CASSYSIPGTSYEQYF	1
CASSYSIEGLTRFRNEQFF	1
CASSYSMGTGGTGELFF	1
CASSYSTSAPNTGELFF	1
CASSYSSGESSYEQYF	1
CASSYSRLARGDEQFF	1
CASSYSQGSGTYEQYF	1
CASSYSTDTQYF	1
CASSYWGGKNNEQFF	1
CASSYWTDKETQYF	1
CASSYPGSYEQYF	1
CASSYRLDDYGYTF	1
CASSYRGLDRAYGYTF	1
CASSYRGGAGNQPQHF	1
CASSYQGQGSEQYF	1
CASSYQDIAGVEGEQFF	1
CASSYQPGLTDNEQFF	1
CASSYVAVPNIQYF	1
CASSYVGDTQYF	1
CASSYAGGARDGYTF	1
CASSYASLMNEQFF	1
CASSYAGTGQETQYF	1
CASSYAGPNVNEQFF	1
CASSYAMGEQETQYF	1
CASSYAGPFYTDTQYF	1
CASSYAELANSPLHF	1
CASSYGSANEQFF	1
CASSYGLASTDTQYF	1
CASSYGRAGAYEQYF	1
CASSYGQGAFEEQFF	1
CASSYGVGNYEQYF	1
CASSYGTGSGNTIYF	1
CASSYGSLLEQFF	1
CASSYGQSYGYTF	1
CASSYGQGGEQYF	1
CASSYDWSSSGANVLTF	1
CASSYEQGQPQHF	1
CASSYEVPTAAKNIQYF	1
CASSYEGTRKGETQYF	1
CASSYEIGRAQHF	1
CASSYTPSQGVPEKLFF	1
CASSYTPIDLNQPQHF	1
CASSYTRHYSSYNEQFF	1
CASSYTGELFF	1
CASSYTGLAGGGEQFF	1
CASSYTGQETQYF	1
CASSYSGVHEQYF	1
CASSYNLAGGLNTQYF	1
CASSYNRVLCEQYF	1
CASSLRGGTDTQYF	1
CASSLETVPSPYEQYF	1
CASSLTSGVGGELFF	1
CASSLPGQIYEQYF	1
CASSLRDREYEQYF	1
CASSLRQGAYEQYF	1
CASSLGGTGTYEQYF	1
CASSLGQGAFYEQYF	1
CASSLTYHGRDRTDTQYF	1
CASSLSTTGELFF	1
CASSLKLAGAGDTQYF	1
CASSLPYIGGQFYNEQFF	1
CASSLREAQYF	1
CASSLAGVDEQFF	1
CASSLAGGGTDTQYF	1
CASSLGLEWTQYF	1
CASSLDTVDADTQYF	1
CASSPRSPRGELEQYF	1
CASSPGQSNSYEQYF	1
CASSPTGTANQPQHF	1
CASSPSLGGFSYEQYF	1
CASSPSYEQYF	1
CASSPSLSGRAKNIQYF	1
CASSPLRVAGASEQYF	1
CASSPLLQDYEQYF	1
CASSPLGTGTYEQYF	1
CASSPPEGWGLAPKETSTDTQYF	1
CASSPPRLAGVFSYNEQFF	1
CASSPPQGGTQYF	1
CASSPPGLTGPYEQYF	1
CASSPPGQPLYF	1
CASSPRSREYEQYF	1
CASSPRQGHTDTQYF	1
CASSPGTPGAGELFF	1
CASSPGTGAGELFF	1
CASSPGLWSGELFF	1
CASSPGQGENAEQYF	1
CASSPDFQGPQQYF	1
CASSPEISSLTYEQYF	1
CASSPMSGREPADTQYF	1
CASSPNPHTAGELFF	1
CASSPNRGSHNEHFF	1
CASSPLTSGWETQYF	1
CASSPSTGTGELFF	1
CASSPRGAADTQYF	1
CASSPGLATYEQYF	1
CASSPGLGGGELFF	1
CASSPGQAYNEQFF	1
CASSPGQGNKVKNTEAFF	1
CASSPDRINQPQHF	1
CASSPLRTGSSLGYTF	1
CASSPWTSGGPNEQFF	1
CASSPQGTGYGYTF	1
CASSPQTPGQGAYEQYF	1
CASSPGYGETQYF	1
CASSPGVVGGELFF	1
CASSPGVGNEQFF	1
CASSPGGGWGYNEQFF	1
CASSPTTTLQGFF	1
CASSRQGLAYEQYF	1
CASSRGGGARNEQFF	1
CASSRGTVTPTGELFF	1
CASSRGPQQHEQYF	1
CASSRGDTQYF	1
CASSRGIQETQYF	1
CASSRDYQETQYF	1
CASSRDRSYEQYF	1
CASSRETTDTQYF	1
CASSRMTEAYEQYF	1
CASSRLTRLGYNEQFF	1
CASSRQGARYEQYF	1
CASSRQGTVHF	1
CASSRAGGPGKNIQYF	1
CASSRGDRDMNEQFF	1
CASSRGLAGANEQFF	1
CASSRSYREVGELFF	1
CASSHFEVTDTQYF	1
CASSHHRVNEQYF	1
CASSHTGRGAYEQYF	1
CASSHTTYEQYF	1
CASSHSGVAENIQYF	1
CASSHRGQGDPSYGYTF	1
CASSHRLAGGPGEQFF	1
CASSHAGTSGGNLAKNIQYF	1
CASSHGRGTEAFF	1
CASSHRLANEQFF	1
CASSHNIAYEQYF	1
CASSQWEGYEQYF	1
CASSQTSVREYNEQFF	1
CASSQYRDRSYNEQFF	1
CASSQGTGAGEQYF	1
CASSQDTGELFF	1
CASSVEGGDTQYF	1
CASSVTGGWSQPQHF	1
CASSVRLSYNEQFF	1
CASSVRDRGFVGDTGELFF	1
CASSVLAGNTGELFF	1
CASSVGDRAYEQYF	1
CASSVGQSYEQYF	1
CASSVQGPWSEQYF	1
CASSAWTAGGQYF	1
CASSARPQLAGVRETQYF	1
CASSAQQVPPQHF	1
CASSAGPSLARGNEQFF	1
CASSAETGKINQPQHF	1
CASSAGLSWGYTF	1
CASSADMSGAGELFF	1
CASSGFNITGLSSGNTIYF	1
CASSGRETYNEQFF	1
CASSGGRTERGQFF	1
CASSGGQGGTGELFF	1
CASSGQVNTEAFF	1
CASSGDNSYEQYF	1
CASSGTGDTQYF	1
CASSGNEQYF	1
CASSGSWRQGRHEQYF	1
CASSGQQNYNEQFF	1
CASSGQGSLFFYEQYF	1
CASSGTSGVVTDTQYF	1
CASSGTRTEQYF	1
CASSDWREYEQYF	1
CASSDQGIKCDEQFF	1
CASSDIKADNTFQETQYF	1
CASSDIAGGSGNQPQHF	1
CASSDTFYEQYF	1
CASSDRLAGGDEQFF	1
CASSDRVSYEQYF	1
CASSDRGLESSEQFF	1
CASSDFPGPQPQHF	1
CASSDPGRGQPQHF	1
CASSDRDRAYEQYF	1
CASSDHWAGDEYEQYF	1
CASSDQEDGSYEQYF	1
CASSDRRYSYNEQFF	1
CASSESSGQPYNEQFF	1
CASSEPGSINEQFF	1
CASSEGTGRHEQYF	1
CASSEGTGPYEQYF	1
CASSEGPPEQFF	1
CASSEGGLNYGYTF	1
CASSEDLDSYNEQFF	1
CASSEEGVPYNEQFF	1
CASSETSYNEQFF	1
CASSELGPATGELFF	1
CASSESPSSTDTQYF	1
CASSESTGDWGFTQFF	1
CASSEWAAGDEQFF	1
CASSEWAETYEQYF	1
CASSEWAEVDSNQPQHF	1
CASSEWGYEQYF	1
CASSEYQGIQETQYF	1
CASSEPPVRNQPQHF	1
CASSEHDPLKNTDTQYF	1
CASSEVSRLGADQPQHF	1
CASSEVYGTRSSYNSPLHF	1
CASSEVGGLAGNNEQFF	1
CASSEGAKGGYTF	1
CASSEGGVGIYTF	1
CASSEGLANTGELFF	1
CASSEDGKGDTDTQYF	1
CASSEEAVSTDTQYF	1
CASSETAGARLAYYNEQFF	1
CASSESDGPYEQYF	1
CASSERGLGELSYNEQFF	1
CASSIQGAGVNEQFF	1
CASSINYGYTF	1
CASSMGQGGEQYF	1
CASSMRGTDTYGYTF	1
CASSTGRAYEQYF	1
CASSTSTDTQYF	1
CASSTLTGGLSTDTQYF	1
CASSTPGGRASSYNSPLHF	1
CASSTRDKSLTF	1
CASSTREDSNQPQHF	1
CASSTRTGGSTEAFF	1
CASSTGTSGRFSYEQYF	1
CASSTQPGYSYEQYF	1
CASSTGLAGVSGELFF	1
CASSTGPYEQYF	1
CASSTTSSPDTQYF	1
CASSTRMGLAGIEQFF	1
CASSTDTQYF	1
CASSTSGIEQFF	1
CASSSLAETQYF	1
CASSSYEQYF	1
CASSRASEQYF	1
CASSRTYYNEQFF	1
CASSRRGGTDTQYF	1
CASSRGLWDGYTF	1
CASSNRLVVYEQYF	1
CASSNLPGHYYGYTF	1
CASSNNYYEQYF	1
CASSKEGRGDEQYF	1
CASSKWTGFNEQFF	1
CASSKHIPGTGNQPQHF	1
CASSKQVEQFF	1
CASSKGQTNTGELFF	1
CASSFLPGLAGSTDTQYF	1
CASSFSVGQVGEQFF	1
CASSFWTSGNNEQFF	1
CASSFLTGLNNEQFF	1
CASSFLAGIRTSNQPQHF	1
CASSFLLGRVEKLFF	1
CASSFPSSGATDTQYF	1
CASSFRQAPYEQYF	1
CASSFQGPEQYF	1
CASSFQGYEQYF	1
CASSFVEGKIADTQYF	1
CASSFAASGSSYNEQFF	1
CASSFGVDEQFF	1
CASSFGTSGGAFGDTQYF	1
CASSFGTSGSPYQETQYF	1
CASSFGTAYAGELFF	1
CASSFGAGGMNTGELFF	1
CASSFMVAGALVEQFF	1
CASSFTLGQYSGNTIYF	1
CASSFSASTDTQYF	1
CASSFSGTRNEQFF	1
CASSFKWGQETQYF	1
CASSFKETQYF	1
CASSFFFSGWNTGELFF	1
CASSFSARFLATGELFF	1
CASSFPPTGEGSYNEQFF	1
CASSFPQKGRLSTDTQYF	1
CASSFPGTGGDEQYF	1
CASSFPGTPDQETQYF	1
CASSFRDRVNNEQFF	1
CASSFRIPRNSPLHF	1
CASSFRGGAKNIQYF	1
CASSFHNGRGQGYTF	1
CASSFQGTGELFF	1
CASSFQGSQWETQYF	1
CASSFQEGGGQDTQYF	1
CASSFAGTSANTGELFF	1
CASSFAGGQPRTTSTDTQYF	1
CASSFATGAPTYEQYF	1
CASSFGRSKIMNTEAFF	1
CASSFGQQETQYF	1
CASSFGGGWALNNEQFF	1
CASSFGGGRTTDTQYF	1
CASSFGGGYGYTF	1
CASSFGTTLTYEQYF	1
CASSFGDTQYF	1
CASSFGSRPGDYEQYF	1
CASSFMWESSYEQYF	1
CASSFTGLIFTDTQYF	1
CASSFTRDSPLNEQFF	1
CASSFSSYNEQFF	1
CASSFSVTQIGETQYF	1
CASSFRGQGLGSNQPQHF	1
CASSLFGQATNNEQFF	1
CASSLSGYEQYF	1
CASSLWGTSHKQYF	1
CASSLYWDRGQIYEQYF	1
CASSLYGLTYEQYF	1
CASSLLAGYPFEQYF	1
CASSLLVGSFSGNLFNEQFF	1
CASSLLAGGTDTQYF	1
CASSLPPSGGLNEQFF	1
CASSLPGDRNQETQYF	1
CASSLRGRGEQYF	1
CASSLRLAGDNEQFF	1
CASSLQGYNEQFF	1
CASSLQQFPLMNTEAFF	1
CASSLVRSENTGELFF	1
CASSLVYLSGEQFF	1
CASSLVGRDSYEQYF	1
CASSLVVLAGGTDTQYF	1
CASSLVQTSGGYNEQFF	1
CASSLVTGVTGELFF	1
CASSLAPYNEQFF	1
CASSLAPRGNYEQYF	1
CASSLARNEQFF	1
CASSLAGGRKRGRRTDTQYF	1
CASSLGVAGSYNEQFF	1
CASSLGNRDYEQYF	1
CASSLGTSSEQYF	1
CASSLGTSEYNEQFF	1
CASSLGQGVYEQYF	1
CASSLGQGKGIYNEQFF	1
CASSLGGDGSGQFF	1
CASSLDSSNEQFF	1
CASSLDYSPLHF	1
CASSLDGYEQYF	1
CASSLELTRDTQYF	1
CASSLEQQETQYF	1
CASSLIFVVETQYF	1
CASSLIQNTGELFF	1
CASSLMGYEQYF	1
CASSLMEETQYF	1
CASSLTGSTDTQYF	1
CASSLSGGKGYF	1
CASSLSLNRDPGELFF	1
CASSLKPTGELFF	1
CASSLFPGVLNEQFF	1
CASSLFELAEYNEQFF	1
CASSLLRGETQYF	1
CASSLLRGLETDTQYF	1
CASSLLQQRDTQYF	1
CASSLSSGTYNEQFF	1
CASSLSAGPYEQYF	1
CASSLSWAGGYDEQYF	1
CASSLSRGGISTDTQYF	1
CASSLSGETQYF	1
CASSLSRGQRSEQFF	1
CASSLWGGASALQQYF	1
CASSLYEQIGSGMNF	1
CASSLYVQGHTYVEQYF	1
CASSLYGGQFNSPLHF	1
CASSLYGTEETQYF	1
CASSLLGDTNYGYTF	1
CASSLLTELGEQFF	1
CASSLLAATYNEQFF	1
CASSLPPMRGALVNEQFF	1
CASSLPGRVYEQYF	1
CASSLPAVYGYTF	1
CASSLRGTTYEQYF	1
CASSLRTTQYF	1
CASSLRSSYNEQFF	1
CASSLQGGGLEQFF	1
CASSLQGGPAEQFF	1
CASSLQGNEQFF	1
CASSLQQGINNEQFF	1
CASSLVLIGLNTGELFF	1
CASSLVRDRSLNYGYTF	1
CASSLVQGSRNEQYF	1
CASSLVDSYEQYF	1
CASSLVTSSPREQYF	1
CASSLVRAGTGIYEQYF	1
CASSLVRRGLGYSEAFF	1
CASSLVAMDNEQFF	1
CASSLVGTAFSPLHF	1
CASSLVGADTQYF	1
CASSLVSTGELFF	1
CASSLVSGQETQYF	1
CASSLVPRRLNYGYTF	1
CASSLVRGGSAYF	1
CASSLVVISSYNEQFF	1
CASSLVVLAGANEQYF	1
CASSLVVRQETQYF	1
CASSLVGTVYEQYF	1
CASSLVGLEAHYEQYF	1
CASSLVSFVRGDEQFF	1
CASSLVPGGGTDTQYF	1
CASSLVVDNEQFF	1
CASSLVGGQTYEQYF	1
CASSLALVLAGYPDYYNEQFF	1
CASSLAQWPSAHNEQFF	1
CASSLAGGREPAFNEQFF	1
CASSLALGNYEQYF	1
CASSLAPLTGASQETQYF	1
CASSLAAGTGIYNEQFF	1
CASSLAADTQYF	1
CASSLAGTIYEQYF	1
CASSLAGTGVDNEQFF	1
CASSLAILTDTQYF	1
CASSLASDATDYEQYF	1
CASSLASSGSYNEQFF	1
CASSLASGVSYYEQYF	1
CASSLAPYNEQFF	1
CASSLAPYLVSF	1
CASSLARGERHKNIQYF	1
CASSLAVHASGGLYNEQFF	1
CASSLAAGSSREQYF	1
CASSLAGTLITLAKNIQYF	1
CASSLAGPNSYEQYF	1
CASSLAGVKRANEQFF	1
CASSLAGAVGTQYF	1
CASSLAISGSSQFF	1
CASSLANPEQYF	1
CASSLALHSDTQYF	1
CASSLALGGKNIQYF	1
CASSLAVSWDKTYEQYF	1
CASSLAALQETQYF	1
CASSLAGQETQYF	1
CASSLAGGLEQYF	1
CASSLAERGVTNEQFF	1
CASSLGWGNEQFF	1
CASSLGLQAEQFF	1
CASSLGRELGYNEQFF	1
CASSLGGTGGIHEQFF	1
CASSLGTGLRYTQYF	1
CASSLGSLAATYEQYF	1
CASSLGFTEHTNNEQFF	1
CASSLGSGGGNTEAFF	1
CASSLGQAGDTQYF	1
CASSLGQAVYEQYF	1
CASSLGQGGGYNEQFF	1
CASSLGVGLADNEQFF	1
CASSLGGRGLYYEQYF	1
CASSLGDEQYF	1
CASSLGPQLLQFF	1
CASSLGPGVTDTQYF	1
CASSLGRNEQFF	1
CASSLGQGPGWEQFF	1
CASSLGAGGGEQYF	1
CASSLGAGGDQPQHF	1
CASSLGGGPVETQYF	1
CASSLGGDEQFF	1
CASSLGGPEYNEQFF	1
CASSLGGQANTGELFF	1
CASSLGGASYEQYF	1
CASSLGGLAGLQFSYNEQFF	1
CASSLGGQGLGEQYF	1
CASSLGGIGGNQPQHF	1
CASSLGGRGNEQFF	1
CASSLGDFGGHLSYNEQFF	1
CASSLGDYYNEQFF	1
CASSLGTPTYEQYF	1
CASSLGKVSYEQYF	1
CASSLGWGEQYF	1
CASSLGLSDTQYF	1
CASSLGLAGSFGTDTQYF	1
CASSLGLAGDEQYF	1
CASSLGLAPTDTQYF	1
CASSLGPGVEQYF	1
CASSLGSGTYYEQYF	1
CASSLDFAEGSTYEQYF	1
CASSLDFYEQYF	1
CASSLDFPGPEVYNEQFF	1
CASSLDSPVSRTYEQYF	1
CASSLDRGGDGYTF	1
CASSLDRTGELFF	1
CASSLDGATQYF	1
CASSLDTGAHYSYEQYF	1
CASSLDGKTGEQFF	1
CASSLDRGDQPQHF	1
CASSLDRDPFREQFF	1
CASSLESRTAGREQFF	1
CASSLESGDNYEQYF	1
CASSLEVGTLNYNEQFF	1
CASSLEVVEETQYF	1
CASSLEVAGSGSDTQYF	1
CASSLEASQETQYF	1
CASSLEASMNTEAFF	1
CASSLEGWLDEQFF	1
CASSLEGDLAATSYNEQFF	1
CASSLERGDTQYF	1
CASSLEKSRMNYGYTF	1
CASSLEFWNMQNTEAFF	1
CASSLEFYGEQFF	1
CASSLEGGGSYEQYF	1
CASSLEGDEQFF	1
CASSLERTGQGGNEQFF	1
CASSLISGRGGETQYF	1
CASSLMGGASGNSNTGELFF	1
CASSLMRTGEKLFF	1
CASSLILAYEQYF	1
CASSLILAGLTGELFF	1
CASSLIGQGVYNEQFF	1
CASSLTSGTYNEQFF	1
CASSLTVGTQYF	1
CASSLTARWGETQYF	1
CASSLTGGQSIDEQFF	1
CASSLTGGNEQFF	1
CASSLTRWGINEQFF	1
CASSLSAAGSIEQYF	1
CASSLSGTSLNNEQFF	1
CASSLRLAGDGSTDTQYF	1
CASSLRRQINEKLFF	1
CASSLRGTYEQYF	1
CASSLRGGDEAFF	1
CASSLRDRDLNTEAFF	1
CASSLRRGRASYNEQFF	1
CASSLNPSGPSYNEQFF	1
CASSLNMGGETQYF	1
CASSLNGLAGNEQFF	1
CASSLKDYEQYF	1
CASSLKSSYNEQFF	1
CASSSVPGLAGGIIYEQYF	1
CASSSGLAGVSYEQYF	1
CASSSERPPLDEQFF	1
CASSSSSYEQYF	1
CASSSRLRVDTQYF	1
CASSSRQGVHYEQYF	1
CASSSSVGSGVTDTQYF	1
CASSSSGAYEQYF	1
CASSSLDGWGNEQYF	1
CASSSLEEELFF	1
CASSSLGGEQYF	1
CASSSLAVSYNEQFF	1
CASSSPQAGLGRADF	1
CASSSPFTRAETQYF	1
CASSSPREGRQTQYF	1
CASSSPTLALPRHEQYF	1
CASSSPIRLAGETQYF	1
CASSSRSGYNEQFF	1
CASSSRVSSYNSPLHF	1
CASSSRGEQYF	1
CASSSRLAADTQYF	1
CASSSRQKNNEQFF	1
CASSSQGGQETQYF	1
CASSSQIPGLAGVRINEQFF	1
CASSSVEAGGETQYF	1
CASSSAPAGGGYEQYF	1
CASSSAGTKGNEQFF	1
CASSSGVKVYEQYF	1
CASSSGWPGEQFF	1
CASSSGAQYEQYF	1
CASSSGGASKNIQYF	1
CASSSGTSETGELFF	1
CASSSGTSTDTQYF	1
CASSSGLLAGGYEQYF	1
CASSSGLAGWYEQYF	1
CASSSDSPDTQYF	1
CASSSEIQGRHEQYF	1
CASSSIGVYNNLGEQFF	1
CASSSTSVSSYNEQFF	1
CASSSTSGVYNEQFF	1
CASSSTGLAGTDTQYF	1
CASSSTGGYNNEQFF	1
CASSSTGSSYGYTF	1
CASSSSGEQFF	1
CASSSRSQRRETQYF	1
CASSSRVPPYEQYF	1
CASSSKHATGVWTGELFF	1
CASSSYPLRGVYEQYF	1
CASSSYTDTQYF	1
CASSSPGQGGEQYF	1
CASSSPKRGGTEGRTQYF	1
CASSSRQGQETQYF	1
CASSSGLYNEQFF	1
CASSSGLAGGEQYF	1
CASSSGLAGRNEQFF	1
CASSSDPGLAGGPVGDTQYF	1
CASSSTGMETQYF	1
CASSSRGPTEAFF	1
CASSSKRDREFYEQYF	1
CASSSSLF	1
CASSSYYRGRDTGELFF	1
CASSSYRVFNEQFF	1
CASSSLAGGPPYNEQFF	1
CASSSPPGQGAVADTQYF	1
CASSSPRGRVYEQYF	1
CASSSPGQGEEGDEQFF	1
CASSSPQGIQETQYF	1
CASSSHTTSGGTDTQYF	1
CASSSQSGSTLEQFF	1
CASSSGLAGGNEQFF	1
CASSSGLARTYNEQFF	1
CASSSSPRGYQETQYF	1
CASSWGTSGTYEQYF	1
CASSWGRDQPQHF	1
CASSWGLAGVEQFF	1
CASSWDLAPLYEQYF	1
CASSWDYGYTF	1
CASSWTSGGIEQFF	1
CASSWTSGRALSGELFF	1
CASSWTRGSLNSYEQYF	1
CASSYDRLAGGTDTQYF	1
CASSYTGTGVDEQYF	1
CASSYTDSSYEQYF	1
CASSYFQDRVDGYTF	1
CASSYYMGLPPSGEQFF	1
CASSYPAGQVSYEQYF	1
CASSYPGGKYEQYF	1
CASSYRDREETQYF	1
CASSYAPTSGSYNEQFF	1
CASSYGYQETQYF	1
CASSYGLPPYEQYF	1
CASSYGQRTDTQYF	1
CASSYDSEAFF	1
CASSYEWDTQYF	1
CASSYTDTDTQYF	1
CASSLPGQYDEQYF	1
CASSLASGSFMGEQFF	1
CASSLAGGLDEQFF	1
CASSLGQYNEQFF	1
CASSLSGSFGGELFF	1
CASSLSTDTQYF	1
CASSLRTGHSSYNEQFF	1
CASSLRPRVGTGELFF	1
CASSLKWTGELFF	1
CASSLSSNQPQHF	1
CASSLWDTNTYEQYF	1
CASSLLPYEQYF	1
CASSLLIRGTPYNEQFF	1
CASSLGTAYEQYF	1
CASSLGLAPATDTQYF	1
CASSLTSPNYNEQFF	1
CASSLVLGTSTDTQYF	1
CASSLDRGRSNEKLFF	1
CASSLTVDYEQYF	1
CASSLSGRGGYEQYF	1
CASSLSSGGASYNEQFF	1
CASSLSGTGGNEQFF	1
CASSLYSGGGQETQYF	1
CASSLLAGGYAQYF	1
CASSLAGAPLNEQFF	1
CASSLERGGPVEQYF	1
CASSLMTNTGELFF	1
CASSLRQEYGYTF	1
CASSPLGGGINEQFF	1
CASSPPLRAYEQYF	1
CASSPRQGSYEQYF	1
CASSPVGEGTYEQYF	1
CASSPGAAGELFF	1
CASSPGDRTDTQYF	1
CASSPGTVRHNEQFF	1
CASSPGTDPRYGYTF	1
CASSPELPILINNEQFF	1
CASSPTPDRLELFF	1
CASSPNPRTSLRTYNEQFF	1
CASSPLDSYYNEQFF	1
CASSPLGNTQYF	1
CASSPSRGDHTDTQYF	1
CASSPSAWGKGTEAFF	1
CASSPSAGQETQYF	1
CASSPYLLGQGVDTQYF	1
CASSPYPGGGSRDEQFF	1
CASSPLGGSRKQFF	1
CASSPPTGELFF	1
CASSPPDRGVETQYF	1
CASSPPEKWDEQFF	1
CASSPPPGELFF	1
CASSPRLAGRDEQFF	1
CASSPRPSGYGYTF	1
CASSPRPAGEQYF	1
CASSPRTGGYNEQFF	1
CASSPRRRGQETQYF	1
CASSPRGTNEKLFF	1
CASSPRGPDTTYEQYF	1
CASSPRDRQYEQYF	1
CASSPRTSGGVLGQFF	1
CASSPRTSGSTDTQYF	1
CASSPRTASSGNTIYF	1
CASSPRQGLQETQYF	1
CASSPHLAGGPTDTQYF	1
CASSPHSGTPYEQYF	1
CASSPHSTDTQYF	1
CASSPQRQGVGQPQHF	1
CASSPQVTGELFF	1
CASSPQGVLYEQYF	1
CASSPQRGNEQYF	1
CASSPQGGPMGHNEQFF	1
CASSPVPGELFF	1
CASSPVSGSWNEQFF	1
CASSPAGLRSQTQYF	1
CASSPATLAREQYF	1
CASSPGGHYEQYF	1
CASSPGGGYNEQFF	1
CASSPGGSEQYF	1
CASSPGASGTGELFF	1
CASSPGGPEAFF	1
CASSPGGVSSYNEQFF	1
CASSPGGLIGYEQYF	1
CASSPGIAGFGELFF	1
CASSPGTSVPEQYF	1
CASSPGTGGNSAGELFF	1
CASSPGTDYEQYF	1
CASSPGNYQETQYF	1
CASSPGHDYEQYF	1
CASSPGQGGFADTQYF	1
CASSPDGSRYEQYF	1
CASSPDDSQNADGYTF	1
CASSPDRAFGGYTF	1
CASSPEGTGEQFF	1
CASSPTSTDTQYF	1
CASSPTRADYGYTF	1
CASSPSWTRRYEQYF	1
CASSPSGGVSYNEQFF	1
CASSPRGQGQPQHF	1
CASSPRTSGTGELFF	1
CASSPRLAGKYNEQFF	1
CASSPRGLAGWHEQFF	1
CASSPLLLAPSSEQYF	1
CASSPSRVGPYEQYF	1
CASSPWRAGETQYF	1
CASSPQPFFRDRDHNEQFF	1
CASSPGWGVRSYEQYF	1
CASSPGPAGGSQETQYF	1
CASSPGPPPYEQYF	1
CASSPGLGGNIQYF	1
CASSPGAEGAGQETQYF	1
CASSPGLAALEQYF	1
CASSPGRSYEQYF	1
CASSPGQGLEQYF	1
CASSPGGGRTLTDTQYF	1
CASSPDPTSGDTEQFF	1
CASSPDGLNQPQHF	1
CASSPIGAGVYTGELFF	1
CASSPTSGATGELFF	1
CASSPTSGRAHGQETQYF	1
CASSPRSWEDTQYF	1
CASSPRTSGRGNEQFF	1
CASSPLGRAVDTQYF	1
CASSPLGGGYEQYF	1
CASSPRPSGTQYF	1
CASSPRRVYEQYF	1
CASSPRTGVQETQYF	1
CASSPRLAGSYEQYF	1
CASSPRPGQGTYEQYF	1
CASSPQGGEQYF	1
CASSPQGRRNIQYF	1
CASSPQFPEGSSSYNEQFF	1
CASSPARAGELFF	1
CASSPGVSYEQYF	1
CASSPGGLADYNEQFF	1
CASSPTGTSGAQDQYF	1
CASSPRSGRSYEQYF	1
CASSPNSGTRGDYEQYF	1
CASSPNAGLAGNEQFF	1
CASSRSGYGYTF	1
CASSRRTSGSSYNEQFF	1
CASSRTGGGYEQYF	1
CASSRSGQYF	1
CASSRRTSGRWTDTQYF	1
CASSRLANEQFF	1
CASSRGNGTSIPDTQYF	1
CASSRTGYEQYF	1
CASSRSNYNEQFF	1
CASSRNRDEQFF	1
CASSRSSGSFGGRFF	1
CASSRSNGETQYF	1
CASSRYNEQFF	1
CASSRATGPRRELFF	1
CASSRGGTEAFF	1
CASSRGGRSYEQYF	1
CASSRTSGSTDTQYF	1
CASSRTGRGRYEQYF	1
CASSRTGEYSQTQYF	1
CASSRSTLDQPQHF	1
CASSRRGYEQYF	1
CASSRRQGNEQYF	1
CASSRLRGETQYF	1
CASSRLAGHNEQFF	1
CASSRPYEQYF	1
CASSRPLKDTYQETQYF	1
CASSRRPPGELFF	1
CASSRRGPYNEQFF	1
CASSRHRLAGEQYF	1
CASSRGPGRFETQYF	1
CASSREQGGNEQFF	1
CASSRTDTSYEQYF	1
CASSRKGLAGKNIQYF	1
CASSHPPTYEQYF	1
CASSHARSYEQYF	1
CASSHGDYNEQFF	1
CASSHGTGDHQPQHF	1
CASSHEQGSFPYEQYF	1
CASSHTDSGTNEQYF	1
CASSHPPGLATGNEQFF	1
CASSHRQWGLAGVHNEQFF	1
CASSHRDGSYEQYF	1
CASSHQGQGADEQFF	1
CASSHGTGVHEQYF	1
CASSHTGSGNYNEQFF	1
CASSQFRTSGYNEQFF	1
CASSQVLRSRVEEKLFF	1
CASSQVVISGDTQYF	1
CASSQVDRGAYNEQFF	1
CASSQGLAGTYTGELFF	1
CASSQGDTQYF	1
CASSQGTSGSSQETQYF	1
CASSQGLAGYEQYF	1
CASSQGQGPHNEQFF	1
CASSQDYLYEQYF	1
CASSQETGYNEQFF	1
CASSQETHYEQYF	1
CASSQTSGPYNEQFF	1
CASSQRRETQYF	1
CASSQLEDEAFF	1
CASSQPSGSRLNYNEQFF	1
CASSQPWGTTRLYFF	1
CASSQPTDTQYF	1
CASSQPGQEAGELFF	1
CASSQPRYEQYF	1
CASSQRDGDVAYEQYF	1
CASSQRTGGMETQYF	1
CASSQQAGGNTIYF	1
CASSQQTRGTARGEQYF	1
CASSQVSEQYF	1
CASSQVPGQETQYF	1
CASSQVAQGSQETQYF	1
CASSQVSGVYNEQFF	1
CASSQVPAGDEKTQYF	1
CASSQVVNTEAFF	1
CASSQVVAGVADTQYF	1
CASSQVARGDTQYF	1
CASSQAWRPSSEQFF	1
CASSQALSYEQYF	1
CASSQAGTSREQYF	1
CASSQADTTETQYF	1
CASSQARVLDEQFF	1
CASSQGDRGYEQYF	1
CASSQGGYGLTTGELFF	1
CASSQGGTQYF	1
CASSQGGRDEQYF	1
CASSQGLAGTTRGYNEQFF	1
CASSQGQGDPYEQYF	1
CASSQGVAGGLVQGDTQYF	1
CASSQGGVADNQPQHF	1
CASSQDYGTSRFNEQFF	1
CASSQDYYEQYF	1
CASSQDYVRSSGGEETQYF	1
CASSQDLADRYEQYF	1
CASSQDLEETPSYEQYF	1
CASSQDLAINNEQFF	1
CASSQDRRRGGEDTQYF	1
CASSQDAWGFEQFF	1
CASSQDIYSGSRNEQFF	1
CASSQDIGGPYEQYF	1
CASSQDTSGQQFF	1
CASSQDRRPQETQYF	1
CASSQDRGGDSNQPQHF	1
CASSQDLSGEDNEQFF	1
CASSQDPTTYEQYF	1
CASSQDASGETQYF	1
CASSQDATGTYGYTF	1
CASSQDRVHGYTF	1
CASSQDRENYGYTF	1
CASSQEWLAGVSYEQYF	1
CASSQEDARSKNIQYF	1
CASSQETSGASSYEQYF	1
CASSQEKDLLSYNEQFF	1
CASSQEYLLRYEQYF	1
CASSQELQAGSPYGYTF	1
CASSQEQILGGVFF	1
CASSQEVGMNTEAFF	1
CASSQEAGLGGYEQYF	1
CASSQEGGGELFF	1
CASSQEGSSYNSPLHF	1
CASSQETGFLTYEQYF	1
CASSQMAGAQTGELFF	1
CASSQTGTSGTDTQYF	1
CASSVFGGQGRNEQFF	1
CASSVVLYSNQPQHF	1
CASSVIAGGSYNEQFF	1
CASSVTGASSPYEQYF	1
CASSVTGDPYEQYF	1
CASSVVGYGDEQYF	1
CASSVLRADTQYF	1
CASSVNRGQETQYF	1
CASSVLSEQFF	1
CASSVVDWGEQFF	1
CASSVAPTVGLVQYF	1
CASSVAQETQYF	1
CASSVATGLYEQYF	1
CASSVGGGPQETQYF	1
CASSVGGTRTYEQYF	1
CASSVGFAGWYEQYF	1
CASSVGWEGDEQFF	1
CASSVGVAGTASSYNEQFF	1
CASSVGGGSYEQYF	1
CASSVGGEAYEQYF	1
CASSVGGTRRENEQFF	1
CASSVGQGTYEQYF	1
CASSVDFWGLGDEQFF	1
CASSVDPGLLTDTQYF	1
CASSVDVRGVYNEQFF	1
CASSVESYNEQFF	1
CASSVIELVEQFF	1
CASSASGQAPHEQYF	1
CASSAPGLADNEQFF	1
CASSATGRKKFYGYTF	1
CASSAPDGRGDTQYF	1
CASSAPGSLIPSTDTQYF	1
CASSAPESSYNEQFF	1
CASSARWQGWGTQYF	1
CASSAADSEETQYF	1
CASSAGLAGGLNDEQFF	1
CASSAGPRKRNTQYF	1
CASSATGSNTQYF	1
CASSASGTTDTQYF	1
CASSALGPPPLGHNEQFF	1
CASSAPGAYSSYEQYF	1
CASSAGPQGETQYF	1
CASSAGQGNQPQHF	1
CASSAGQGKGETQYF	1
CASSAERSYNEQFF	1
CASSAEKYQETQYF	1
CASSAVSGAGNTIYF	1
CASSARGLRRDEQFF	1
CASSGGAGWKLFF	1
CASSGGRRNNEQFF	1
CASSGRGQSSTDTQYF	1
CASSGGTNSYEQYF	1
CASSGLRAGSSGNTIYF	1
CASSGRTGREQYF	1
CASSGRSQGNTGELFF	1
CASSGGDTSTDTQYF	1
CASSGGQGPIYEQYF	1
CASSGGQGANEQYF	1
CASSGDFNEQFF	1
CASSGELSSYNEQFF	1
CASSGRQAPYEQYF	1
CASSGHWGQSSYEQYF	1
CASSGQPSSYNEQFF	1
CASSGQTTDTQYF	1
CASSGGNQPQHF	1
CASSDLGASYNEQFF	1
CASSDYRGTVDTQYF	1
CASSDLAGNYQETQYF	1
CASSDRAGVADTQYF	1
CASSDVLVGTGGGEQYF	1
CASSDDRDPYNEQFF	1
CASSDTRSGGNEQFF	1
CASSDRGNEQFF	1
CASSERDTQYF	1
CASSEGLALSYEQYF	1
CASSEGQGARDGYTF	1
CASSETGLIPLLHF	1
CASSMISGRIRDTQYF	1
CASSIGLAGGPPYNEQFF	1
CASSTTNAGQGWEQYF	1
CASSTSGRAPEQFF	1
CASSTSQETQYF	1
CASSTWTSGRLDEQFF	1
CASSTRGQGTDTQYF	1
CASSTGTSAEETQYF	1
CASSTFGSGVRDTQYF	1
CASSTDFTGTSGGSGTQYF	1
CASSTTGLAGGPADTQYF	1
CASSTNQGGVGEQYF	1
CASSTPYEQYF	1
CASSTPDSVYGYTF	1
CASSTQGSGYEQYF	1
CASSTTMSSYEQYF	1
CASSSPKRKTQYF	1
CASSSLSGQVREETQYF	1
CASSRGRETQYF	1
CASSRGGTGELFF	1
CASSRDIEQYF	1
CASSRTGGLLTYGYTF	1
CASSRRTSGRGDTQYF	1
CASSRGSVIGGPYEQYF	1
CASSRRQGETQYF	1
CASSNSPRLAGDRTQYF	1
CASSNSPWAYNSPLHF	1
CASSNQETQYF	1
CASSNPIRLAGGQFQETQYF	1
CASSNPGQGADTQYF	1
CASSNRDRDLNTQYF	1
CASSNRLAGRTGELFF	1
CASSNGQGGSRELFF	1
CASSKGETGELFF	1
CASSKGQGGSNEQFF	1
CASSKFKGSEQTGELFF	1
CASSKSGVGTQYF	1
CASSKLTDREGNYGYTF	1
CASSKRPGTGTETQYF	1
CASSKQGQETQYF	1
CASSKVPGTTGELFF	1
CASSKAAEGDRGRFNYGYTF	1
CASSKALNERRPEYNEQFF	1
CASSKGRELAQPQHF	1
CASSKTGSLHDEQYF	1
CASRSLAISYNEQFF	1
CASRSKGQGFSGNTIYF	1
CASRSGTGGDYSNQPQHF	1
CASRSDRAYEQYF	1
CASRPQGATGELFF	1
CASRPRIGNTGELFF	1
CASRPGLLAKNIQYF	1
CASRRRTGEDQPQHF	1
CASRRGVTGELFF	1
CASRRTGAFTEAFF	1
CASRASGGHLPEQFF	1
CASRADRFTGELFF	1
CASRASGSYEQYF	1
CASRGNEQFF	1
CASRGVWDTQYF	1
CASRGAGVLTTQYF	1
CASRGTSSEQYF	1
CASRGTGAYEQYF	1
CASRGLAGPRYEQYF	1
CASRGQVNTEAFF	1
CASRGRQLMNTEAFF	1
CASRDDQETQYF	1
CASRDRGGQSNEQFF	1
CASRETSLAGELFF	1
CASRIRDEQYF	1
CASRIPRYQPQHF	1
CASRIGRRYEQYF	1
CASRIYSGGAWETQYF	1
CASRTQTLEQYF	1
CASRTGGEQFF	1
CASRTFSGNTIYF	1
CASRTEQGAGWYGYTF	1
CASRTTITEQFF	1
CASRTGGYEQYF	1
CASRSGFYNEQFF	1
CASRRAALHEQYF	1
CASRRRPASYEQYF	1
CASRNSGFLEQYF	1
CASRKGQGYSYEQYF	1
CASRKMDESLHYEQYF	1
CASRFPGSYEQYF	1
CASRLQGGSNQPQHF	1
CASRSTRAGELFF	1
CASRSGGGTEAFF	1
CASRSGGGTDTQYF	1
CASRWDGSETQYF	1
CASRYTRVGELFF	1
CASRLASTSARYEQYF	1
CASRLIQVVQSNEQFF	1
CASRPIRQETQYF	1
CASRPSGNQPQHF	1
CASRPYYNEQFF	1
CASRPLTADNRETQYF	1
CASRPPEARGGRATDTQYF	1
CASRPVSETQYF	1
CASRPPDDSPNTGELFF	1
CASRPTSGSSYEQYF	1
CASRPTGQGPNTGELFF	1
CASRRQQGSGYTF	1
CASRRDERPYGYTF	1
CASRRLRQGYSYNEQFF	1
CASRHPGQGFYEQYF	1
CASRQLTSYGYTF	1
CASRQTSGGALDQFF	1
CASRVRTGRTGELFF	1
CASRADRGPVGELFF	1
CASRASWGKKTIYNEQFF	1
CASRAGGSTDTQYF	1
CASRAGGPYNEQFF	1
CASRGGAAQYF	1
CASRGAAFTGELFF	1
CASRGLAVYNEQFF	1
CASRGVGGPGNTIYF	1
CASRDDRGPDLYEQYF	1
CASRDDRVDGETQYF	1
CASRDRVAVGLSPEAFF	1
CASREGDGTYEQYF	1
CASRTSADTQYF	1
CASRTQAGNQPQHF	1
CASRSQGPQPQHF	1
CASRRFSNTGELFF	1
CASRRSRGSTDTQYF	1
CASRRSEGGPDGELFF	1
CASRNGWRDWWDNEQFF	1
CASRNIGPSVYNEQFF	1
CASRNRGEPGDEKLFF	1
CASRKLAGYTDTQYF	1
CASRKPSGGPNEQFF	1
CASRKRGELFF	1
CASNEERGPTDTQYF	1
CASNRLAGPRDTQYF	1
CASNPQNTGELFF	1
CASNPLYTEQYNEQFF	1
CASNRDVGGEQFF	1
CASNRQGNQPQHF	1
CASNHNEQFF	1
CASNQYTGELFF	1
CASNQGGSSYEQYF	1
CASNRAGETQYF	1
CASNRGSGFTDTQYF	1
CASNKRGRDSTDTQYF	1
CASKPGLGSETQYF	1
CASKGSTSYEQYF	1
CASKDRAGELFF	1
CASKENSYNEQFF	1
CASKTSGDTFANTGELFF	1
CASKRGGVNNEQFF	1
CASKKGREQFF	1
CASKDRGLSPLHF	1
CASKERVYEQFF	1
CASKNRAYNEQFF	1
CARVVPSSYNEQFF	1
CANSGASNEQFF	1
CANQNRRAFYEQYF	1
CAKTTGGSYNEQFF	1
CAASMGSVGTDTQYF	1
CASGKSYNEQFF	1
CGSKKRANYQGRSDSPLHF	1
CATRVVFRPYNEQFF	1
CATQAGNEQYF	1
CATGQPDSYEQYF	1
CATRATGELFF	1
CASSGFSYEQYF	1
CASSGLAANTGELFF	1
CASWSGGGSTDTQYF	1
CASPPRQGGDTGELFF	1
CASRRDRDQPQHF	1
CASRLSGRDEQFF	1
CASHTGANYEQYF	1
CASHSPQGTYNEQFF	1
CASHAGPYEQYF	1
CASHIDSSYEQYF	1
CASQGTGSSRDEQFF	1
CASVGGSSYNEQFF	1
CASAPGTGGQPQHF	1
CASAWTGFQNEQFF	1
CASGLTGINEQFF	1
CASGAVEAYNEQFF	1
CASGGGTPAGELFF	1
CASGTSVGISYEQYF	1
CASGSGGAGYEQYF	1
CASGPKDEQYF	1
CASGGGLVYEQYF	1
CASGGDLNTGELFF	1
CASGTSGSPGELFF	1
CASGEIHQGCETQYF	1
CASGTMGGGAKQFF	1
CASESGTSGGGNEQFF	1
CASIIHQSRAKNIQYF	1
CASIRRPGQGTDTQYF	1
CASIQGNEQYF	1
CASMSRSGTNTGELFF	1
CASTPSETGTEKLFF	1
CASTPGWGNTDTQYF	1
CASTGQGGGGYTF	1
CASTEQGWNYNEQFF	1
CASTKREGLHEQFF	1
CASSLTAQGMDTGELFF	1
CASSSSYEQYF	1
CASSLNPSGFTGELFF	1
CASSLAGDSEQFF	1
CASSPSTGLAGELFF	1
CASSRWERVGEQFF	1
CASSRLAAEETQYF	1
CASSQSRTSESYNEQFF	1
CASSQSGTGGTETQYF	1
CASSVRGKETQYF	1
CASSVAGGPLYETQYF	1
CASSAGGQDTGELFF	1
CASSDLERSETQYF	1
CASSDLTSVYEQYF	1
CASSESPVAYEQYF	1
CASSESAPTYEQYF	1
CASSESATWDTQYF	1
CASSEGIADSYEQYF	1
CASSERGGLNSPLHF	1
CASSEELYNEQFF	1
CASSIWAETGELFF	1
CASSSLAGRYQETQYF	1
CASSSTDTQYF	1
CASSNPGTSGRDTQYF	1
CASSFFSPLEQYF	1
CASSFLREDYNEQFF	1
CASSFLQQGPGTEAFF	1
CASSFPSTDTQYF	1
CASSFRTRFGNEQFF	1
CASSFQGQGDEQYF	1
CASSFVTGPNQPQHF	1
CASSFASTDTQYF	1
CASSFGRLMNNEQFF	1
CASSFTGTLGEQYF	1
CASSFSGGAGYEQYF	1
CASSFSGGSYNEQFF	1
CASSFSGSNEQFF	1
CASSFSGEQFF	1
CASSFRYNEQFF	1
CASSFRQRDEEQYF	1
CASSFRTGQDEQYF	1
CASSFNSLELFF	1
CASSFKSFNYGYTF	1
CASSFRDSNEQFF	1
CASSFRQSGTYEQYF	1
CASSFQTGPRNEQFF	1
CASSFGRGSTDTQYF	1
CASSFGTANTGELFF	1
CASSFGNEQFF	1
CASSFGHPYEQYF	1
CASSFDLAGYNEQFF	1
CASSFDRGRSGGELFF	1
CASSFETGGTGELFF	1
CASSFEYEQYF	1
CASSFTSTYEQYF	1
CASSFTSGRYNEQFF	1
CASSFRAGVPDTQYF	1
CASSFNTYNEQFF	1
CASSLFRDGNNEQFF	1
CASSLLADRVKTMNTEAFF	1
CASSLSGNEQFF	1
CASSLSTSGGLEQFF	1
CASSLSGQNYEQYF	1
CASSLSTSDGEQYF	1
CASSLWGNVNTEAFF	1
CASSLLQGEGDNEQFF	1
CASSLLSGGADTQYF	1
CASSLLGGNSYEQYF	1
CASSLLSGARREETQYF	1
CASSLPPQGLVAREQFF	1
CASSLPGQGTGELFF	1
CASSLRGIYEQYF	1
CASSLRQGYDGYTF	1
CASSLHRESEKLFF	1
CASSLQWDLSYTQYF	1
CASSLVLGEAGELFF	1
CASSLVPSGGDNEQFF	1
CASSLVPGVGEQYF	1
CASSLVAAGRVTQYF	1
CASSLVAGGPTKNIQYF	1
CASSLVADTQYF	1
CASSLVETGGIGELFF	1
CASSLVTGTSEQYF	1
CASSLVRTRSYNEQFF	1
CASSLVWESYNEQFF	1
CASSLVPYEQYF	1
CASSLVGATYNEQFF	1
CASSLVTESYEQYF	1
CASSLVRAGTDTQYF	1
CASSLVRGGNEQFF	1
CASSLVVGGSYEQFF	1
CASSLVGGLGNEQFF	1
CASSLVGGAAEQFF	1
CASSLVTSGANTGELFF	1
CASSLVNTGELFF	1
CASSLVLADEQFF	1
CASSLVRRGELSYEQYF	1
CASSLVVAGTSTDTQYF	1
CASSLVAGSTDTQYF	1
CASSLVTTSTDTQYF	1
CASSLVKAGAGYEQYF	1
CASSLASVLTGVDENEQFF	1
CASSLAGGYEQYF	1
CASSLAGGTDTQYF	1
CASSLASGGITGELFF	1
CASSLARGNTQYF	1
CASSLARKPYNEQFF	1
CASSLAPGTAYEQYF	1
CASSLAPVPGNYEQYF	1
CASSLAPTGMKNIQYF	1
CASSLARGQGSYEQYF	1
CASSLAVRTAYNEQFF	1
CASSLAAGAIYEQYF	1
CASSLAGRGRNNEQFF	1
CASSLAGQGGFEQYF	1
CASSLAGGAYEQYF	1
CASSLAGGSYGYTF	1
CASSLAGTGMVGEQFF	1
CASSLAGTEYNEQFF	1
CASSLAGPDFYNEQFF	1
CASSLAGGRRGEAFF	1
CASSLATSGGLSYEQYF	1
CASSLARQGVFEQYF	1
CASSLALGEGYGYTF	1
CASSLASASGTDTQYF	1
CASSLAPSGGADTQYF	1
CASSLAQNTGELFF	1
CASSLAVGDTEAFF	1
CASSLAASGGAGEQFF	1
CASSLAASGPGGYTF	1
CASSLAGGYEQYF	1
CASSLAGERTDTQYF	1
CASSLAGHSLYEQYF	1
CASSLAGTGDTQYF	1
CASSLAGNNYEQYF	1
CASSLGGGHNEQFF	1
CASSLGTVTESYEQYF	1
CASSLGTVAGVTDTQYF	1
CASSLGYEQYF	1
CASSLGRLAGEQFF	1
CASSLGVYSSGNTIYF	1
CASSLGAERLAAEQFF	1
CASSLGGLTDTQYF	1
CASSLGGQPYNEQFF	1
CASSLGLADYNEQFF	1
CASSLGSAEQFF	1
CASSLGLVYGYTF	1
CASSLGLAQRYGEQFF	1
CASSLGLGKVHTQYF	1
CASSLGPSTDTQYF	1
CASSLGRTTDTQYF	1
CASSLGRADTQYF	1
CASSLGAGTPNNEQFF	1
CASSLGAESSYNEQFF	1
CASSLGANRGLYEQYF	1
CASSLGGRRRAYEQYF	1
CASSLGGQGAYNEQFF	1
CASSLGDSTDTQYF	1
CASSLGDSGNIQYF	1
CASSLGEGAYNEQFF	1
CASSLGMRGYNEQFF	1
CASSLGTTSSYEQYF	1
CASSLGTGWYEQYF	1
CASSLGTGGSNEQYF	1
CASSLGTGSNQPQHF	1
CASSLGSYEQYF	1
CASSLGNEQYF	1
CASSLGPRRQAYEQYF	1
CASSLGPTGNEQYF	1
CASSLGRGTDTQYF	1
CASSLGRSTDTQYF	1
CASSLGGGSPDTQYF	1
CASSLGDREYNEQFF	1
CASSLGELIGTGELFF	1
CASSLGIDNNEQFF	1
CASSLDPYEQYF	1
CASSLDPGGANEQFF	1
CASSLDQAFDEQFF	1
CASSLDVAGGEQFF	1
CASSLDGSGGNEQFF	1
CASSLDGRGNEQYF	1
CASSLDGSTDTQYF	1
CASSLDRQGQFF	1
CASSLDVTGELFF	1
CASSLDGRGTDTQYF	1
CASSLDGQGIYEQYF	1
CASSLDGQGGPQHF	1
CASSLDGAAPYEQYF	1
CASSLDGDYEQYF	1
CASSLDGQSGAQYF	1
CASSLDDRGTGELFF	1
CASSLDSNSYNEQFF	1
CASSLDSRSNQPQHF	1
CASSLDSGVSNNEQFF	1
CASSLDRPAGELFF	1
CASSLDRGSYNEQFF	1
CASSLEWTASYNEQFF	1
CASSLELYSYNEQFF	1
CASSLEGSAGADTQYF	1
CASSLEGRSYEQYF	1
CASSLETGEINEQFF	1
CASSLELAGSDTQYF	1
CASSLEPTQKHEQYF	1
CASSLEPWKQFF	1
CASSLEAAYEQYF	1
CASSLMSGRVDSPLHF	1
CASSLTSSGDNEQFF	1
CASSLSSQGYNEQFF	1
CASSLSAARLDNTGELFF	1
CASSLSTASNYGYTF	1
CASSLRADNEQFF	1
CASSLRGVPSNEQFF	1
CASSLRDPPYEQYF	1
CASSLRTPLAKNIQYF	1
CASSLRRGGRTGELFF	1
CASSLRQGLYNEQFF	1
CASSLKGAGYNEQFF	1
CASSLKTGGYGYTF	1
CASSLLEGGYNEQFF	1
CASSLSGTQNIQYF	1
CASSLSGKANTGELFF	1
CASSLYRGNYEQYF	1
CASSLLFGTDFPSLSNQPQHF	1
CASSLRAPWDSPLHF	1
CASSLGYRSNNEQFF	1
CASSLGVADTQYF	1
CASSLGTDRYEQYF	1
CASSLEDTRQFF	1
CASSLTAENIQYF	1
CASSLTAEYTGELFF	1
CASSLRQGASYEQYF	1
CASSLNRLGGDTQYF	1
CASSSYRGSDEQFF	1
CASSSLADYEQYF	1
CASSSPNSHNEQFF	1
CASSSRGEPSYEQYF	1
CASSSGRENENTQYF	1
CASSSGTSRTDTQYF	1
CASSSLGQGLPYNEQFF	1
CASSSSGTYNEQFF	1
CASSSLYQDTQYF	1
CASSSLPFSGDSNEQFF	1
CASSSLGWDEKLFF	1
CASSSPDTASYEQYF	1
CASSSRGGTYEQYF	1
CASSSQGREQYF	1
CASSSARGGYNEQFF	1
CASSSGTGGSGELFF	1
CASSSGLQPSSYEQYF	1
CASSSDPLTTTDTQYF	1
CASSSSRLAGGRSSYEQYF	1
CASSSNWGRVDTQYF	1
CASSSKDNRGYSYNEQFF	1
CASSSSGTVYGYTF	1
CASSSLTGGSTGELFF	1
CASSSQGYEQFF	1
CASSSGTSGNTGELFF	1
CASSSGLTNLDEQYF	1
CASSSGPASYNEQFF	1
CASSSDGTAYNEQFF	1
CASSSDRFGYEQYF	1
CASSSDRGRSNEQFF	1
CASSSEPAGGYTF	1
CASSSTGAYEQYF	1
CASSSSSYEQYF	1
CASSSLVNEQFF	1
CASSSLAGEDQYF	1
CASSSPSGRANEQFF	1
CASSSHFSGEGSYNEQFF	1
CASSSQGSNEQFF	1
CASSSDPGVSSYEQYF	1
CASSSMRLAGVGEQFF	1
CASSSTQSGELFF	1
CASSSSGSSYEQYF	1
CASSWALTSGTYEQYF	1
CASSWGTSGISYNEQFF	1
CASSWGTGGNYGYTF	1
CASSWGQGGSLEQYF	1
CASSWDGYSYEQYF	1
CASSWEGDGTTDTQYF	1
CASSWTDEQFF	1
CASSWTGGFYEQYF	1
CASSWSSYNEQFF	1
CASSWKGSQQYF	1
CASSYQTRRNAEQFF	1
CASSYSSGTDTQYF	1
CASSYSGSSYEQYF	1
CASSYSPAGGPDTQYF	1
CASSYEQGGGYEQYF	1
CASSLGTTDTQYF	1
CASSLDGGDQPQHF	1
CASSLRTSGTTDTQYF	1
CASSLWTSSYNEQFF	1
CASSLPNDSPYGYTF	1
CASSLGVSYNEQFF	1
CASSLGGHWLNEQYF	1
CASSLGDPKPYEQYF	1
CASSLLLAGITDTQYF	1
CASSLGQGTDTQYF	1
CASSLETGPQETQYF	1
CASSLSPSNNEQFF	1
CASSLLQGPYEQYF	1
CASSLPRGLGKNIQYF	1
CASSLGDSLYNEQFF	1
CASSLSGTLDQPQHF	1
CASSPRGDTGELFF	1
CASSPQRDMRSYEQYF	1
CASSPGQSNQPQHF	1
CASSPGIGTSGNEQFF	1
CASSPSGGGSSYNEQFF	1
CASSPSGREETQYF	1
CASSPLAPSVNTDTQYF	1
CASSPPSSGVAYGELFF	1
CASSPPPPGTSGFSYEQYF	1
CASSPPGQGIYEQYF	1
CASSPPRGSTDTQYF	1
CASSPRTSGRRAGELFF	1
CASSPRGRDANYGYTF	1
CASSPRTGGDGNEQFF	1
CASSPQTASGSYEQYF	1
CASSPQRGDTQYF	1
CASSPGGGGQPQHF	1
CASSPGTGRAGELFF	1
CASSPGQGTYEQYF	1
CASSPEVRGTDTQYF	1
CASSPTRMGSA	1
CASSPRTSETYEQYF	1
CASSPKSDRGTYEQYF	1
CASSPSAGQVDNEQFF	1
CASSPSTDRELNEQFF	1
CASSPRGTGELFF	1
CASSPRGARGYTQYF	1
CASSPGFNYGYTF	1
CASSPGSSGLDTQYF	1
CASSPGPALEQFF	1
CASSPDTDTQYF	1
CASSPTSGAYEQYF	1
CASSPTLSYEQYF	1
CASSPTGDGVYEQYF	1
CASSPTGTYEQYF	1
CASSPRGNEQFF	1
CASSPSGRSSYNEQFF	1
CASSPPSGSDEKLFF	1
CASSPPGSEQFF	1
CASSPPKGVREQYF	1
CASSPQGIYYEQYF	1
CASSPGTGIVEQFF	1
CASSPDRTSSGNEQFF	1
CASSPRSQADTQYF	1
CASSRSGGQNTGELFF	1
CASSRPKVASGRVAYNEQFF	1
CASSRQTSGSLEQYF	1
CASSRDTTNSYEQYF	1
CASSRFGQYTDTQYF	1
CASSRPSGGLGTATNEKLFF	1
CASSRVIQYNSYNEQFF	1
CASSRGQGNQPQHF	1
CASSRDYNEQFF	1
CASSRDTPNTEAFF	1
CASSRDRGDYEQYF	1
CASSRTSGRGHEQFF	1
CASSRTGLAGGYEQYF	1
CASSRTGAPDTQYF	1
CASSRYRFGTDTQYF	1
CASSRGATYQETQYF	1
CASSRTSGSETGELFF	1
CASSHYRNEAFF	1
CASSHLDRAYEQYF	1
CASSHLEGGSYEQYF	1
CASSHPGLAGGTNTGELFF	1
CASSHVDSDEQYF	1
CASSHKIGVLDYNEQFF	1
CASSHLTGALYEQYF	1
CASSHLIQGLDYNEQFF	1
CASSHSGMRGVDEQYF	1
CASSHSSGITYEQYF	1
CASSHLGSSGFSYNEQFF	1
CASSHLIPGSDRGAGELFF	1
CASSHLGDYEQYF	1
CASSHPGEASYEQYF	1
CASSHGQDSLYEQYF	1
CASSHGGFSYNEQFF	1
CASSHGGGGPSYEQYF	1
CASSHGEQYF	1
CASSHIMDEQYF	1
CASSQSSGPYNEQFF	1
CASSQSGTSGAYEQYF	1
CASSQSGSSYNEQFF	1
CASSQYGLAGETQYF	1
CASSQPVAGVHEQYF	1
CASSQGRDYHPYEQYF	1
CASSQGTSGGWETQYF	1
CASSQGTRGNWETQYF	1
CASSQGLAGGSIFYEQYF	1
CASSQGPSSYEQYF	1
CASSQISLAGGRASYEQFF	1
CASSQTAYNEQFF	1
CASSQSGAVSTDTQYF	1
CASSQLDGGGSHEQFF	1
CASSQSSVSTQYF	1
CASSQLPGAPYEQYF	1
CASSQRAGSYEQYF	1
CASSQREPGTVTSYEQYF	1
CASSQRDRKNTEAFF	1
CASSQHDRSYNEQFF	1
CASSQVSSVVSYNSPLHF	1
CASSQVLADDYEQYF	1
CASSQVPGTGFGYTF	1
CASSQVSLAGVHEQYF	1
CASSQVSVAGPQHF	1
CASSQVAAGIGSYNEQFF	1
CASSQVRGQLAYEQYF	1
CASSQAPGSAGGNEQFF	1
CASSQAGRGGFPQSYEQYF	1
CASSQAGGTYNEQFF	1
CASSQAELAGQETQYF	1
CASSQARRPVQETQYF	1
CASSQAYLAASTDTQYF	1
CASSQAGAGTYEQYF	1
CASSQAGFMNTEAFF	1
CASSQAITGSSYEQYF	1
CASSQGWTGSSYNEQFF	1
CASSQGDEPLGARGYTF	1
CASSQGGRAYYNEQFF	1
CASSQGSARGYNNEQFF	1
CASSQGRVAGVYEQYF	1
CASSQGESSYNEQFF	1
CASSQGLLPRASGRVDTQYF	1
CASSQGLAGEYEQFF	1
CASSQGQGGETQYF	1
CASSQGGYNEQFF	1
CASSQGRGREGEQYF	1
CASSQGRIVPIRDTQYF	1
CASSQDLAGGVQETQYF	1
CASSQDSPSGTLEHTQYF	1
CASSQDSVDREWYNEQFF	1
CASSQDLTGRSSYEQYF	1
CASSQDPWDSPYEQYF	1
CASSQDPGWAYEQYF	1
CASSQDPNEQFF	1
CASSQDPASGGPTYEQYF	1
CASSQDRGSTGELFF	1
CASSQDQPPRVTDTQYF	1
CASSQDQIGLECEQYF	1
CASSQDVGRGEQYF	1
CASSQDGWGASYEQYF	1
CASSQDGGRREGSYEQYF	1
CASSQDTVYNEQFF	1
CASSQDTGEETQYF	1
CASSQDRGVYEQYF	1
CASSQDPSGAAYEQYF	1
CASSQDGTSTRFGELFF	1
CASSQDGTLTYEQYF	1
CASSQDEGLAGLNEQFF	1
CASSQEPASALNEQFF	1
CASSQERTYSYEQYF	1
CASSQELLNQPQHF	1
CASSQEGVRGGTDTQYF	1
CASSQEDPGETQYF	1
CASSQEEASYEQYF	1
CASSQMGLGSLYF	1
CASSQTSESTDTQYF	1
CASSQTGLAGGSSYEQYF	1
CASSQTTGPMETQYF	1
CASSQTLAGELTAYEQYF	1
CASSQSGAGGENEQYF	1
CASSQSGQGRLETQYF	1
CASSVTRDRGSEQYF	1
CASSVDRRTSYEQYF	1
CASSVDRANEQFF	1
CASSVRTGGVTDTQYF	1
CASSVQQGLGTGSPLHF	1
CASSVAVAGGSEQFF	1
CASSAGGQGYNEQFF	1
CASSASGGGNEQFF	1
CASSASGLSVPDTQYF	1
CASSAAGVGTGELFF	1
CASSAGGLGTEAFF	1
CASSGFPGETYNEQFF	1
CASSGSTATSDRNEQFF	1
CASSGQPLVDAGELFF	1
CASSGDIPNTGELFF	1
CASSGELGYEQYF	1
CASSDRDPDTGELFF	1
CASSDRLAGSEQFF	1
CASSDERQGNTGELFF	1
CASSEGLYTGELFF	1
CASSEGLAGAYEQFF	1
CASSEEDRYYGYTF	1
CASSEPQSQPQHF	1
CASSEPGGYNEQFF	1
CASSEQGFRNEQYF	1
CASSILQSGGVTDTQYF	1
CASSIGPKFYGYTF	1
CASSIGLAGAIRGNEQFF	1
CASSITGGTDTQYF	1
CASSIGGLTDTQYF	1
CASSTRPPLNEQFF	1
CASSTQPDRANEQFF	1
CASSTFTDTQYF	1
CASSTDVRYEQYF	1
CASSTDSNQQFF	1
CASSTTGERDREQFF	1
CASSSTVTGGGISYEQYF	1
CASSSRGTRNYNEQFF	1
CASSSRVGAYEQYF	1
CASSRDTYEQYF	1
CASSRDRGEDEQYF	1
CASSRPGREAYEQYF	1
CASSRDKVLMNTEAFF	1
CASSRRAGGGTDTQYF	1
CASSNDRGRRTEAFF	1
CASSKTGPEVQYF	1
CASSKWDSQETQYF	1
CASSKYFNRQIMNTEAFF	1
CASSKQSQGTGELFF	1
CASSKAGTYNSPLHF	1
CASRPHTDTQYF	1
CASRPNRDSNTGELFF	1
CASRQTGESYEQYF	1
CASRVGAEAFYEQYF	1
CASRAPGSTTGELFF	1
CASRGQGANNEQFF	1
CASRGQGPHEQYF	1
CASRDRASSYEQYF	1
CASREQVSPGDTQYF	1
CASRMVDSLPYEQYF	1
CASRMRLAGGPGNEQFF	1
CASRTGNVGEQFF	1
CASRRAGTYNEQFF	1
CASRNSGGLVNEQFF	1
CASRNSPNTGELFF	1
CASRPDTSYGYTF	1
CASRPGLGTGELFF	1
CASRPGTESYEQYF	1
CASRAADLRNEQFF	1
CASRIGSWNTGELFF	1
CASRKGEPYEQYF	1
CASNTRQGKGNEQFF	1
CASKWAWGSGELFF	1
CASKRGTDTQYF	1
CASKGSDSEQYF	1
CASKGGLYEQYF	1
CARNCRGALLDNEQYF	1
CIADSYNEQFF	1
CSPSPAGADTQYF	1
CSPGGPTYEQYF	1
CSQLKPQGGYEQYF	1
CSVPDATGTSDTTDTQYF	1
CSVAKRGGPINIQYF	1
CSVPSGGTDTQYF	1
CSVVDSYEQYF	1
CSAFSSPYEQYF	1
CSASTPTSGRAMSYNEQFF	1
CSAPRASSQFF	1
CSAPRWGEQFF	1
CSARAGYEQYF	1
CSARDYYPLASTDTQYF	1
CSAHSHSYEQYF	1
CSAQLRTHSLYNEQFF	1
CSAVPRLEQYF	1
CSAVGDRGGYEQYF	1
CSAAPGGLWGETQYF	1
CSAASGRAFYNEQFF	1
CSAGSLLVDTGNEQFF	1
CSADQGRTQPQHF	1
CSAEGQASGYEQYF	1
CSAESGIVTDTQYF	1
CSAILGGIDTQYF	1
CSAIRRETQYF	1
CSAIDGGERTDTQYF	1
CSAIRGPEQYF	1
CSAIGEIAGGHTDTQYF	1
CSATPDSLQPNQPQHF	1
CSATTLKGLAGDLRYEQYF	1
CSASLVGELFF	1
CSASSSGSVDTQYF	1
CSASSALSSYNEQFF	1
CSASWGTEAFF	1
CSASPQGNQPQHF	1
CSASPILAATDTQYF	1
CSASPGLQETQYF	1
CSASRPSYEQYF	1
CSASHSGTGVSEQYF	1
CSASHLLDTQYF	1
CSASARGGFSYEQYF	1
CSASAWGGGYTF	1
CSASAPGGEREQYF	1
CSASSRGYEQYF	1
CSASLRDRVRNEQFF	1
CSASQGQGYEQYF	1
CSASAAPVGAYEQYF	1
CSASGELDSYEQYF	1
CSASIGRSTDTQYF	1
CSASTRVWNNEQFF	1
CSARPPSGEGPHEQYF	1
CSARPGGGTGGNQPQHF	1
CSARVLAGVGETQYF	1
CSARAGTTNYEQYF	1
CSARAPNYNEQFF	1
CSARGVPGLIQTQYF	1
CSARGRETQYF	1
CSARGDRVEGEQYF	1
CSARGLAAQETQYF	1
CSARIRGLADSYNEQFF	1
CSARRQSSYNEQFF	1
CSARNLEREGYNEQFF	1
CSARWVRGSGETQYF	1
CSARLQLGGFTYEQYF	1
CSARRTVGTDTQYF	1
CSARQESSYEQYF	1
CSARVTSGGAIDTQYF	1
CSARVWVSTDTQYF	1
CSARVPTYNEQFF	1
CSARVGGGSYEQYF	1
CSARVWLQETQYF	1
CSARAASGRDEQYF	1
CSARANTNQPQHF	1
CSARAASTNQPQHF	1
CSARATGLAGPMEFF	1
CSARARRQTGTDTQYF	1
CSARGATSVRYNEQFF	1
CSARGLAGHNEQFF	1
CSARGFLEEVSREQFF	1
CSARGTSGFTDTQYF	1
CSARGTSGGRYNEQFF	1
CSARGTGRTYEQYF	1
CSARGLAGTLNEQFF	1
CSARGLAEETLNNEQFF	1
CSARDLAGVKNEQFF	1
CSARDLEGLETQYF	1
CSARDSEYEQYF	1
CSARDLVSSGGGLETQYF	1
CSARDLGIWETQYF	1
CSARDLLGLSGHAAQYF	1
CSARDLEAPAGHEQYF	1
CSARDPRTSAYNEQFF	1
CSARDPGQNSYEQYF	1
CSARDPRVSFEKLFF	1
CSARDRSGRIQFF	1
CSARDRLPYNEQFF	1
CSARDHGLVIQNIQYF	1
CSARDHRSLRSYEQYF	1
CSARDGRERDYEQYF	1
CSARDIWGGTLDTQYF	1
CSARDMRTSGGYEQYF	1
CSARDRSAYEQYF	1
CSARDRSSGSSYNEQFF	1
CSARDRRLGREVSKTDTQYF	1
CSARDRGLAGLQETQYF	1
CSARDPVGTSGMREQFF	1
CSARDPGGTGELFF	1
CSARDSSYEQYF	1
CSARESVREQFF	1
CSARERGSSYEQYF	1
CSAREQKRGDPYNEQFF	1
CSARTSQRRETQYF	1
CSARSPSTTYNEQFF	1
CSARSREAAYEQYF	1
CSARRTGRLDEQFF	1
CSARNQGSPVEQYF	1
CSARNRGADEQYF	1
CSANLRQETQYF	1
CSANLGTLGNEQFF	1
CSAKGLDNEQFF	1
CSAKGQGSHGYTF	1
CSAKPYQETQYF	1
CSAKGIDRQYF	1
CSASPPPGQDNQPQHF	1
CSASGTTWEGNQPQHF	1
CSASMGGEQFF	1
CSAYPAWAYEQYF	1
CSALLPYNEQFF	1
CSALQVGEQYF	1
CSALGTEHYGYTF	1
CSALGFGGGREQYF	1
CSALADRFNTEAFF	1
CSAPGGNF	1
CSAPDPSGRNEQYF	1
CSARGTGGLILNSYEQYF	1
CSARGGTDNEQFF	1
CSAHELATAGELFF	1
CSAHTDPGMNTGELFF	1
CSAQTGVYEQYF	1
CSAVRRSGEQFF	1
CSAAGTTYEQYF	1
CSAGIGGPTDTQYF	1
CSAGDRFIDEQYF	1
CSAGEGGAFNEQYF	1
CSAERDEQFF	1
CSAIGGNEQYF	1
CSAIRPTGALNTGELFF	1
CSATNRGEITDTQYF	1
CSATKRPGGARGNYNEQFF	1
CSARGTRGGRYNEQFF	1
CSARTSARTYEQYF	1
CSARTGYEQYF	1
CSAKTGYYTDTQYF	1
CSASDRLTGSYEQYF	1
CSAWRGYPVGRSYNEQFF	1
CSAPSGQGDGYTF	1
CSAPPVGGYEQYF	1
CSAVAGGREQYF	1
CSAGVGNQPQHF	1
CSADRSPGETQYF	1
CSADRGNTGELFF	1
CSAEGFYGYTF	1
CSASDILGDEQFF	1
CSARTGAPYEQYF	1
CSARGQGPNYGYTF	1
CSARDSIYEQYF	1
CSAVFQETQYF	1
CSAESVTSGTGELFF	1
CSASGGRGTYGYTF	1
CSASKTSGGVQETQYF	1
CSAKSGNNYGYTF	1
CSGLTFSAGLAKNIQYF	1
CSGASPHPPYEQYF	1
CSGQGSSYEQYF	1
CSSKGVRKETQYF	1
CSSGQGGSYEQYF	1
CSWVAGPHGGNEQFF	1
CSLSLTSGQETQYF	1
CSHESPFWAGGTDTQYF	1
CSVSGVRQETQYF	1
CSVPDRSGNTIYF	1
CSVRRGQRTSGRGETQYF	1
CSVQPGSPTDTQYF	1
CSVVYLYDYEQYF	1
CSVVRGGYNEQFF	1
CSVVEQGNEQYF	1
CSVALHSGLNTGELFF	1
CSVAAYARSGSSYEQYF	1
CSVGSRQGTSGGLADEQFF	1
CSVGPLASGGRSYEQYF	1
CSVGGDYEQYF	1
CSVGVGVGTEAFF	1
CSVGDREWEKLFF	1
CSVGESSYEQYF	1
CSVGLALYNEQFF	1
CSVGRAGVSYEQYF	1
CSVDRDRDGGGRYTF	1
CSVDVRAPLYNEQFF	1
CSVEWADSSYNEQFF	1
CSVEYSLGYEQFF	1
CSVEGVWGETQYF	1
CSVESRPESTDTQYF	1
CSVELGFDSGQYNEQFF	1
CSVESGWNEQFF	1
CSVEWGRPPRSSYNEQFF	1
CSVEWGADAEAFF	1
CSVEWEVRPLEQYF	1
CSVERGQGAGEQFF	1
CSVERDGSADTQYF	1
CSVEVGGDYEQYF	1
CSVEVARGGNEQFF	1
CSVEATNSYEQYF	1
CSVEAGQFYEQYF	1
CSVEGPRSRGYEQYF	1
CSVEGAGDEQYF	1
CSVEGTSGQETQYF	1
CSVEDLGTIQETQYF	1
CSVEDPRSQETQYF	1
CSVEDQGQGYEQYF	1
CSVEDSSAYEQYF	1
CSVEDGQGSGNEQFF	1
CSVEMVKGNEQFF	1
CSVETRDREYEQYF	1
CSVESGDNEQFF	1
CSVTLTETEAFF	1
CSVTGLAGAGGWNEQFF	1
CSVTSGPNEQFF	1
CSVSRAYEQYF	1
CSVLNRVDNEQFF	1
CSVPGQGSRETQYF	1
CSVVRTSGGRPHNEQFF	1
CSVGGYRGYEQYF	1
CSVDADTPNTGELFF	1
CSVAIRQGTYEQYF	1
CSVDTKGTDTQYF	1
CSVEPGQGNYEQYF	1
CSVEAENTDTQYF	1
CSAERDRSLF	1
CSAFLAVYNEQFF	1
CSAASGSADTQYF	1
CSAGTYEQYF	1
CSAEQGANEQFF	1
CSARDVISYEQYF	1
CSGGTSGGYNEQFF	1
CSGRTGEAGELFF	1
CRTRTGINEQYF	1
RASSLAGQSKNIQYF	1
RASSLTPTADSYEQYF	1
RASSLNGGGANSPYEQYF	1
RASSLRQPLQETQYF	1
RASRPRSGERDEQYF	1
CASSLGPGANVLTF	3
CASGFWGVTEAFF	2
CASSPAHGGEYEQYF	2
CASSLGGTNEQFF	2
CASSYLGLAGVLYNEQFF	2
CASSPAGTGYTDTQYF	2
CASSGAANNEQFF	2
CASSTPAKQETQYF	2
CASSLGPINEQFF	2
CASSLSGTFPYEQYF	2
CASSLDSNLGGYYNEQFF	2
CASSSNSLDGTDTQYF	2
CASSSEALAGYSGANVLTF	2
CASSHGGALETQYF	2
CASSHLAGGRNTGELFF	2
CASSTRQGLSGANVLTF	2
CASRASGGSTDTQYF	2
CASRPSVSSYNEQFF	2
CASSLAGNSRQETQYF	2
CASSLGGLAGRRETQYF	2
CASSLEPSGTQYF	2
CASSWNRVSETQYF	2
CASSHPSGANVLTF	2
CASSAAGGQETQYF	2
CSAWTSGSDTQYF	2
SYPYEQYF	1
CVSGQEVTDTQYF	1
CASSLASSWETQYF	1
CASSSGTGITGELFF	1
CASSYTEAGTGGSGELFF	1
CASSLQRSYEQYF	1
CASSARTSGSVHEQYF	1
CASSGRVKPLAKNIQYF	1
CASSKDLAGGPWNEQFF	1
CASGGVSTDTQYF	1
CASKKYPGFQPQHF	1
CAWDLGNSPLHF	1
CAWTRFDEQFF	1
CAWTPYQETQYF	1
CAWTRDINYGYTF	1
CAWTRSGITNYGYTF	1
CAWSPTGHYGYTF	1
CAWSVGRTYEQYF	1
CAWSVDSSYEQYF	1
CAWSVFRQGGPEAFF	1
CAWSVLGTNTEAFF	1
CAWSVRRDGAEAFF	1
CAWSGELAGHIQYF	1
CAWSGTGGTEAFF	1
CAWSEGAHAGYTF	1
CAWSKGGEETQYF	1
CAWRLTGGRDTQYF	1
CAWRSTARTGELFF	1
CAWRGSSYEQYF	1
CAWRGTGPGELFF	1
CAWKIGEGPYNEQFF	1
CALELDRPPYEQYF	1
CAVGLGETQYF	1
CAVSGGAGETQYF	1
CAAGKDYSYEQYF	1
CAAGGGAYNEQFF	1
CAGRQGAGEQFF	1
CAGHPLEGRQPQHF	1
CAGHGQPNEQFF	1
CAILRNSGTPYNEQFF	1
CAIAEGQGYEQYF	1
CAIAGSGGGETQYF	1
CAIMGRGNNEQYF	1
CAITSSGNEQFF	1
CAITAGLHYEQYF	1
CAITPLAGTRHDNEQFF	1
CAITVGGRDGYTF	1
CAISPKNEQFF	1
CAISPQGADTQYF	1
CAISRGGDSLYNEQFF	1
CAISVSGSGSWNEQFF	1
CAISVGTSVYNEQFF	1
CAISVLGLAGEEQYF	1
CAISVTSGREDNEQFF	1
CAISASRDEQYF	1
CAISAETSGRLTPRTDTQYF	1
CAISAGGPSYNEQFF	1
CAISGLKLAGAYEQYF	1
CAISGPGTVISTDTQYF	1
CAISGKGTGGNEQFF	1
CAISGGTGGYEQYF	1
CAISGGSAGARADTQYF	1
CAISGTSQTFSEQFF	1
CAISGVPRRRTSTDTQYF	1
CAISDSSGSSETQYF	1
CAISDPRISTDTQYF	1
CAISDILSSTYNEQFF	1
CAISDPPGRDYEQYF	1
CAISESGQTYEQYF	1
CAISESPSRGGSGETQYF	1
CAISESVDRYF	1
CAISESGRGEQFF	1
CAISESEGGQTGELFF	1
CAISESTGWDTGELFF	1
CAISEPKLAGLPYEQYF	1
CAISEQGLSETQYF	1
CAISEQGVNEQFF	1
CAISEAGSSYEQYF	1
CAISEGGGVTDTQYF	1
CAISEGASVYYNEQFF	1
CAISEGVPDTEAFF	1
CAISEPPLGADQETQYF	1
CAISEQESSGRHDLDTQYF	1
CAISEQRWSSYNEQFF	1
CAISEVGNSYEQYF	1
CAISEGGRGYNEQFF	1
CAISEGRRANTGELFF	1
CAISEILVENLQETQYF	1
CAISSVPTGEGYEQYF	1
CAISSLRLAGADEQFF	1
CAISPGQATSSYEQYF	1
CAISPEGMVGQYLL	1
CAISRTKTYNEQFF	1
CAISGRHGRGVNEQFF	1
CAISGAGYNEQFF	1
CAISTTSYQETQYF	1
CAIRQGGGETQYF	1
CAIRATGTSNDEQFF	1
CAIRGESYEQYF	1
CAIRIFRDRGENEQFF	1
CAIRTTSGRANEQFF	1
CAIRNIAGASSYNEQFF	1
CAIRPGQGASRSYEQYF	1
CAIRRDGLSTDTQYF	1
CAIRGQGSSSYNEQFF	1
CAIKNEGSSEQFF	1
CAIKAGGYNEQFF	1
CAMAGQGTYNEQFF	1
CAIGLLGETQYF	1
CAIGQGSYEQYF	1
CATSGGIRELFF	1
CATEAGFSYNEQFF	1
CATRRLAGEYEQYF	1
CATFRTSGRTGPVDEQFF	1
CATSAASGGAYNEQFF	1
CATSFGYTF	1
CATSLTGKSNQPQHF	1
CATSIHPMGVFSYEQYF	1
CATWGLRLTLNEQFF	1
CATYQGSRWSTGELFF	1
CATLRLVGGETQYF	1
CATPGVGYNSYEQYF	1
CATRRGQMYNEQFF	1
CATRRGAGAEQYF	1
CATRPSGSSYNEQFF	1
CATRGGGTQYF	1
CATRTNSYEQYF	1
CATQGTDQETQYF	1
CATQTGSYNEQFF	1
CATVLGYEQYF	1
CATAVAGTPNEPSTGELFF	1
CATANRGSYEQYF	1
CATGRNGWGDNEQFF	1
CATGRSVFYNSPLHF	1
CATISTPGTTISTQYF	1
CATTLAGEDDTQYF	1
CATTGGNEQFF	1
CATSWREGMDTQYF	1
CATSLGGHLQETQYF	1
CATSPPGQGGDTQYF	1
CATSVRGRWYEQFF	1
CATSVDNTGELFF	1
CATSVRTGTGNTIYF	1
CATSVSKDREETQYF	1
CATSVGQNYNEQFF	1
CATSVEAGGEQFF	1
CATSALRPDTQYF	1
CATSAPLSETQYF	1
CATSAPEQFTDTQYF	1
CATSAGQGINYGYTF	1
CATSGRSGSINEQFF	1
CATSGGTSGANEQFF	1
CATSDFSQGSVLTDTQYF	1
CATSDLWVETQYF	1
CATSDLWGLGFF	1
CATSDLLAESLNEQFF	1
CATSDLGANYGYTF	1
CATSDLEVNTGELFF	1
CATSDLRQRGDTQYF	1
CATSDLQTGTYYNEQFF	1
CATSDSSGGYYNEQFF	1
CATSDSLAGGTDTQYF	1
CATSDSYEQYF	1
CATSDSGTSAERQFF	1
CATSDSGKVTEAFF	1
CATSDYKQGYNEQFF	1
CATSDPPTSGRRRVYNEQFF	1
CATSDPLGSRNEQFF	1
CATSDPSGGSYEQYF	1
CATSDPRQQQETQYF	1
CATSDPRQGALFGELFF	1
CATSDPRTGSGYEQYF	1
CATSDPLAGRHNEQFF	1
CATSDRAGGQETQYF	1
CATSDGSRAYNEQFF	1
CATSDNRVGHEQYF	1
CATSDWTSSSYNEQFF	1
CATSDPPRGETQYF	1
CATSDPTGGREYYNEQFF	1
CATSDPTSGHQETQYF	1
CATSDRGQGRHNEQFF	1
CATSDRDRGYYNEQFF	1
CATSESGQAYNEQFF	1
CATSEPGRNEQFF	1
CATSEARAWGSYNEQFF	1
CATSENSGGADTQYF	1
CATSTAQRGEQYF	1
CATSSGTSYNEQFF	1
CATSLRNNSYNEQFF	1
CATSPSPGGSYNEQFF	1
CATSPAGDGSYEQYF	1
CATSARKTGKATDTQYF	1
CATSETPGTEAFF	1
CATSIAHEQFF	1
CATSTQTGGSYEQYF	1
CATSRAPRGGVDTQYF	1
CATSRDFEQETQYF	1
CATSRDSLAGVGNEQFF	1
CATSRDLSIEQYF	1
CATSRDKSYEQYF	1
CATSKRARGPETQYF	1
CATRGHEQYF	1
CATRGQNTGELFF	1
CATNPGGDEQYF	1
CATKGQGGTYEQYF	1
CATCGGVDHAGYTF	1
CATDGQTNEQFF	1
CATEAPSGQMTQYF	1
CASSPRASVAYEQYF	1
CASSPRQATYEQYF	1
CASLAFVYNSNTGELFF	1
CASPTGRRVYEQYF	1
CASRDRITDTQYF	1
CASRKASGYNEQFF	1
CASATSESTGELFF	1
CASGGGNEQFF	1
CASIQQGAYGYTF	1
CASTGTSGSVDTQYF	1
CASTGTGGIGYQETQYF	1
CASSSPRNTGELFF	1
CASSAGQPQHF	1
CASSATGLGTEAFF	1
CASSGRVGTEAFF	1
CASSIYGADGQPQHF	1
CASSISGATEAFF	1
CASSIPTGALQKQPQHF	1
CASSISPTNEKLFF	1
CASSTQGLAGANEQFF	1
CASSKGRYSNQPQHF	1
CASSGFFEQFF	1
CASSKKGWNQPQHF	1
CASNDRADTQYF	1
CASLGLSGEQYF	1
CASSSYEQYF	1
CASSRGGFRPQHF	1
CASSLDRVVSRETQYF	1
CASSPSGQNYEQYF	1
CASSRNWGDQETQYF	1
CASSAGYSNQPQHF	1
CASSPSGGRRLYEQYF	1
CASSPYQDRSYYEQYF	1
CASSPQGQGSYEQYF	1
CASSPADRGQRLDTQYF	1
CASSPGGGDEQYF	1
CASSPRGGTDTQYF	1
CASSQTPRGYGTEAFF	1
CASSIQGHEQYF	1
CASSTNRGNEQYF	1
CASSTETHRVGGNQPQHF	1
CASCGRGGSYEQYF	1
CASCSYNSPLHF	1
CASCSTSGRADF	1
CASWGSYEQYF	1
CASWGTGTYEQYF	1
CASWKTGGTYEQYF	1
CASLSGYQETQYF	1
CASLYRDGPRQYF	1
CASLLAGGPHNEQFF	1
CASPPSGGVADTQYF	1
CASPHRANTGELFF	1
CASRGITSYEQYF	1
CASRRQGSSYEQYF	1
CASRRQGSDTQYF	1
CASRRGGEQYF	1
CASHRGGSEETQYF	1
CASQSRQGAHTQYF	1
CASQRLGRQETQYF	1
CASQREVSYEQYF	1
CASQETNTGELFF	1
CASATTGGRYEQYF	1
CASAYRTGELFF	1
CASAPSEVNEQFF	1
CASAHSPSVGNEQFF	1
CASAVVPGEQYF	1
CASAGSGRGNEQFF	1
CASATGSGPQETQYF	1
CASANTRETSTYEQYF	1
CASAIAGGASYNEQFF	1
CASATSSQGTGDSPWVNEQFF	1
CASASGGGSYNEQFF	1
CASGPGTGDYEQYF	1
CASGPGDTQYF	1
CASGLGPEENTEAFF	1
CASGPIYGETQYF	1
CASGGVETQYF	1
CASGGQGASGGYTF	1
CASGDVWEQYF	1
CASGFRGGNVETQYF	1
CASGLGATNEKLFF	1
CASGDRGETQYF	1
CASGTDRASPLHF	1
CASGRPGFLYEQYF	1
CASGLAGETYEQYF	1
CASGYNEQFF	1
CASGLLLAGGNEQYF	1
CASGPGTRPNEQFF	1
CASGHLLAGEDEQFF	1
CASGGGTSGIHEQYF	1
CASGGQGVLTGELFF	1
CASDPGRGFDQPQHF	1
CASDPPRGDELDEQFF	1
CASDRDYGYTF	1
CASEGARSWQYF	1
CASILWAKNTEAFF	1
CASISRVASSYNEQFF	1
CASILSTGGYNEQFF	1
CASIVDGNTEAFF	1
CASISPGTGGYTEAFF	1
CASILGGALTTGELFF	1
CASIPSGRRWFEQFF	1
CASIPPQGSKTYEQYF	1
CASIPMRDGSPYEQYF	1
CASIRNSPNTEAFF	1
CASITERGGRRLYF	1
CASITTGELFF	1
CASMPGGRGNQPQHF	1
CASMAIGGQGRRETQYF	1
CASMGTRSGEQYF	1
CASMMYQETQYF	1
CASMKGLNEQYF	1
CASTLGYEQYF	1
CASTVIGYEQYF	1
CASTGTSISYEQYF	1
CASTTRPGQAGEQFF	1
CASTRTRGSDEQFF	1
CASTFVKDSYNEQFF	1
CASTFGGYDEQFF	1
CASTFTDTQYF	1
CASTLAGGDSGYTF	1
CASTLGAYNEQFF	1
CASTSFGWAETQYF	1
CASTSRGGDERFHF	1
CASTSGFLSYEQYF	1
CASTYPDRLRTGELFF	1
CASTLSRNEQFF	1
CASTLDRGSSGANVLTF	1
CASTLSRGGNQPQHF	1
CASTLRRDFYTDTQYF	1
CASTPLQDSYNSPLHF	1
CASTPTNRGGGGPDTQYF	1
CASTPEASLGETQYF	1
CASTPWGELTEQFF	1
CASTPSWHTDTQYF	1
CASTPPAVSYGYTF	1
CASTRGLGGASYEQYF	1
CASTQRDEQFF	1
CASTVSAQQPQHF	1
CASTAPPASLYEQFF	1
CASTARVPSGSPNEQFF	1
CASTGALRGHYFHEQFF	1
CASTGLNPQETQYF	1
CASTEGTHTDTQYF	1
CASTMSGLRRAYGYTF	1
CASTTGGNTEAFF	1
CASTTSGTRFPYEQFF	1
CASTRGGRDEQFF	1
CASTNRLFSYNEQFF	1
CASTNTDTQYF	1
CASTQRDYYNEQFF	1
CASTVWGTDTQYF	1
CASTDRGGYGYTF	1
CASTEYRAGTQYF	1
CASTETQYF	1
CASTNRVHEQFF	1
CASTPPLAKYNEQFF	1
CASTTWMYNEQFF	1
CASSFFRLDRYTGELFF	1
CASSFFGSAQETQYF	1
CASSFLGESLYEQYF	1
CASSFSRGNEQFF	1
CASSFSRYEQYF	1
CASSFSTLADSYEQYF	1
CASSFSGQGLETQYF	1
CASSFSTSGRRSTDTQYF	1
CASSFWASSYNEQFF	1
CASSFWGGRADTGELFF	1
CASSFWNSTDTQYF	1
CASSFYPVGRGTTDTQYF	1
CASSFLGRAEADTQYF	1
CASSFLQETQYF	1
CASSFLAGGYEQYF	1
CASSFLAGDEQFF	1
CASSFLGPEQYF	1
CASSFPQAGGYPGEQYF	1
CASSFPGTGGQPQHF	1
CASSFPSGGTNEQFF	1
CASSFPTGQNTEAFF	1
CASSFRTGLGTQYF	1
CASSFRGASYNEQFF	1
CASSFQTGTDTQYF	1
CASSFQNTGELFF	1
CASSFVLRQGNSPLHF	1
CASSFVGRAVEQYF	1
CASSFVGQGTPLEYF	1
CASSFVTGGEQYF	1
CASSFVLAGALEYNEQFF	1
CASSFASEQYF	1
CASSFAGFGGYTF	1
CASSFGTGGAGNEQFF	1
CASSFGSGGDTGELFF	1
CASSFGGATGQPQHF	1
CASSFGGLSGLFF	1
CASSFGDTRETQYF	1
CASSFGNAGTFNEKLFF	1
CASSFGDTQYF	1
CASSFGTSGGEQYF	1
CASSFDRTSEKTDTQYF	1
CASSFDRGNTGELFF	1
CASSFETVLTGELFF	1
CASSFISETQYF	1
CASSFTLIGKLSYNEQFF	1
CASSFSIGQFF	1
CASSFRRGGRYEQYF	1
CASSFRQNTEAFF	1
CASSFRESSYNEQFF	1
CASSFNQETQYF	1
CASSFKSFGTSGTEQYF	1
CASSFSGTEDRNYGYTF	1
CASSFWVAGASSYEQYF	1
CASSFWGSPLHF	1
CASSFYDPAYEQYF	1
CASSFLGELFF	1
CASSFLTDTQYF	1
CASSFPHPNQAGKLKNSGNTIYF	1
CASSFPSGTLNEQFF	1
CASSFPGAQETQYF	1
CASSFRLAGERGWGTQYF	1
CASSFRLAGDETQYF	1
CASSFRQGWNNEQFF	1
CASSFQGAEETQYF	1
CASSFQGPSPETQYF	1
CASSFASLFYEQYF	1
CASSFADRLNTEAFF	1
CASSFGSAAREQYF	1
CASSFGLAGGPGTDTQYF	1
CASSFGQGKLIF	1
CASSFGASYEQYF	1
CASSFGIFGYEQYF	1
CASSFGRKTQYF	1
CASSFGLSGQYF	1
CASSFGPFYEQYF	1
CASSFGENTEAFF	1
CASSFDLADTGELFF	1
CASSFDRSSYNEQFF	1
CASSFELSTDTQYF	1
CASSFEASREQYF	1
CASSFEDRGGTGELFF	1
CASSFTGLTSLDTQYF	1
CASSFTGQIYNEQFF	1
CASSFTNAGKEGQYF	1
CASSFRAGAYNEQFF	1
CASSFKGSRTNEQFF	1
CASSLLGRFTEAFF	1
CASSLLRESGQFF	1
CASSLSASGYEQYF	1
CASSLWTSGMNSYEQYF	1
CASSLYQVSYNEQFF	1
CASSLYDTPYEQYF	1
CASSLQGTYEQYF	1
CASSLASGGAQETQYF	1
CASSLASSGGPFNEQFF	1
CASSLALGGTDTQYF	1
CASSLAGVTGELFF	1
CASSLAGGPYEQFF	1
CASSLAGGETQYF	1
CASSLGDSPLHF	1
CASSLGPHNEQFF	1
CASSLGTWNEQFF	1
CASSLGRGPTDTQYF	1
CASSLGGTDTEAFF	1
CASSLGDSNQPQHF	1
CASSLGTSGRGIQYF	1
CASSLGTLTDTQYF	1
CASSLGSDQYF	1
CASSLGYRVNQPQHF	1
CASSLGPTNTGELFF	1
CASSLGQNTGELFF	1
CASSLDRQAGELFF	1
CASSLEETQYF	1
CASSLTLTGGNSPLHF	1
CASSLTGNYIQYF	1
CASSLSPRVATSSYNEQFF	1
CASSLRGNEQFF	1
CASSLRTGAYEQYF	1
CASSLRAQYF	1
CASSLRGSSYNEQFF	1
CASSLNLGTSVEQYF	1
CASSLFSPGEQFF	1
CASSLFREETQYF	1
CASSLFKGGETQYF	1
CASSLLATYEQYF	1
CASSLLGFSSVNEQFF	1
CASSLLGGRTDTQYF	1
CASSLLGDTQYF	1
CASSLLKGLNEQFF	1
CASSLSPWPVTGELFF	1
CASSLSPLPPGELFF	1
CASSLSVATGELFF	1
CASSLSVEGKIYEQYF	1
CASSLSGGGTDTQYF	1
CASSLSDRGNEKLFF	1
CASSLSGGGEQYF	1
CASSLWAGRAGDTQYF	1
CASSLWDATDTQYF	1
CASSLWTGAGNTIYF	1
CASSLWRFSDTQYF	1
CASSLWRDEQFF	1
CASSLYQVAGGPSAYNEQFF	1
CASSLYGGINEQYF	1
CASSLYMETQYF	1
CASSLYRGSTDTQYF	1
CASSLYSLGGHTEAFF	1
CASSLLTRSQEQFF	1
CASSLLIAGLNNEQFF	1
CASSLLPSGGAMVYQFF	1
CASSLLAGHNEQFF	1
CASSLPGAPDTQYF	1
CASSLPTSGRVDTQYF	1
CASSLRQGMKETQYF	1
CASSLRGTYSYEQYF	1
CASSLRGAGTEQYF	1
CASSLQAALYNEQFF	1
CASSLQDNEQFF	1
CASSLQGLADLLGNTQYF	1
CASSLVPSRATDTQYF	1
CASSLVPGELFF	1
CASSLVGGPDNEQFF	1
CASSLVDIYNEQFF	1
CASSLVLALYEQYF	1
CASSLVTYEQYF	1
CASSLVSGKEFEQYF	1
CASSLASGSNQPQHF	1
CASSLAYEQFF	1
CASSLAAGGPGQYF	1
CASSLALASPETQGYTF	1
CASSLAGGETQYF	1
CASSLALGDRAHEQYF	1
CASSLALRGAYNEQFF	1
CASSLAPAANTGELFF	1
CASSLADRGTYEQYF	1
CASSLATGQYEQYF	1
CASSLANLAMDYEQYF	1
CASSLGPNQETQYF	1
CASSLGAGPQETQYF	1
CASSLGGGTGTQYF	1
CASSLGPRREDRDEQYF	1
CASSLGQRAYEQYF	1
CASSLGLGTGTNEQFF	1
CASSLGQATSYEQYF	1
CASSLGASGEGTDTQYF	1
CASSLGAGRPRYEQYF	1
CASSLGAGRNTIYF	1
CASSLGGPETQYF	1
CASSLGGRNNEQFF	1
CASSLGDEQYF	1
CASSLGTSRYTQYF	1
CASSLGTTEDTQYF	1
CASSLGTGDQETQYF	1
CASSLGLAVREQYF	1
CASSLGLAGSYEQYF	1
CASSLGQWSSYEQYF	1
CASSLGVQVTDTQYF	1
CASSLGTGGPSGTGELFF	1
CASSLGSGSADTQYF	1
CASSLDWQGEYF	1
CASSLDRGQGTGELFF	1
CASSLEDRYNEQFF	1
CASSLEIDSWAGRMAEAFF	1
CASSLETSYNEQFF	1
CASSLELGKQYF	1
CASSLEPSLSYNEQFF	1
CASSLIPYGETQYF	1
CASSLIVGGGTDTQYF	1
CASSLIGRGKETQYF	1
CASSLMDSSYEQYF	1
CASSLMTRNTEAFF	1
CASSLIGLAGAAAFF	1
CASSLTGGGSYEQYF	1
CASSLTSGLYNEQFF	1
CASSLTSEYNEQFF	1
CASSLTRRQVGYEQYF	1
CASSLTTGTGELFF	1
CASSLSSYPTYSPLHF	1
CASSLSWTGNQPQHF	1
CASSLSVSYEQYF	1
CASSLRRGQYF	1
CASSLRASGAQNNEQFF	1
CASSLRGGVYEQYF	1
CASSLRDLGVQYF	1
CASSLRRGGETQYF	1
CASSLRQIRSYEQYF	1
CASSLNLGELFF	1
CASSLNERGAQFF	1
CASSLKAPNQETQYF	1
CASSLKGADTQYF	1
CASSLKTGWNQPQHF	1
CASSSLPILVEQYF	1
CASSSRPTSGSGETQYF	1
CASSSRTSGYEQYF	1
CASSSDRGQTGELFF	1
CASSSNGYNEQFF	1
CASSSSGDNEQFF	1
CASSSSGIYEQYF	1
CASSSSPGDNEQFF	1
CASSSSPTADTQYF	1
CASSSWTGPYEQYF	1
CASSSLTGLKYYEQYF	1
CASSSLGGYNEQFF	1
CASSSPSPASSYEFF	1
CASSSPSSYEQYF	1
CASSSRLGGAGQETQYF	1
CASSSRLGTYTDTQYF	1
CASSSRTSRYNEQFF	1
CASSSVGGFYNEQFF	1
CASSSASGELFF	1
CASSSARTGFYGYTF	1
CASSSGSGIFDEQYF	1
CASSSGTYNEQFF	1
CASSSGTSGRLTYNEQFF	1
CASSSGTGVHEQFF	1
CASSSGTGIQPQHF	1
CASSSGQGGSGNTIYF	1
CASSSGQTSTDTQYF	1
CASSSDSDEQFF	1
CASSSDRVGYTF	1
CASSSTGTGWFF	1
CASSSFPEGYNEQFF	1
CASSSSPGTGSDEQYF	1
CASSSRGGGTDTQYF	1
CASSSREFGHEQYF	1
CASSSVPRDGTIYEQYF	1
CASSSGTSGYNEQFF	1
CASSSGQGGLETQYF	1
CASSSRRRPLVNEQFF	1
CASSSLNTGDAYTF	1
CASSSSSVGGVETQYF	1
CASSSPGGRTDTQYF	1
CASSSHWETQYF	1
CASSSGSPYEQYF	1
CASSSGSTYEQYF	1
CASSSGTGAYEQYF	1
CASSSSLRQYF	1
CASSCRLLLGHTEAFF	1
CASSWSGFIGNEQFF	1
CASSWADYNEQFF	1
CASSWAGGYGEQYF	1
CASSWGTRNQPQHF	1
CASSWGQGRSGELFF	1
CASSWDLYTDTQYF	1
CASSWDQLHGYTF	1
CASSWDRGPEQFF	1
CASSWEQNLFPGYNSPLHF	1
CASSYLRGLDEQYF	1
CASSYQGNTEAFF	1
CASSYVGYYEQFF	1
CASSYGLAGFAYEQYF	1
CASSYSYQAISGNTIYF	1
CASSYSTRFYEQYF	1
CASSYSSGRDNEQFF	1
CASSYSRNGKNIQYF	1
CASSYSATGSSYEQYF	1
CASSYSGTRGDTQYF	1
CASSYSGTGVFYEQYF	1
CASSYSSGYNEQFF	1
CASSYSYSVPGELFF	1
CASSYSYWTVSTDTQYF	1
CASSYSYRGLRLTQYF	1
CASSYSPNEQFF	1
CASSYSPRFPSGDTQYF	1
CASSYSASGEGGETQYF	1
CASSYSGSWIDTQYF	1
CASSYSGLNYEQYF	1
CASSYSIGGGRVYEQYF	1
CASSYSIQANYGYTF	1
CASSYSSQVQQFF	1
CASSYSSGTRGTDTQYF	1
CASSYSRTYEQYF	1
CASSYSRGVDLLNEQFF	1
CASSYSNRGHDGYTF	1
CASSYSGTSTLQNF	1
CASSYYGARRENIQYF	1
CASSYLPPKGEAFF	1
CASSYLTGTNQPQHF	1
CASSYLAKGEQFF	1
CASSYPGGEQFF	1
CASSYPTGAPLTGELFF	1
CASSYPGGNTEAFF	1
CASSYPETKLFF	1
CASSYRSSNTGELFF	1
CASSYRGEMWEQYF	1
CASSYQGNYEQYF	1
CASSYQPQGTGANTEAFF	1
CASSYVDTQYF	1
CASSYAGGSAYEQYF	1
CASSYADRGSEQYF	1
CASSYGQPQHF	1
CASSYGRGWFSDEQYF	1
CASSYGQGRDEQYF	1
CASSYGTQETQYF	1
CASSYGFSYEQYF	1
CASSYGSVARLNEQFF	1
CASSYGTAYEQYF	1
CASSYGSNSPLHF	1
CASSYGQGQGDTQYF	1
CASSYGGSYEQYF	1
CASSYTTWTNQQETQYF	1
CASSYKRVSNYGYTF	1
CASSLQSSGIFGY	1
CASSLRGLAGYNEQFF	1
CASSLSRLAGAYNEQFF	1
CASSLLDRVDEQYF	1
CASSLPGQGRHTQYF	1
CASSLPRDSRPDTQYF	1
CASSLHGLGLAGYTDTQYF	1
CASSLGLAPTGELFF	1
CASSLGLAGVQYF	1
CASSLGQGSSYEQYF	1
CASSLTGDFYGYTF	1
CASSLRVGIHTEAFF	1
CASSLGASGGGTTQYF	1
CASSLTSGRTKNIQYF	1
CASSLTGTIKETQYF	1
CASSLQVPSSNQPQHF	1
CASSLQGEQYF	1
CASSLDYKAYEQYF	1
CASSLDRASNTGELFF	1
CASSLERWHGYTF	1
CASSLRSQGRDEQFF	1
CASSPSTGGETQYF	1
CASSPPWTGGRSNQPQHF	1
CASSPHPAGGPMETQYF	1
CASSPQTDSYEQYF	1
CASSPGQVGYEQYF	1
CASSPDPDEQFF	1
CASSPITSGGANEQFF	1
CASSPIRTGPSQPQHF	1
CASSPFGTDLNQPQHF	1
CASSPFGQASYEQYF	1
CASSPSAGGVADTQYF	1
CASSPSGAYYEQYF	1
CASSPYSGTKNEQYF	1
CASSPPTGGYEQYF	1
CASSPRAPSGELFF	1
CASSPRDRSHEQYF	1
CASSPHGTGVGYTF	1
CASSPVGGQNSPLHF	1
CASSPGRQGAGEQYF	1
CASSPGTSGGELSYEQYF	1
CASSPGRRASPLHF	1
CASSPEGYEQYF	1
CASSPERGRGTKEQYF	1
CASSPTGSEQYF	1
CASSPSPTRNDLNEQFF	1
CASSPSGRGRRDSPLHF	1
CASSPRSFTDTQYF	1
CASSPRTPNSYEQYF	1
CASSPVTGGQETQYF	1
CASSPGQGNYEQYF	1
CASSPDRSTDTQYF	1
CASSPDRVPTDTQYF	1
CASSPIDRGMFYGYTF	1
CASSPMNLGQISYEQYF	1
CASSPTTQGASYEQYF	1
CASSPTFGTIAGGEETQYF	1
CASSPTGQDSSYEQYF	1
CASSPTLNEQFF	1
CASSPTRTSGTENNEQFF	1
CASSPTGARSYEQYF	1
CASSPPVRDRVPKGGNQPQHF	1
CASSPPGLAGWETQYF	1
CASSPRRAGGHEQYF	1
CASSPRDWDKRTQYF	1
CASSPAIAGGSYEQFF	1
CASSPGAGEPYEQYF	1
CASSPGTAYEQYF	1
CASSPGLVRETQYF	1
CASSPSLAGTAVIKQYF	1
CASSPRGLGTDTQYF	1
CASSRPGEHTGELFF	1
CASSRRGWGGLETQYF	1
CASSRARGLNGYTF	1
CASSRMAGASNEKLFF	1
CASSRTSGRNYEQYF	1
CASSRTGTGALNEQFF	1
CASSRTGVSTDTQYF	1
CASSRWDSPNQPQHF	1
CASSRLAGVTVAKNIQYF	1
CASSRAGEQETQYF	1
CASSRETGGVETQYF	1
CASSRTSAQGHQPQHF	1
CASSHSGSISYTQYF	1
CASSHPTTRLAPIYNEQFF	1
CASSHPGGQETQYF	1
CASSHGAGLDTQYF	1
CASSHTDTQYF	1
CASSQREGFEQYF	1
CASSQGLAGAYEQYF	1
CASSQRSGSGSPLHF	1
CASSVGLATGELFF	1
CASSVRTGPNEQFF	1
CASSVQQGQQPQHF	1
CASSVGTGTYEQYF	1
CASSVEGYFSEQYF	1
CASSVIQGYEQYF	1
CASSVRAGGFQETQYF	1
CASSVRTGGLAGELFF	1
CASSVGQGAINTEAFF	1
CASSVGAGGPWEQFF	1
CASSVSDSNNSPLHF	1
CASSVLDGQETQYF	1
CASSVAPGMGQYF	1
CASSAAGGANTEAFF	1
CASSAFWGDPSGNTIYF	1
CASSAWGYQETQYF	1
CASSARSAEKLFF	1
CASSAGTGSSYEQYF	1
CASSAGLGANEQFF	1
CASSAESGGNTGELFF	1
CASSATATLLNLNTEAFF	1
CASSARSGGYNEQFF	1
CASSANRDYYEQYF	1
CASSAARASGDPQETQYF	1
CASSADRGTDTQYF	1
CASSAEHSYEQYF	1
CASSATSGYNEQFF	1
CASSALDRGLETQYF	1
CASSAGYEQYF	1
CASSAGALSSYEQYF	1
CASSAETQYF	1
CASSGLMGSGRIFEQYF	1
CASSGNRGAFFTDTQYF	1
CASSGSGRRTDTQYF	1
CASSGGGGDTQYF	1
CASSGQRGRTDTQYF	1
CASSGADSHNEQFF	1
CASSGGYRVSSYEQYF	1
CASSGGPSTDTQYF	1
CASSGGTGTGELFF	1
CASSGGITDTQYF	1
CASSGDKSGSQETQYF	1
CASSGWDDRETQYF	1
CASSGPPGELFF	1
CASSGQLSDTQYF	1
CASSGQVSYEQYF	1
CASSGQGIGTGELFF	1
CASSGGGVGLYNEQFF	1
CASSGGENFNNEQFF	1
CASSGTRETPPSQYF	1
CASSGTGGHEQYF	1
CASSDPGTGAYNEQFF	1
CASSDRQGEYTGELFF	1
CASSDGSRVYNEQFF	1
CASSDDRLPTYEQYF	1
CASSDSLVRTDTQYF	1
CASSDSTAEFF	1
CASSDRDRGPPDTEAFF	1
CASSDPSSGRPYEQYF	1
CASSDPKGDSYNEQFF	1
CASSDRGGAEAFF	1
CASSEFRGISYNEQFF	1
CASSEPPGQGYSPLHF	1
CASSEPGTGTQETQYF	1
CASSEAGQGVAWQETQYF	1
CASSESSGSSRDTQYF	1
CASSERLAGSYEQYF	1
CASSELRAGLIQQYF	1
CASSESGGVQGNQETQYF	1
CASSEYKTGGTDTQYF	1
CASSEPGFSYEQYF	1
CASSERRGEDTQYF	1
CASSERVFSYEQYF	1
CASSEQGYEQYF	1
CASSEVIGNEQYF	1
CASSEAWSLSFNIQYF	1
CASSEARRLYTGELFF	1
CASSEALAGIETQYF	1
CASSEATTGFYGYTF	1
CASSEGPDSSYEQYF	1
CASSEGLDRDQDEQYF	1
CASSEEPGLAGFNEQFF	1
CASSEEGVVITGQYF	1
CASSEMVETQYF	1
CASSEMGSNEQFF	1
CASSENRGMNTEAFF	1
CASSEKRTYTDTQYF	1
CASSIAGRAIYEQYF	1
CASSIQYFEGMADYGYTF	1
CASSTPGTSGTDTQYF	1
CASSTTGTGNSPLHF	1
CASSTTGSPLHF	1
CASSTSGEGTDTQYF	1
CASSTSTVTEQFF	1
CASSTLGGHNEQFF	1
CASSTRSGGPPRTQYF	1
CASSTQRGTMNTEAFF	1
CASSTGTGSETQYF	1
CASSTDLAGSYNEQFF	1
CASSTDRAGAQETQYF	1
CASSTSGTSDEQFF	1
CASSTRRNREIGYEQYF	1
CASSTARDEQFF	1
CASSTGGENTGELFF	1
CASSTNPLGWYEQYF	1
CASSTNGGRVARASTDTQYF	1
CASSTGTTDTQYF	1
CASSSGGFQETQYF	1
CASSRIFGYEQYF	1
CASSRTGGASDQPQHF	1
CASSNLETQYF	1
CASSNYEGGETQYF	1
CASSNSGSGETQYF	1
CASSNSGSEETQYF	1
CASSNSDWSSYEQYF	1
CASSNYGVAGYEQYF	1
CASSNTDTQYF	1
CASSNRGGNEKLFF	1
CASSNRGSGELFF	1
CASSKQGNSPYEQYF	1
CASSFFEQGTEAFF	1
CASSFLLGLADTYNEQFF	1
CASSFSRDNEQFF	1
CASSFSVSYEQYF	1
CASSFSASGRQYF	1
CASSFSGRNTEAFF	1
CASSFYRWDRRTSKETQYF	1
CASSFLYEQYF	1
CASSFLAGEYNEQFF	1
CASSFLDRGNEQFF	1
CASSFPERGRNYNEQFF	1
CASSFRPRSVGANIQYF	1
CASSFRLASDYEQYF	1
CASSFAGGVNMFF	1
CASSFGQQGLSGNTIYF	1
CASSFGGVSGGDEQYF	1
CASSFGEYTGELFF	1
CASSFGNQETQYF	1
CASSFGQSFEPQHF	1
CASSFIGQGPHEQYF	1
CASSFTGGGQETQYF	1
CASSFSGGGYNEQFF	1
CASSFNRVRSYNEQFF	1
CASSFSGNNNPYNEQFF	1
CASSFLRDRESYEQYF	1
CASSFRTSGGEETQYF	1
CASSFQGNEQYF	1
CASSFAGTSGLQETQYF	1
CASSFGDSPLHF	1
CASSFGPYEQYF	1
CASSFGAIDHEQFF	1
CASSFGTPDTGELFF	1
CASSFGTGDEQYF	1
CASSFDDRVVGEQFF	1
CASSFTSGGADTQYF	1
CASSFTGTQETQYF	1
CASSFTGNEQFF	1
CASSFRGPAGGFEQFF	1
CASSLLFVYNEQFF	1
CASSLSGTLKAQAFF	1
CASSLSSRRPFF	1
CASSLSRGLPYEQYF	1
CASSLYGESNEQFF	1
CASSLPYSNTGELFF	1
CASSLRGAPTDTQYF	1
CASSLRTSGGTSSYNEQFF	1
CASSLQGEQFF	1
CASSLQTRLQETQYF	1
CASSLVLGAGYNEQFF	1
CASSLVPLGSKDTQYF	1
CASSLVSGYEQYF	1
CASSLVLRDRVGGEQYF	1
CASSLVRGSYEQYF	1
CASSLVLMGLAGTDTQYF	1
CASSLALAYNEQFF	1
CASSLAFTSGRFNEQFF	1
CASSLARAGELFF	1
CASSLAGGPTDTQYF	1
CASSLAGGSGIQETQYF	1
CASSLAQDATHYEQYF	1
CASSLGQGYNEQFF	1
CASSLGGGSPDTQYF	1
CASSLGTLAVDEQFF	1
CASSLGPGQGVTF	1
CASSLGGQVYNEQFF	1
CASSLGGTGLAGADTQYF	1
CASSLGTLPYEQYF	1
CASSLGTSFVETQYF	1
CASSLGTSGGETQYF	1
CASSLGTSGYNEQFF	1
CASSLGTSIYEQYF	1
CASSLGTSYFYEQYF	1
CASSLGLADTDTQYF	1
CASSLGPINEQFF	1
CASSLGRYNSPLHF	1
CASSLGRRDTQYF	1
CASSLGANEQFF	1
CASSLDFTGGQGVFSYNEQFF	1
CASSLDYGTQYF	1
CASSLDLSGSHYNSPLHF	1
CASSLDRGAQYF	1
CASSLDQALYNEQFF	1
CASSLDVGELFF	1
CASSLDQVGTSSYEQYF	1
CASSLELAGGAFYEQYF	1
CASSLEETQYF	1
CASSLIPLLRELSYEQYF	1
CASSLIIQETQYF	1
CASSLTVSYEQYF	1
CASSLTRSPAGELFF	1
CASSLTRQGHGYTF	1
CASSLTGGGSYEQYF	1
CASSLTGNEQYF	1
CASSLTGERYTDTQYF	1
CASSLSGTSSYNEQFF	1
CASSLRVAGGSGEQFF	1
CASSLRGFSYNEQFF	1
CASSLRDRERYEQYF	1
CASSLRTGHTDTQYF	1
CASSLRLAGGPVETQYF	1
CASSLRGGEQFF	1
CASSLFRAGHTQYF	1
CASSLFPTSVGETQYF	1
CASSLLGQPRPYEQYF	1
CASSLSSRGTDRLHEQFF	1
CASSLSPGRTSYEQYF	1
CASSLSGLRNTEAFF	1
CASSLSGGEQYF	1
CASSLSAGSSYNEQFF	1
CASSLSTGMVYEQYF	1
CASSLSNPDTQYF	1
CASSLWSQSTGELFF	1
CASSLWDYSTDTQYF	1
CASSLWELAGGEQFF	1
CASSLYGRKETQYF	1
CASSLLTGGVTGELFF	1
CASSLLGQSYEQYF	1
CASSLLKSGTGKIYEQYF	1
CASSLLGVNEQFF	1
CASSLLAGSYNEQFF	1
CASSLLADSYEQYF	1
CASSLLSGSWNEQFF	1
CASSLLNAGEQFF	1
CASSLPFRTGDDTGELFF	1
CASSLPSQGMGTEAFF	1
CASSLPWDRGQEISGNTIYF	1
CASSLPSGQSSYNEQFF	1
CASSLRASSYNEQFF	1
CASSLRTGISEQYF	1
CASSLRQGAQETQYF	1
CASSLRGSGVAEAFF	1
CASSLHRGVNEQFF	1
CASSLVLRDPYEQFF	1
CASSLVQGVAKNIQYF	1
CASSLVVSGRAGNEQFF	1
CASSLVGGSSYEQYF	1
CASSLVSWHEQYF	1
CASSLVSGGLIHEQFF	1
CASSLVSQGGYNEQFF	1
CASSLVPAGVENEQFF	1
CASSLVQTDTQYF	1
CASSLVGGSYNEQFF	1
CASSLVISAGGYSDEQFF	1
CASSLVSTYEQYF	1
CASSLVAGGPETQYF	1
CASSLVGTSGGYEQFF	1
CASSLVAPWGAPQETQYF	1
CASSLVGDREYEQYF	1
CASSLVTRPQYF	1
CASSLVRETQYF	1
CASSLAFASGPTALSSYNEQFF	1
CASSLASGPYNEQFF	1
CASSLAPSSETQYF	1
CASSLAPGIYEQYF	1
CASSLARETQYF	1
CASSLAKGLGQRYYYEQYF	1
CASSLALTGSSTDTQYF	1
CASSLASLNIQYF	1
CASSLALRAGQFF	1
CASSLAVGSGGAGNIQYF	1
CASSLAAGTDTQYF	1
CASSLAGTIIYNEQFF	1
CASSLAKTQYF	1
CASSLAPRANNEQFF	1
CASSLAPQDEQYF	1
CASSLARSGGATDTQYF	1
CASSLARQGSSYEQYF	1
CASSLAHPETQYF	1
CASSLAQAGTPAQETQYF	1
CASSLAASSYNEQFF	1
CASSLAGSETQYF	1
CASSLAGSFNEQFF	1
CASSLAGGRGSYEQYF	1
CASSLAGYQPQHF	1
CASSLANLRDRQYF	1
CASSLAGAYGTDTQYF	1
CASSLAGDGSYEQYF	1
CASSLAGQGKNIQYF	1
CASSLGAQGAYEQYF	1
CASSLGAGQETQYF	1
CASSLGSLYTNEQFF	1
CASSLGSLRLGIQQYF	1
CASSLGLRGQQETQYF	1
CASSLGPRRMRDEQFF	1
CASSLGPAGGTEQFF	1
CASSLGRSEQYF	1
CASSLGRETSRVIANTGELFF	1
CASSLGQHTDTQYF	1
CASSLGGGPAYEYEQYF	1
CASSLGTSYEQYF	1
CASSLGRSTTSQETQYF	1
CASSLGFSGFYNEQFF	1
CASSLGWATVSYEQYF	1
CASSLGLAGGYEQYF	1
CASSLGPGGSVVSGNTIYF	1
CASSLGRGSDEQFF	1
CASSLGQGGKTQYF	1
CASSLGAGLAKIGEQFF	1
CASSLGATTDTQYF	1
CASSLGGVNTEAFF	1
CASSLGGAHNEQFF	1
CASSLGGAGVPAFEQFF	1
CASSLGGLKLTYEQYF	1
CASSLGTSGINEQFF	1
CASSLGTGSYEQYF	1
CASSLGTNTGELFF	1
CASSLGFAVFDTQYF	1
CASSLGFTDNQPQHF	1
CASSLGYNEQFF	1
CASSLGLASYEQYF	1
CASSLGPKQASGTYEQYF	1
CASSLGQYQETQYF	1
CASSLGQVINEQFF	1
CASSLGAGGMVEGYTF	1
CASSLGGTSGVQSDTQYF	1
CASSLGERDTQYF	1
CASSLGIGTTF	1
CASSLDLYSYEQYF	1
CASSLDSEALNTEAFF	1
CASSLDSRLAGNNEQFF	1
CASSLDLRGGNTGELFF	1
CASSLDLNNEQFF	1
CASSLDRAGRRTDTQYF	1
CASSLDQWWGLDTGELFF	1
CASSLDEDEQYF	1
CASSLDTYEQYF	1
CASSLDTGLQETQYF	1
CASSLDKYSSYNEQFF	1
CASSLDKTQYF	1
CASSLDWVPGVEQFF	1
CASSLDRDRAYNEQFF	1
CASSLDVGGGTSTDTQYF	1
CASSLDAGGGDEQYF	1
CASSLDGVGSPYEQYF	1
CASSLEPSYNSPLHF	1
CASSLEALNTEAFF	1
CASSLEGVSEQYF	1
CASSLEGTSGSGGELFF	1
CASSLEGRNRPNYGYTF	1
CASSLEDLASETYNEQFF	1
CASSLEEPLGTDTQYF	1
CASSLETLEQYF	1
CASSLETPGLAHYNEQFF	1
CASSLELEQETQYF	1
CASSLERRVYGNTIYF	1
CASSLERQGATDTGELFF	1
CASSLEAAVYNEQFF	1
CASSLEGMVSGSSYEQYF	1
CASSLEDRYTDTQYF	1
CASSLERGAGRSYNEQFF	1
CASSLENQRGGEQYF	1
CASSLIGYEQYF	1
CASSLISPGGGNEQFF	1
CASSLMAGSSYEQYF	1
CASSLMTYEQYF	1
CASSLMSGRVYEQYF	1
CASSLMRFWDGETQYF	1
CASSLIAGGHEQFF	1
CASSLTRQGGYEQYF	1
CASSLTRGGSYEQYF	1
CASSLTAGIRDEQFF	1
CASSLTGALTEAFF	1
CASSLSRSGDSYEQYF	1
CASSLSGKETQYF	1
CASSLSPGTSTDTQYF	1
CASSLRPSGGETQYF	1
CASSLNFRLGTEAFF	1
CASSLNYAEASGSTDTQYF	1
CASSLNPLAGGIYNEQFF	1
CASSLNRPGEQYF	1
CASSLKDYSYNEQFF	1
CASSSSVSSSYEQYF	1
CASSSWDASYEQYF	1
CASSSPLADTQYF	1
CASSSTGGETQYF	1
CASSSSGTPYEQYF	1
CASSSLRYPRVGYEQYF	1
CASSSSAYEQYF	1
CASSSSGGLLSYEQYF	1
CASSSYLLAGVNNEQFF	1
CASSSYTQETQYF	1
CASSSYRDGANTIYF	1
CASSSLLRYNEQFF	1
CASSSLSGTQETQYF	1
CASSSLVRGNQETQYF	1
CASSSLDRGYNEQFF	1
CASSSLLNSDTQYF	1
CASSSPSSYEQYF	1
CASSSPLGANTEAFF	1
CASSSPTSVTREGNYNEQFF	1
CASSSRPGPGTYEQYF	1
CASSSRSGRASEQFF	1
CASSSRDRGYEQYF	1
CASSSRDRGPYEQYF	1
CASSSRQGGANLNTGELFF	1
CASSSQPGQDYQGSGNTIYF	1
CASSSQGWTSSNEQFF	1
CASSSVYRDRGPYEQYF	1
CASSSGWGGGYTF	1
CASSSGRRETQYF	1
CASSSGRQRNQPQHF	1
CASSSGTSGYNEQFF	1
CASSSGTASYNEQFF	1
CASSSGTGGYNEQFF	1
CASSSGTEVYNEQFF	1
CASSSDDEKLFF	1
CASSSDTTGTSNTDTQYF	1
CASSSDRVGDIKQYF	1
CASSSIGGHEQFF	1
CASSSTGTFSIYQETQYF	1
CASSSTGGVETQYF	1
CASSSFSGNTIYF	1
CASSSLAGVGYNEQFF	1
CASSSSRLAVPTAYEQYF	1
CASSSWTGASGQFF	1
CASSSYPPGQAERETQYF	1
CASSSYAWETQYF	1
CASSSYRERTYNEQFF	1
CASSSLPGPTAGELFF	1
CASSSLAGKNTGELFF	1
CASSSRTSGYNEQFF	1
CASSSGGRDTQYF	1
CASSSGMWLSEIGEQFF	1
CASSSGQGSSEQYF	1
CASSSDRSYEQYF	1
CASSSDREAYGELFF	1
CASSSERERKGETQYF	1
CASSSTSGRETQYF	1
CASSSTSGLYEQFF	1
CASSSTSGAYEQYF	1
CASSSSTYSSYNEQFF	1
CASSSNGASSPTDTQYF	1
CASSSFVGSSYNEQFF	1
CASSSSTGGNYDTQYF	1
CASSSSKALALKILAKNIQYF	1
CASSSWENEQFF	1
CASSSLPGGPWDNEQFF	1
CASSSLANEQFF	1
CASSSLAENNEQFF	1
CASSSPGQGGETQYF	1
CASSSQGYEQYF	1
CASSSQGASETQYF	1
CASSSAERGTYEQYF	1
CASSSGLADFTDTQYF	1
CASSSEGETQYF	1
CASSSTPGLANEQFF	1
CASSSRGIRETQYF	1
CASSSRQGFGEKLFF	1
CASSSNWGTLKQYF	1
CASSWLEGLGELFF	1
CASSWLTGRAETQYF	1
CASSWVPAGEETQYF	1
CASSWASGDRSTDTQYF	1
CASSWAWGGEGPEQFF	1
CASSWGGEQYF	1
CASSWGDLETQYF	1
CASSWGQLTMNTEAFF	1
CASSWDPTTPLHF	1
CASSWDYPGAGELFF	1
CASSWTGGWDGYTF	1
CASSYLGGGNEQFF	1
CASSYGGAGRTGELFF	1
CASSYTSGLAKNIQYF	1
CASSYWTGESDEQYF	1
CASSYYLEQYF	1
CASSYLAGVREEQFF	1
CASSYRWGQFF	1
CASSYRGNEQFF	1
CASSYRSYTDTQYF	1
CASSYRLAGVSNEQFF	1
CASSYGTTYTDTQYF	1
CASSYGQGYQETQYF	1
CASSYDRVTGPGELFF	1
CASSYEREGRDTQYF	1
CASSYEQGGDGYTF	1
CASSLGDFNTQYF	1
CASSLGLPSSYNEQFF	1
CASSLSGVRTGELFF	1
CASSLSGSFEQYF	1
CASSLYHREDTQYF	1
CASSLLRQGRPGVIQYF	1
CASSLLLFVDEQFF	1
CASSLPTGTGGTEQYF	1
CASSLRTSGGGELFF	1
CASSLQVETQYF	1
CASSLVKETQYF	1
CASSLGRTPYGYTF	1
CASSLGWREGPLNEQFF	1
CASSLGVAGETQYF	1
CASSLGRLKYEQYF	1
CASSLGQGAFGVKETQYF	1
CASSLDRGSTSTDTQYF	1
CASSLTGAHLQYF	1
CASSLRVPGELFF	1
CASSLSREQYF	1
CASSLGPDTQYF	1
CASSLGLAGKGEQFF	1
CASSLSSDEQYF	1
CASSLRSTDTQYF	1
CASSLRTGYPYNEQFF	1
CASSLAGGMGEQFF	1
CASSLGARVEDTQYF	1
CASSLGDYADEQYF	1
CASSLGRFQETQYF	1
CASSLDLEAQYF	1
CASSLRDWETQYF	1
CASSLRLYRGTYTF	1
CASSLRAGLPDTQYF	1
CASSLNLLLAGHNEQFF	1
CASSPLVRSSNTDTQYF	1
CASSPSTDYQEQYF	1
CASSPPFPSSYNEQFF	1
CASSPPLRLQSSYNEQFF	1
CASSPPGVEETQYF	1
CASSPRGNTNTGELFF	1
CASSPRTGRVTGELFF	1
CASSPRSTDPNEQFF	1
CASSPGTSGQLSYNEQFF	1
CASSPITSDGVDTQYF	1
CASSPTAFAAEQYF	1
CASSPSVGSYEQYF	1
CASSPSGGPYNEQFF	1
CASSPFPGRGSRDEQFF	1
CASSPLSFSERAGPDTQYF	1
CASSPSGRANEQFF	1
CASSPSEGLPYNEQFF	1
CASSPWTSGGPVEQYF	1
CASSPLWETGELFF	1
CASSPLLIGGNEQFF	1
CASSPLTGELFF	1
CASSPLGGYEQYF	1
CASSPPAGSSYNEQFF	1
CASSPPAGGETQYF	1
CASSPPSTLQETQYF	1
CASSPPTDEQFF	1
CASSPPTGREQYF	1
CASSPPLINEQFF	1
CASSPPARTGTGELFF	1
CASSPRRLAGIHEQFF	1
CASSPRGTGTSTDTQYF	1
CASSPRGTPYEQYF	1
CASSPRDSSYEQYF	1
CASSPRDRVAYEQYF	1
CASSPRTSGVRLEQYF	1
CASSPRQTLAKNIQYF	1
CASSPRGTDTQYF	1
CASSPQQGLYEQYF	1
CASSPQGIGIYEQYF	1
CASSPQGGGRQETQYF	1
CASSPVNNEQFF	1
CASSPASGGANEQFF	1
CASSPAGLAGGHNEQFF	1
CASSPGTAYNEQFF	1
CASSPGTGYEQYF	1
CASSPGTGGMREQYF	1
CASSPGWGGTDTQYF	1
CASSPGLSPDTQYF	1
CASSPGQYEQYF	1
CASSPDEGFSGNTIYF	1
CASSPDSFQETQYF	1
CASSPERVGETQYF	1
CASSPEYSGSFGTQYF	1
CASSPTAGPLIEQFF	1
CASSPFFPRPGSPLHF	1
CASSPLTGSSYEQYF	1
CASSPSGTHQETQYF	1
CASSPLTSGYNNEQFF	1
CASSPPDRGYEQYF	1
CASSPPGTATNEQYF	1
CASSPPGQMYEQYF	1
CASSPVGFGETQYF	1
CASSPAPGLAGAGEQFF	1
CASSPGADTQYF	1
CASSPGGGTKTQYF	1
CASSPGLADTQYF	1
CASSPGLADTDTQYF	1
CASSPGLDWDEQYF	1
CASSPGLDDEQFF	1
CASSPGQVPYEQYF	1
CASSPGQGGTGELFF	1
CASSPGGRETQYF	1
CASSPGNHIFDSNQPQHF	1
CASSPDFYEQYF	1
CASSPEGQGIIGSYEQYF	1
CASSPMYRVGTGELFF	1
CASSPTRTGELFF	1
CASSPSGAGPYNEQFF	1
CASSPRRTGTYNEQFF	1
CASSPRGGFETQYF	1
CASSPNGLNNEQFF	1
CASSPSPGLGHSPQHF	1
CASSPYKGGGGLHFSYNEQFF	1
CASSPYRNNEQFF	1
CASSPLKWTGGTVTGELFF	1
CASSPPTGGGPGELFF	1
CASSPPGLAVYEQYF	1
CASSPRGYEQYF	1
CASSPRAGASTDTQYF	1
CASSPQGAFSEKLFF	1
CASSPGYEQYF	1
CASSPGVRTSGRNEQFF	1
CASSPGAGGPGWSNEQFF	1
CASSPGGGLEADTQYF	1
CASSPGQGLWGYTF	1
CASSPGGFSGQGAWEPQHF	1
CASSPDSLAEQGYEQYF	1
CASSPDDSSGELFF	1
CASSPERPLGSEQFF	1
CASSPIRYSYNSPLHF	1
CASSPTRTSTDTQYF	1
CASSPRGSGRIVGTQYF	1
CASSREGLPAYNEQFF	1
CASSRTANEQYF	1
CASSRSGRNTGELFF	1
CASSRSGGAYEQFF	1
CASSRAFHLAGGDYEQYF	1
CASSRGTGELNEQYF	1
CASSRGQLLETQYF	1
CASSRDTYQPQHF	1
CASSREDSSYEQYF	1
CASSREVTGELFF	1
CASSRQWDELFF	1
CASSRAGGSTDTQYF	1
CASSRGTSGLGHTQYF	1
CASSRGQGHEQYF	1
CASSRDQHYEQYF	1
CASSRDGYEQYF	1
CASSRDSTDTQYF	1
CASSRDRVNEQFF	1
CASSRTEGTQYF	1
CASSRTDTQYF	1
CASSRLLRKSYEQYF	1
CASSRSTQGSEQFF	1
CASSRLPYEQYF	1
CASSRLAGGNEQYF	1
CASSRHSTSGGKETQYF	1
CASSRHLIYEQYF	1
CASSRQGLETQYF	1
CASSRAGSRPYEQYF	1
CASSRGQGEHYSNQPQHF	1
CASSREQGWFAYEQYF	1
CASSRTTSGEYTDTQYF	1
CASSRSGKSYEQYF	1
CASSRNPNEQYF	1
CASSHPWANRPGGNTIYF	1
CASSHWDRGHYEQYF	1
CASSHLQRGVSFQPQHF	1
CASSHPVGYNEQFF	1
CASSHQAGEQYF	1
CASSHGTSGSNEQFF	1
CASSHGQGKQETQYF	1
CASSHTRLYEQYF	1
CASSHRGHTEQYF	1
CASSHKFESSTDTQYF	1
CASSQFVGPAEQFF	1
CASSQLGARLWEQYF	1
CASSQYSYNEQFF	1
CASSQVLAGGYEQYF	1
CASSQARSTDTQYF	1
CASSQGRGGVSNQPQHF	1
CASSQGRGEAGELFF	1
CASSQGFLDEQYF	1
CASSQGGLIHTQYF	1
CASSQGTGNTIYF	1
CASSQDTGDNEKLFF	1
CASSQDRYNEQFF	1
CASSQEGLAASPSYEQYF	1
CASSQISSSYNEQFF	1
CASSQIDGTQYF	1
CASSQILAGANWNTGELFF	1
CASSQMSGNEQFF	1
CASSQTGSSYNEQFF	1
CASSQKRHGRATDTQYF	1
CASSQFPGLAVSKNIQYF	1
CASSQSPPASGGKETQYF	1
CASSQSGAGTQYF	1
CASSQSASPGELFF	1
CASSQWSYEQYF	1
CASSQLGTFDSYNEQFF	1
CASSQLGLAGKETQYF	1
CASSQPARADEQFF	1
CASSQRQNYGYTF	1
CASSQHRSSYNEQFF	1
CASSQQGLSYEQYF	1
CASSQVFSLGETQYF	1
CASSQVPGSREQYF	1
CASSQVAADDEQYF	1
CASSQAPDGYGYTF	1
CASSQAHLAGGWDEQFF	1
CASSQGLREQYF	1
CASSQGRTSLVGAKNIQYF	1
CASSQGLRSGGVTDTQYF	1
CASSQGSGMLRRGTGYTF	1
CASSQGVLLPNTGELFF	1
CASSQGGLAVDTQYF	1
CASSQGISAQYF	1
CASSQGLGGSETQYF	1
CASSQGGSGRGRSADTQYF	1
CASSQGGAGNTIYF	1
CASSQDLAAYNEQFF	1
CASSQDWVAADTQYF	1
CASSQDYLRGRETQYF	1
CASSQDLTLLAGAYNEQFF	1
CASSQDLGGGSYEQYF	1
CASSQDPWTSYEQYF	1
CASSQDREGEQPQHF	1
CASSQDQQGARVKQFF	1
CASSQDALAGISYEQYF	1
CASSQDEGLAGGPLDTQYF	1
CASSQDTGPYEQYF	1
CASSQDRQGGLDTEAFF	1
CASSQDNSYSYNEQFF	1
CASSQDSHGEQFF	1
CASSQDLTGYGYTF	1
CASSQEWTSGRDNEQFF	1
CASSQEGQSYEQYF	1
CASSQESGTYDSSTDTQYF	1
CASSQERTGGFGRTYNEQFF	1
CASSQEQLYEQYF	1
CASSQEQGGAYNEQFF	1
CASSQEGQYTGELFF	1
CASSQEGPGTQYF	1
CASSQERVAGEITDTQYF	1
CASSQERSGGGLNEQFF	1
CASSQENLGRGGEQFF	1
CASSQIWGSSYNEQFF	1
CASSQTSGLATDTQYF	1
CASSQTHGTSGSSTDTQYF	1
CASSQRGDREWDEQYF	1
CASSQKASGIYNEQFF	1
CASSQKGVNEQYF	1
CASSQKQRWNTEAFF	1
CASSQKAYEQYF	1
CASSQKTGASSYEQYF	1
CASSVSDTQYF	1
CASSVQAGGYNEQFF	1
CASSVGWTSGGRDTQYF	1
CASSVESGRSNEQFF	1
CASSVSGNPYYEQYF	1
CASSVRLAGVREQYF	1
CASSVGQAGEQYF	1
CASSVGQGAWNEQFF	1
CASSVDSFQETQYF	1
CASSVAPRTAQETQYF	1
CASSVTSNEQFF	1
CASSVTGGISYNEQFF	1
CASSVRGGGSTDTQYF	1
CASSVVDGSYNEQFF	1
CASSVVGQGTGDTQYF	1
CASSVAGLDNEQFF	1
CASSVASGSDEQFF	1
CASSVGSWGDEQFF	1
CASSVGASGSNEQFF	1
CASSVGQGPLNF	1
CASSVGTSYEQYF	1
CASSVDEASYEQYF	1
CASSVEVANNEQFF	1
CASSVEGTGGREQYF	1
CASSVENPPDEQFF	1
CASSVEQGTHEQYF	1
CASSVTGSSYEQYF	1
CASSVNQGGLAKNIQYF	1
CASSARTSGGALGEQFF	1
CASSAKTGLETQYF	1
CASSARTGLENIQYF	1
CASSAQRELSYEQFF	1
CASSAVGGGLNGYTF	1
CASSAGQGAKVYEQYF	1
CASSAETNTGELFF	1
CASSAGGPSSYNEQFF	1
CASSAGTGDGRGHYF	1
CASSAGQGSIEAFF	1
CASSAKVDNSGGSSYNEQFF	1
CASSALGGGMHEQYF	1
CASSAGGGYTF	1
CASSGYAHTGELFF	1
CASSGQQYAIYGYTF	1
CASSGLTGSGYEQYF	1
CASSGVRRKTGGSHRTDTQYF	1
CASSGGVSYNEQFF	1
CASSGGGTAENEQFF	1
CASSGTGAAYEQYF	1
CASSGTGGGETQYF	1
CASSGLGGRNIQYF	1
CASSGSGTGVYEQYF	1
CASSGLAGVLPNEQFF	1
CASSGLSGTYEQYF	1
CASSGPNQLHEQYF	1
CASSGQGLPSTETQYF	1
CASSGQGLEEKLFF	1
CASSGQGAAYNEQFF	1
CASSGTTGVLDTQYF	1
CASSGRTFYNEQFF	1
CASSGRLAINEQFF	1
CASSDTGRIDQPQHF	1
CASSDSRSYEQYF	1
CASSDPPLDRLSF	1
CASSDRLAGGGETQYF	1
CASSDRGGRNTGELFF	1
CASSEGDVTQETQYF	1
CASSEGDSGSLAGELFF	1
CASSETATTDTQYF	1
CASSEPGLHKTGHEQFF	1
CASSEHRFEQYF	1
CASSIRPPAGAAQTQYF	1
CASSIVRVGIGTNEQFF	1
CASSIGLAGVNEQYF	1
CASSIGGAKNGYTF	1
CASSMALEHEQFF	1
CASSMGEGIQYF	1
CASSMIAYNEQFF	1
CASSTSGGGNEQFF	1
CASSTSRRGYGYTF	1
CASSTGTSGRNEQFF	1
CASSTETSGYEQYF	1
CASSTMGSSYEQYF	1
CASSTRTGMFGEQYF	1
CASSTGLQFF	1
CASSTTSPSGTDTQYF	1
CASSTTVGQNIQYF	1
CASSTILAGGFETQYF	1
CASSTIGLAGFQETQYF	1
CASSSGGYSRETQYF	1
CASSSREGVYEQYF	1
CASSRDGFSTDTQYF	1
CASSRTGDSYNEQFF	1
CASSRSSGGVNEQFF	1
CASSRGTGRSKNTEAFF	1
CASSRDARRFTDTQYF	1
CASSNPGQSYEQYF	1
CASSNIGGGEQFF	1
CASSKVAGIGNFCEQFF	1
CASSKGQSTDTQYF	1
CASSKGDPSALYEQYF	1
CASSKILSSQSNEQFF	1
CASSKTSGRHEQYF	1
CASRFGGAYKNIQYF	1
CASRLGQGIIWTGELFF	1
CASRLRTGHATNEKLFF	1
CASRLDSANTGELFF	1
CASRSPGQGNTEAFF	1
CASRSIGGLGNEQFF	1
CASRSPWGGEQYF	1
CASRSRNQNGYTF	1
CASRYRPGSNIQYF	1
CASRLSGRGYEQYF	1
CASRLSGGYEQYF	1
CASRLPNQPQHF	1
CASRPGLAGVREQFF	1
CASRPHRASGNEQFF	1
CASRPGLAGVSQETQYF	1
CASRPRTSGRGLIGEQFF	1
CASRRADTQYF	1
CASRRDRSGETQYF	1
CASRRTSTGELFF	1
CASRHSLGVPNTEAFF	1
CASRQVGTGADQVYYEQYF	1
CASRQGWTGANTGELFF	1
CASRVTGTQYF	1
CASRAYSPSLAKNIQYF	1
CASRAPARVDSDIQYF	1
CASRAGEWETQYF	1
CASRAASYSNQPQHF	1
CASRGVIGTARYGYTF	1
CASRGGTDTQYF	1
CASRGDYQYTDTQYF	1
CASRGDRGITGELFF	1
CASRGTSGRAYNEQFF	1
CASRGTGLGTQYF	1
CASRGLGAGGPYEQYF	1
CASRGGGLGQNEQFF	1
CASRDGTGTSTDTQYF	1
CASRERGANTGELFF	1
CASRMSATYNEQFF	1
CASRTSIEQFF	1
CASRTGIYEQYF	1
CASRTDSGPLEAFF	1
CASRTGLYEQYF	1
CASRRGGINEQFF	1
CASRRDSRQYF	1
CASRRTGRNSPLHF	1
CASRRSGNTDTQYF	1
CASRNSGLVGDTGELFF	1
CASRNAGANEQYF	1
CASRNRASREAFF	1
CASRKDDRAGPLSYEQYF	1
CASRKDLIGTAGELFF	1
CASRSNGVDTVF	1
CASRWRVGYEQYF	1
CASRLGTDQETQYF	1
CASRLRDRGYNEQFF	1
CASRLNSGATNTGELFF	1
CASRLAGGIPYEQYF	1
CASRLGGLGNEQFF	1
CASRPGGSGSYEQYF	1
CASRPFWEGYKETQYF	1
CASRPPGLAFETQYF	1
CASRPTGTGVHEQYF	1
CASRPGGPRNEQFF	1
CASRPRQGGFQLSYNEQFF	1
CASRPHRGRETQYF	1
CASRRDGGSYEQYF	1
CASRRGQGAADTQYF	1
CASRRDTNDSPLHF	1
CASRRTAGVYNEQFF	1
CASRRVGGGEKLFF	1
CASRHLPGLAGGESYEQYF	1
CASRHTGGNQPQHF	1
CASRQWDRPYNEQFF	1
CASRQGSGDQPQHF	1
CASRQGAGEQYF	1
CASRQTPGYNEQFF	1
CASRADRELLYEQYF	1
CASRATNTGELFF	1
CASRAGSSYEQYF	1
CASRGTLAGNYEQFF	1
CASRGGGFNEQFF	1
CASRDSGNEQYF	1
CASRETGAYEQYF	1
CASREGTGGLYEQYF	1
CASRIGLAGNIQYF	1
CASRTAPAAHYEQYF	1
CASRTHTNQPQHF	1
CASRTSGRSYEQYF	1
CASRTGQGNSYNEQFF	1
CASRRDGSTDTQYF	1
CASRRTGRDYTDTQYF	1
CASRRTGAIPYEQYF	1
CASRRGQTYEQYF	1
CASRREGTEQYF	1
CASRRETGISETQYF	1
CASRRIQGRAVDTQYF	1
CASRNTGWTYNEQFF	1
CASRNRQNSTNYGYTF	1
CASRKPDLWGRAYEQYF	1
CASRKGLYSAGQPQHF	1
CASNFQGGNNEQFF	1
CASNWLAGTTDTQYF	1
CASNRGAYYPEQFF	1
CASNEPPGETQYF	1
CASNSGTGNSPLHF	1
CASNLRAGGPGELFF	1
CASNLGQGVYEQYF	1
CASNLPQETQYF	1
CASNPRGAEQETQYF	1
CASNGGTYEQYF	1
CASNTLIKAGSNTGELFF	1
CASNTGYGGELFF	1
CASNKAEGLNTGELFF	1
CASKSGDTQYF	1
CASKPRGTREAIYNEQFF	1
CASKAVGGLAQTEETQYF	1
CASKGGGYEQYF	1
CASKEGEDGYTF	1
CASKEDRAPETQYF	1
CASKFSGRSYEQYF	1
CASKLGETQYF	1
CASKPGQSYEQYF	1
CASKPTNTGELFF	1
CASKRYNQPQHF	1
CASKRDRGLTNIQYF	1
CASKGWEDESGELFF	1
CASKSGRIGNCYEQYF	1
CASKSGGHWAFF	1
CASKNTGVKNIQYF	1
CARPRRGPNTGELFF	1
CARHGQGTCSPYEQYF	1
CARQDDTDTQYF	1
CAREVWRGSGNEQFF	1
CARQPAGGISFTDTQYF	1
CARTDRDPCEQYF	1
CARNEYRRTRTSEQFF	1
CANGRGGTDTQYF	1
CANEEAGGDTQYF	1
CALSAALNTEAFF	1
CGLEGRPTNTGELFF	1
CAASRGDADTQYF	1
CATSRGGGNEQFF	1
CASALGGGEEGTQYF	1
CASSSGRFWDTQYF	1
CASWGGSSYEQYF	1
CASLLGPGTYNEQFF	1
CASRPAQGNTEAFF	1
CASRDRARSSEQYF	1
CASHWNRLDDNEQFF	1
CASVMTSGGDQFF	1
CASVRDNLGTGELFF	1
CASAGDYEQYF	1
CASAQEREQYF	1
CASGRGRVGVGELFF	1
CASGQDRGREQYF	1
CASGPPRASGTGPYEQYF	1
CASILEAGVNTGELFF	1
CASIGPRQGYEQYF	1
CASTEGLGNSPLHF	1
CASTRGGGLRDTQYF	1
CASTLADTQYF	1
CASTSGSNYNEQFF	1
CASTPGLGQGSYEQYF	1
CASTPGRGDTQYF	1
CASTPGGMNTEAFF	1
CASTSFPRPPAYEQYF	1
CASTRDSDTEAFF	1
CASTTGGLNQPQHF	1
CASTLLDRGFHEQYF	1
CASSFGTTNEQFF	1
CASSFTAGYLEQYF	1
CASSLTTSGIVNEQFF	1
CASSSGTAQGEQFF	1
CASSSEGGNSPLHF	1
CASSSTGGRTDTQYF	1
CASSSGSGPTDTQYF	1
CASSLGWRGTGELFF	1
CASSLTRASFLSSYNEQFF	1
CASSLELREQFF	1
CASSPDRFNQPQHF	1
CASSPKGRNSPLHF	1
CASSPRDRGKFGYGYTF	1
CASSANHRGLARKETQYF	1
CASSAGSGGFEQYF	1
CASSGLAGHYNEQFF	1
CASSDRPNTGELFF	1
CASSESGRKYNEQFF	1
CASSEWAVGNQPQHF	1
CASSEYRADEQYF	1
CASSERLAGANSYEQYF	1
CASSEAVRGVGELFF	1
CASSEIREDQPQHF	1
CASSIGGQKNTQYF	1
CASSIGDVTHEQYF	1
CASSTYGSNTGELFF	1
CASSTPGSGVSSYNEQFF	1
CASSTGTTSTYEQYF	1
CASSTGGGSNEQFF	1
CASSNYNEQFF	1
CASSKGRFGGTWNEQYF	1
CASSFSAGYADTQYF	1
CASSFLAGSDTQYF	1
CASSFLGRSYEQYF	1
CASSFRGNEQFF	1
CASSFAEQFF	1
CASSFGQLYEGEQYF	1
CASSFGLGADTQYF	1
CASSFGLAASYNEQFF	1
CASSFGQGLTDTQYF	1
CASSFDQTYNEQFF	1
CASSFDSEQYF	1
CASSFDRYIQYF	1
CASSFTQASNYGYTF	1
CASSFSGASTDTQYF	1
CASSFSGRSTDTQYF	1
CASSFRLAGMREQYF	1
CASSFFAGGGNIQYF	1
CASSFSTSGSISSYEQYF	1
CASSFWDRDYEQYF	1
CASSFYRGLAYNEQFF	1
CASSFLLGLAGRQSYNEQFF	1
CASSFQGISEQYF	1
CASSFGGAEELFF	1
CASSFGGGFLNEQFF	1
CASSFGRDLSYEQYF	1
CASSFGTAPAGELFF	1
CASSFGTVGEQFF	1
CASSFGTGAYEQYF	1
CASSFDLPIATGELFF	1
CASSFDRGPYEQYF	1
CASSFNGRTDTQYF	1
CASSFKSKPSYEQYF	1
CASSLFPDSSYEQYF	1
CASSLFRGQGGTEAFF	1
CASSLLGISTDTQYF	1
CASSLLGNTGELFF	1
CASSLSAGAPSTDTQYF	1
CASSLSGGSINEQFF	1
CASSLSSGTKPTDTQYF	1
CASSLSPVAYEQYF	1
CASSLSPGYRQHNEKLFF	1
CASSLSGANEQFF	1
CASSLWYGNYNSPLHF	1
CASSLWPTDTQYF	1
CASSLWGADTQYF	1
CASSLWIPGGETQYF	1
CASSLYTTWGYTF	1
CASSLYGIYEQYF	1
CASSLYRGSSGELFF	1
CASSLLSGTTHNEQFF	1
CASSLLAPYNEQFF	1
CASSLLGNEQFF	1
CASSLLARNTGELFF	1
CASSLPTSGSPEQYF	1
CASSLPQGGNTEAFF	1
CASSLPGASYEQYF	1
CASSLRATRTAGELFF	1
CASSLRGWGTDTQYF	1
CASSLHRDSRFTYTGELFF	1
CASSLHQRGNEQFF	1
CASSLQGSRGEQFF	1
CASSLVSSGGVNEQFF	1
CASSLVRTGDTGELFF	1
CASSLVTSGRASDEQFF	1
CASSLVRGREFF	1
CASSLVSGREQYF	1
CASSLVGGRNTGELFF	1
CASSLVKSSYEQYF	1
CASSLVSRQGPDTQYF	1
CASSLVSNYEQYF	1
CASSLVLSTTYNEQFF	1
CASSLVQGAAYEQYF	1
CASSLVASGGGSDTQYF	1
CASSLVAAPTHNEQFF	1
CASSLVAGRDTEAFF	1
CASSLVGRDEQYF	1
CASSLVSVPSYNEQFF	1
CASSLVVSSYNEQFF	1
CASSLVANPVYNEQFF	1
CASSLVGSILAYEQYF	1
CASSLVGVYEQYF	1
CASSLASGGTYEQYF	1
CASSLAHGGSYEQYF	1
CASSLADRLGDTQYF	1
CASSLATSGNNEQFF	1
CASSLASGTDTQYF	1
CASSLASSSYNEQFF	1
CASSLAPSGLYQYF	1
CASSLAPGLNEQYF	1
CASSLARDRGYEQYF	1
CASSLAAGASYNEQFF	1
CASSLAADSYNEQFF	1
CASSLAGASGTDTQYF	1
CASSLAGGATTDTQYF	1
CASSLAGTKRYEQYF	1
CASSLAGGSTYEQYF	1
CASSLAGGGTYEQYF	1
CASSLAGGGYEQYF	1
CASSLAGTDISEQYF	1
CASSLAIANSGLGDTQYF	1
CASSLAIGHRADTQYF	1
CASSLASTRAGAYEDTQYF	1
CASSLAPGLAKNIQYF	1
CASSLAQVSNEQFF	1
CASSLAVADTQYF	1
CASSLAASGSVEWFF	1
CASSLAGRTDTQYF	1
CASSLADRVTGELFF	1
CASSLAELGELFF	1
CASSLAWTSGDSSYNEQFF	1
CASSLARDRFLYEQYF	1
CASSLGLDEQFF	1
CASSLGSYEQYF	1
CASSLGYVRDGYTF	1
CASSLGYNEQFF	1
CASSLGRGQGNSPLHF	1
CASSLGTAGGTDTQYF	1
CASSLGVGAHTGELFF	1
CASSLGGGSGYEQYF	1
CASSLGGTSRTQYF	1
CASSLGRGAKNIQYF	1
CASSLGQYNEQFF	1
CASSLGGLNTGELFF	1
CASSLGGQGPYEQYF	1
CASSLGGQGAYEQYF	1
CASSLGDEQFF	1
CASSLGDYEYNEQFF	1
CASSLGDRVLYEQYF	1
CASSLGTWDEQFF	1
CASSLGTGSYEQYF	1
CASSLGRSGSSYNEQFF	1
CASSLGSIHTDTQYF	1
CASSLGLENEQFF	1
CASSLGLAGRTDTQYF	1
CASSLGLATFTGELFF	1
CASSLGQPEGYTF	1
CASSLGQNTGELFF	1
CASSLGTGTFTDTQYF	1
CASSLDFRQTGELFF	1
CASSLDLGLGLEQYF	1
CASSLDSARPPRGGGELFF	1
CASSLDLTDTQYF	1
CASSLDLAGSTDTQYF	1
CASSLDVYTQYF	1
CASSLDGHEQYF	1
CASSLDSLAGPQHF	1
CASSLDYSSSYNEQFF	1
CASSLDLSPYGLTDEQFF	1
CASSLDRGGRGVYEQYF	1
CASSLDVGDFGDTQYF	1
CASSLDGRDQTSYEQYF	1
CASSLDGQGIYEQYF	1
CASSLDEGTGGYEQYF	1
CASSLDSHSYEQYF	1
CASSLDRAKQYF	1
CASSLDRGTYNEQFF	1
CASSLDRNTGELFF	1
CASSLELFF	1
CASSLEVTDTQYF	1
CASSLEGVTGAAYEQYF	1
CASSLEGRDNYNEQFF	1
CASSLEGIKTYEQYF	1
CASSLEGTGDEQYF	1
CASSLEGLAYNGQFF	1
CASSLEIPRGSYEQYF	1
CASSLESVRVNGYTF	1
CASSLELAGLTGELFF	1
CASSLEPTGVPDTQYF	1
CASSLEANRVQNIQYF	1
CASSLEGQETQYF	1
CASSLEGGLQPQHF	1
CASSLEGGDTGELFF	1
CASSLEGTGPYEQYF	1
CASSLEGNPDTQYF	1
CASSLMGQPYNEQFF	1
CASSLIGGPDTQYF	1
CASSLINHLGTQYF	1
CASSLTATTSTDTQYF	1
CASSLTSGTSSLEQYF	1
CASSLTPGGELFF	1
CASSLTGSYEQYF	1
CASSLTGEGEQYF	1
CASSLTGQGDTGELFF	1
CASSLRTSGRYNEQFF	1
CASSLRSPLLATAYEQYF	1
CASSLNRQSRNSNQPQHF	1
CASSLNAGVNSPLHF	1
CASSLNTGELFF	1
CASSLLGQELMNTEAFF	1
CASSLSNTGELFF	1
CASSLWTGRVSDTQYF	1
CASSLYTGTSYEQYF	1
CASSLLGTNEQYF	1
CASSLLAGGPGEQFF	1
CASSLRGQIFSYEQYF	1
CASSLRDTTNSPLHF	1
CASSLERYEQYF	1
CASSLEISGGELFF	1
CASSLMTGGEQYF	1
CASSLITDNEQFF	1
CASSLTGTTNTGELFF	1
CASSLTGITTYNEQFF	1
CASSLTTASSYNEQFF	1
CASSLNRGPVGMNTEAFF	1
CASSSSSGELFF	1
CASSSLAGDEQFF	1
CASSSEGGRNEQFF	1
CASSSEDTQYF	1
CASSSSSGGTSYNEQFF	1
CASSSYRGFNNEQFF	1
CASSSPSSTYEQYF	1
CASSSRSGGTNEKLFF	1
CASSSRQGTYNEQFF	1
CASSSVTSGGAYEQYF	1
CASSSARAGVPTGELFF	1
CASSSAAVPWQETQYF	1
CASSSAGPDLYGYTF	1
CASSSGSRMRGEKLFF	1
CASSSGSEGSGTQYF	1
CASSSGLVYNEQFF	1
CASSSDLQYGYTF	1
CASSSDRALRDEQYF	1
CASSSTYEQYF	1
CASSSLAGGVADTQYF	1
CASSSAGPPRGDTQYF	1
CASSSGGEQFF	1
CASSSGSLAVRTDTQYF	1
CASSSGLDSYEQYF	1
CASSSGRTTNEKLFF	1
CASSSGRQSAIGSYTF	1
CASSSGQAFYGYTF	1
CASSSDRTPYEQYF	1
CASSSTSAYTDTQYF	1
CASSSTSGASYNEQFF	1
CASSSTPRAGVDTQYF	1
CASSSTGTSGELFF	1
CASSSTGSYEQYF	1
CASSSTGVEQYF	1
CASSSVRREQYF	1
CASSSAAHSGTGELFF	1
CASSSTGLAGGSHEQFF	1
CASSSRTGTPSYEQYF	1
CASSWVTAVSADTQYF	1
CASSWGLGLAVYEQYF	1
CASSWGFSGSPTYNEQFF	1
CASSWGGLADTDTQYF	1
CASSWGLAGTFGSTGELFF	1
CASSWGNQRNTGELFF	1
CASSWEVAPSYEQYF	1
CASSWETRSYIDEQFF	1
CASSWTPTGTNTGELFF	1
CASSWTGVVTGELFF	1
CASSYSGNSYNEQFF	1
CASSYSQGRRNTGELFF	1
CASSYRDRGRGEQFF	1
CASSYRDRGTDTQYF	1
CASSYRTGPNTGELFF	1
CASSYQGTPGELFF	1
CASSYGGTGTDTQYF	1
CASSYGAYSYEQYF	1
CASSYELAGGVGDEQFF	1
CASSYRTSGGTYEQYF	1
CASSYRTSGEEQYF	1
CASSLLLAGGNNEQFF	1
CASSLSRTGSPYEQYF	1
CASSLPGNYNEQFF	1
CASSLRGRADEQYF	1
CASSLQPGQPGDTQYF	1
CASSLAGTTREQYF	1
CASSLGGGGSQYF	1
CASSLGQQYNEQFF	1
CASSLGRGFSLDNEQFF	1
CASSLGGVTGGIHEQFF	1
CASSLGETGNEQFF	1
CASSLSGTSGLVNEQFF	1
CASSLWTENTGELFF	1
CASSLLTQGTATINNEQFF	1
CASSLPHIYEQFF	1
CASSLGPNGEQFF	1
CASSLGPSPNKNIQYF	1
CASSLDPLTWGGDEQYF	1
CASSLIGAGEQYF	1
CASSLSGTQGGNTGELFF	1
CASSLSAQSSYNEQFF	1
CASSPSLAGVGLRQETQYF	1
CASSPRTNTGELFF	1
CASSPRQGRDSYEQYF	1
CASSPQGASGAHTYEQYF	1
CASSPVYANTGELFF	1
CASSPAAGQLYEQYF	1
CASSPGAVQGTQYF	1
CASSPTARTSGQETQYF	1
CASSPSGSPYEQYF	1
CASSPLAGGGHNEQFF	1
CASSPYNQGVGGYTF	1
CASSPLPQRGGYGEQFF	1
CASSPPRADTQYF	1
CASSPPNNEQFF	1
CASSPRTSGVHEQFF	1
CASSPRLAGAVYNEQFF	1
CASSPRGPDEQFF	1
CASSPQGDEQYF	1
CASSPGGTESSYEQYF	1
CASSPGTSGGDYNEQFF	1
CASSPGYGSYEQYF	1
CASSPDSRGQYF	1
CASSPIQRGSSYNEQFF	1
CASSPSRLVNEQFF	1
CASSPRVGGTDTQYF	1
CASSPSLTGTYEQYF	1
CASSPLRTGSNNEQFF	1
CASSPPGYNEQFF	1
CASSPAPREVIAGELFF	1
CASSPGGGTYNEQFF	1
CASSPGLASDTQYF	1
CASSPGLATDTQYF	1
CASSPIRDRGYEQYF	1
CASSPTRTRTDTQYF	1
CASSPTSGNYNEQFF	1
CASSPTGSGASGYNEQFF	1
CASSPREHNEQFF	1
CASSPREKGGTDTQYF	1
CASSPLTSGYEQYF	1
CASSPPGRDTQYF	1
CASSPPTSGRREQYF	1
CASSPPTVSRQFF	1
CASSPRTGEKTQYF	1
CASSPVGGGPEQYF	1
CASSPGGRRGTGELFF	1
CASSPGLAVADTQYF	1
CASSPGLAGGPEQYF	1
CASSPDAQFYEQYF	1
CASSRLAGGGADTQYF	1
CASSRILWGRSSYNEQFF	1
CASSRPGTGGLSNQPQHF	1
CASSRTGVTGELFF	1
CASSRASGDFGSYNEQFF	1
CASSRAGPDTGELFF	1
CASSRGTGSYEQYF	1
CASSRGLAGGRFF	1
CASSREGGYYEQYF	1
CASSRTSGSGDTQYF	1
CASSRTGDSSYEQYF	1
CASSRPGQPRVGF	1
CASSRAVIGPGELFF	1
CASSRESGLGYEQYF	1
CASSRSGSGAYNEQFF	1
CASSRSGTFSYEQYF	1
CASSHYGVSYNEQFF	1
CASSHRGAQYF	1
CASSHGTSGDEQYF	1
CASSHPLGLAGAGETQYF	1
CASSHATSGGSSTDTQYF	1
CASSHDLAGFQETQYF	1
CASSHSGGGEQFF	1
CASSQLRMGSYEQYF	1
CASSQGREQYF	1
CASSQGGEKLFF	1
CASSQGTRRADEQFF	1
CASSQGLAGNEQFF	1
CASSQGQVNEQFF	1
CASSQRDAYTGELFF	1
CASSQLADGVHIFSYNEQFF	1
CASSQLGTPFLYEQYF	1
CASSQLGGTGELFF	1
CASSQPWTSGGTDTQYF	1
CASSQPRTGNYEQYF	1
CASSQPGAPAYEQYF	1
CASSQRTGTGRDETQYF	1
CASSQVSVGPTEAFF	1
CASSQVPTGRLYNEQFF	1
CASSQVVREGNTQYF	1
CASSQVYLSQGEKLFF	1
CASSQVAGSYEQYF	1
CASSQAPTGSQETQYF	1
CASSQASSLYSYEQYF	1
CASSQAPLAGVWNEQFF	1
CASSQAKGQGLHEQFF	1
CASSQASDYEQYF	1
CASSQAPSGRGEQYF	1
CASSQGGGALTGELFF	1
CASSQGTSGRREQYF	1
CASSQGTGLGGEQFF	1
CASSQGWGYEQYF	1
CASSQGVFQETQYF	1
CASSQGAGTQYF	1
CASSQGGAGQYF	1
CASSQGGGRGQYF	1
CASSQGSREVKFF	1
CASSQGRAVRDTQYF	1
CASSQGSSGGSRETQYF	1
CASSQDSVQETQYF	1
CASSQDLRAGDEQYF	1
CASSQDPRLAVGDREQYF	1
CASSQDPATDYNSPLHF	1
CASSQDPDRGYEQYF	1
CASSQDPAGAYTGELFF	1
CASSQDQGTGDYEQYF	1
CASSQDRGRYEQYF	1
CASSQDPQRNEQFF	1
CASSQDGRAGNEQFF	1
CASSQDGTTSTDTQYF	1
CASSQELLAGGREQYF	1
CASSQEGWDYNEQFF	1
CASSQEGLADSPSYNEQFF	1
CASSQETGPYNEQFF	1
CASSQELAGVETQYF	1
CASSQEGYDYEQYF	1
CASSQIDLLSYNEQFF	1
CASSQREISGTSGFTDTQYF	1
CASSQNRGETQYF	1
CASSQNWGYEQYF	1
CASSQNPSQREFPYEQYF	1
CASSVSGSSYNEQFF	1
CASSVGTGGENEQYF	1
CASSVDGTYEQYF	1
CASSARTGVAYNEQFF	1
CASSASEVLSYNEQFF	1
CASSAPTSDEQFF	1
CASSARPDGELSGYTF	1
CASSAGWGNTEAFF	1
CASSADRPSGYTF	1
CASSAQGMDSPQSSYNEQFF	1
CASSGNPSGEQYF	1
CASSGRLAGKGTGELFF	1
CASSGSSGRAHNEQFF	1
CASSGRSRDRVVDTQYF	1
CASSEYGSSYEQYF	1
CASSEGLAGHNEQFF	1
CASSEFLFRPPIYEQYF	1
CASSEPGLADTYEQYF	1
CASSEQGSSYEQYF	1
CASSISGGQSSYNEQFF	1
CASSMGQQGYNEQFF	1
CASSMDYYNEQFF	1
CASSISSYRDTGELFF	1
CASSTPLRAGPMTDTQYF	1
CASSTVDRGYNEQFF	1
CASSTASGGLYSTDTQYF	1
CASSTGLAGVYNEQFF	1
CASSTRLAGERGNEQFF	1
CASSTQPNQPQHF	1
CASSTGFYEQYF	1
CASSTTLRGAYGYTF	1
CASSSTTGSSYNEQFF	1
CASSRVAGGSYEQYF	1
CASSRGPARNYEQYF	1
CASSRGGQGAGLGNQPQHF	1
CASSRDLETQYF	1
CASSRTSGSLYEQYF	1
CASSRLGLAGDYGQYF	1
CASSNGGQLYEQYF	1
CASSKDREAFSYNEQFF	1
CASSKIDRGDDNEQFF	1
CASRLDRASSYEQYF	1
CASRAGSGNEQFF	1
CASRGSGTSNTGELFF	1
CASRGGDSQPQHF	1
CASRDAQGKGETQYF	1
CASRDPSSYEQYF	1
CASREGYNSPLHF	1
CASRELAGTSTDTQYF	1
CASREGTSGRAYEQYF	1
CASRMNTGELFF	1
CASRLGDTQYF	1
CASRPGLTSTDTQYF	1
CASRRKSLGGERPGELFF	1
CASRQTGSPYEQYF	1
CASRGDNPGTKGYEQYF	1
CASRETVAKNIQYF	1
CASRIGQDTGELFF	1
CASRTGTGIDNEQFF	1
CASNPAGGTGELFF	1
CASNNQREHGGELFF	1
CASNRNPSTDTQYF	1
CASKDYGTADTQYF	1
CASKRIAGGASYNEQFF	1
CASKGTSGRNEQFF	1
CAIRDPGYNEQFF	1
CIARPSYNEQFF	1
CIGELIAGAGPSKETQYF	1
CTSSRMPGGYTF	1
CTSSQDGTGGSPLHF	1
CSSIPYQRGSYNEQFF	1
CSVTGALSMDTQYF	1
CSVRPGTNEQYF	1
CSVRDNRNSPLHF	1
CSVIDKSYNSPLHF	1
CSASPAGRSYNEQFF	1
CSASGPATYEQYF	1
CSASGLAGAQTYEQYF	1
CSACGTPSAKNIQYF	1
CSAWTRNEQFF	1
CSAYRAGGNEQFF	1
CSALSGQGIYEQYF	1
CSALDRVNYEQYF	1
CSAPWDGELFF	1
CSAPPRAGGQTQYF	1
CSAPSSWRNEQFF	1
CSAPIGDYNEQFF	1
CSAPSVTARETQYF	1
CSAPDTLAKNIQYF	1
CSAPTGGWYEQYF	1
CSAPVLAGGFNEQFF	1
CSARPLTYEQYF	1
CSARSHKPTSGQPYNEQFF	1
CSARPGGDPIRIYYEQYF	1
CSARQETQYF	1
CSAHGKGAGAGETQYF	1
CSAHLPDSSSTDTQYF	1
CSAHDRGSYEQYF	1
CSAVPNDRQETQYF	1
CSAAGEGYEQYF	1
CSAARSSTYEQYF	1
CSAAGLDSPLHF	1
CSAGLTEAGGPNPNEQFF	1
CSAGTGLAGETGTDTQYF	1
CSAELAGGRGEQFF	1
CSAIRLAGSGEQFF	1
CSAMGAKNIQYF	1
CSAMGTDVDTDTQYF	1
CSAMTSRFSYEQYF	1
CSATSPGLSSGQYF	1
CSATLGLAGESSYNEQFF	1
CSATSGRADTQYF	1
CSATRDTDTQYF	1
CSATATSGVYNEQFF	1
CSATNRDRGATYNEQFF	1
CSATNGQARVADTQYF	1
CSATFPGQGNRVEETQYF	1
CSATAGGTYNEQFF	1
CSATGEIEITEAFF	1
CSATGLGLAQGKETQYF	1
CSASLAWKWETQYF	1
CSASLKETQYF	1
CSASPPMAGTETGELFF	1
CSASPPLGLAGGQETQYF	1
CSASGALAVKYNEQFF	1
CSASGGASIPYEQYF	1
CSASESRDNEQFF	1
CSASTGTNTDTQYF	1
CSASTAGASTDTQYF	1
CSASSPQTSGTAKNIQYF	1
CSASLWTPEAYEQYF	1
CSASPPSGSMYEQYF	1
CSASPGSGQKGPGNTIYF	1
CSASAPGNVFYSNQPQHF	1
CSASGSSYEQYF	1
CSASGREGAYNEQFF	1
CSASGRRDRETQYF	1
CSASGRTSSYEQYF	1
CSASTTSGRNNEQFF	1
CSARSGTSYEQYF	1
CSARRAGGSYEQYF	1
CSARRGLASHSYEQYF	1
CSARVPGTRALHF	1
CSARAPTYNEQFF	1
CSARGRLAGSFGGELFF	1
CSARGGGGPETQYF	1
CSARGGVRTGVHEQFF	1
CSARGTSGGTSTQYF	1
CSARGTYNSPLHF	1
CSAREEGYEQYF	1
CSARRPGLAGADYRWEQFF	1
CSARNRDTDYNEQFF	1
CSARLAGRKNEQFF	1
CSARSGLGISYEQYF	1
CSARSRTSGSYEQYF	1
CSARPGGQQETQYF	1
CSARRSTLGETQYF	1
CSARQHTGELFF	1
CSARVSSGQETQYF	1
CSARVITGDTTYEQYF	1
CSARVTGTRETQYF	1
CSARVSGRVTYEQYF	1
CSARVGSSTDTQYF	1
CSARVVSGGARETQYF	1
CSARVGPGGRQETQYF	1
CSARVGRVDTEAFF	1
CSARAPSGASYEQYF	1
CSARAGSGNANTGELFF	1
CSARADSAKETQYF	1
CSARALQETQYF	1
CSARARAGGDTQYF	1
CSARGTSGPAGSYEQYF	1
CSARGHRHLYEQYF	1
CSARGGGGPIEEQFF	1
CSARDFEGGRPYNEQFF	1
CSARDFPGAGYNEQFF	1
CSARDWASGRETQYF	1
CSARDLGFQETQYF	1
CSARDLGSSDTQYF	1
CSARDPASGAFYNEQFF	1
CSARDPPTQYF	1
CSARDRGGIRPYEQYF	1
CSARDHLGELFF	1
CSARDVAGVSYNEQFF	1
CSARDGRSTYEQYF	1
CSARDIQRGVYNSPLHF	1
CSARDIVTGVDEQYF	1
CSARDLGDSTDTQYF	1
CSARDPGQRLAKNIQYF	1
CSARDPNRGSPYEQYF	1
CSARDPGWRGGPDTQYF	1
CSARDGRGIGVKLFF	1
CSARDTGQGGLNEQFF	1
CSARDSSSYEQYF	1
CSAREATNYGYTF	1
CSARRDRVDYGYTF	1
CSARRTSATYEQYF	1
CSARNFGVGADTQYF	1
CSANGGSISYNEQFF	1
CSAKGQGNEQYF	1
CSAYTAGRTDTQYF	1
CSALYGTSGRNEQFF	1
CSAPPGGPDTQYF	1
CSAPSRGGDDTQYF	1
CSAPPSRTGGGYTF	1
CSAPPTGRPQETQYF	1
CSAPEGDRVGYEQYF	1
CSARVDEQYF	1
CSAQWRVNTEAFF	1
CSAVSGGTLSYNEQFF	1
CSAAREQETQYF	1
CSAGRDGQETQYF	1
CSAGRVGTTDNEQFF	1
CSAGQGVSYEQYF	1
CSADPGPQETQYF	1
CSAELLRPDGLDTQYF	1
CSATLGNEQFF	1
CSATIKDNYEQYF	1
CSARVGGIYSNQPQHF	1
CSARTGGWTGELFF	1
CSARQPADYTF	1
CSANHRGRYEQYF	1
CSASDLEQGADEQYF	1
CSAAGGTPSGELFF	1
CSAGTSGRIEQYF	1
CSAGRNSYEQYF	1
CSAIRGHPLYEQYF	1
CSARTGEETYEQYF	1
CSAWTSGVYEQYF	1
CSAPRLAGPTDTQYF	1
CSAQGAALKTQYF	1
CSAATSGPYEQYF	1
CSATGLTPNEQFF	1
CSARDRDYGYTF	1
CSAKESRDYEQYF	1
CSGSLRRGASDTQYF	1
CSGIQGGETQYF	1
CSGAGVYQETQYF	1
CSEDRANYGYTF	1
CSMAGLYLYEQYF	1
CSSVRGGRETQYF	1
CSVLSDSYNEQFF	1
CSVHPGTGGNEQFF	1
CSVVLGGEPTDTQYF	1
CSVVALGTSGAYNEQFF	1
CSVVIQGDRNQPQHF	1
CSVVAPRETQYF	1
CSVATGLAHLGEQYF	1
CSVASGRDSEQFF	1
CSVARQEADTQYF	1
CSVASGRYNEQFF	1
CSVAPTTITGELFF	1
CSVGSQLNEQFF	1
CSVGGQGPGDTQYF	1
CSVGLNQGNEQFF	1
CSVGGRYEQYF	1
CSVGSDFDTQYF	1
CSVGGETQYF	1
CSVGSSGETQYF	1
CSVGLVNHNEQFF	1
CSVDFFSQETQYF	1
CSVDSGGGTDTQYF	1
CSVDFSGLAGLHTSTDTQYF	1
CSVDWAVEDYEQYF	1
CSVDGMQGGEQFF	1
CSVESSGRSYNEQFF	1
CSVEGTGTYEQYF	1
CSVELDRGGEQYF	1
CSVELTASGRRYEQYF	1
CSVEPGANEQFF	1
CSVEVGGPAEQYF	1
CSVEVDQRGYEQYF	1
CSVEVIWDEQYF	1
CSVEAPSGRAYEQYF	1
CSVEGDRGRGYEQYF	1
CSVEGTDSGTTMDNEQFF	1
CSVEDLREGFYEQYF	1
CSVEDHGYNEQFF	1
CSVEDGGAETQYF	1
CSVEEMRQGKRAPTQYF	1
CSVEEKGPEETQYF	1
CSVETDRGYNEQFF	1
CSVESRLAGLGGGELFF	1
CSVEKGTAHNEQFF	1
CSVIGSNEQFF	1
CSVSGGQGSYEQYF	1
CSVLERGNTEAFF	1
CSVLPSGGSTDTQYF	1
CSVPGQGSLSYNEQFF	1
CSVRGQGAINEQFF	1
CSVAGTSGGSYEQYF	1
CSVGTGGGETQYF	1
CSVGAGGLADTQYF	1
CSVEGQGFPYEQYF	1
CSAGTTAYEQYF	1
CSASESAYEQYF	1
CSAPRDSLYEQYF	1
CSARAGGPTDTQYF	1
CSAAPSGGPGEQFF	1
CSGGTGAPDTQYF	1
CSGGQVSYEQYF	1
CSGDRVETQYF	1
CRVGGDLRNEQFF	1
CRTGGNTEAFF	1
RATRRRDAASYEQYF	1
RASTVLRRDPSTDTQYF	1
RASSFLQRVPETQYF	1
RASSLWGRWETQYF	1
RASSLKGLQPQHF	1
RASSPVGRGEINNEQFF	1
RASSRFGGRLANTGELFF	1
CSASGSDSGANVLTF	3
CAWNLLAEQFF	2
CASSYSSGANVLTF	2
CASSLVLGPDREKLFF	2
CASSSRTGGNQPQHF	2
CASSSRGLWYLDEQFF	2
CASSFRVAITLTDTQYF	2
CASSSKDRGQVYNEQFF	2
CASSQAGTGGGNQPQHF	2
CASSQDPEREALVTDTQYF	2
CASSDIAVSYEQYF	2
CASKYSGGGYTF	2
CASMTGQGRQETQYF	2
CASSFGGGKETQYF	2
CASSFNGEQETQYF	2
CASSLVLGGQETQYF	2
CASSLDPDGYTF	2
CASSLRDRATQYF	2
CASSLASGRYNEQFF	2
CSVGTEYTGELFF	2
FVGQGGGETQYF	1
FASSLAQGGSGNSPLHF	1
CAAGAGSSYNEQFF	1
CASGRLSGGNTEAFF	1
CASSLGASPDNEQFF	1
CASSTGGWETQYF	1
CASSDGTLTGELFF	1
CASWAFKTGELFF	1
CASTGGTGELFF	1
CASIGGISEAFF	1
CASGTGGAYEQYF	1
CACLGTRPGREETQYF	1
CACGDPGTDTQYF	1
CAWRDIEYGYTF	1
CAWMSGFLNYGYTF	1
CAWTPGGTDTQYF	1
CAWSLVRPADEQYF	1
CAWSLTGLALDTQYF	1
CAWSRDYNSPLHF	1
CAWSQSREAFF	1
CAWSVGRQGNQPQHF	1
CAWSVSGLFPYGYTF	1
CAWSVLFGHPGNTIYF	1
CAWSVPSGLPVNSPLHF	1
CAWSVKWTQYF	1
CAWSVKGDQPQHF	1
CAWSETGLGYNTEAFF	1
CAWSRGGNQPQHF	1
CAWSLDRQPQHF	1
CAWSGVSTDTQYF	1
CAWNNRETQYF	1
CAWKSGTGDTGELFF	1
CAPKPGGITPEQFF	1
CAAGGAYEQFF	1
CAAGGQGGNEQFF	1
CAGDRSGAPPYEQYF	1
CAGGTGSINNEQFF	1
CAGRTDVGYEQYF	1
CAEGSGRTYEQYF	1
CAISNRGTYEQYF	1
CAISPPNEQFF	1
CAIPHLNNEQFF	1
CAIRSIAGGDTGELFF	1
CAIARDSYEQYF	1
CAIGRDSVYEQYF	1
CAITLGGLQYF	1
CAITPSRNYEQYF	1
CAISVIGGPIYEQYF	1
CAISVTHRVLGETQYF	1
CAISGGLAPDTQYF	1
CAISGGGGPTDTQYF	1
CAISGGLNREDYNEQFF	1
CAISGSRGRGPTLAGGPGTDTQYF	1
CAISGQGFKNEQFF	1
CAISDSGGPSSAKNIQYF	1
CAISDWGNRTYEQYF	1
CAISDLPLGTGYNEQFF	1
CAISDPGALDEQYF	1
CAISDPGLNTGELFF	1
CAISDGQLDEQFF	1
CAISDDPGRGEQYF	1
CAISDPSSGAYNEQFF	1
CAISELLAGSSYNEQFF	1
CAISESRDSAMYEQYF	1
CAISESQVYTDTQYF	1
CAISESLNEQFF	1
CAISESIGLAGLNEQFF	1
CAISESSSGIISYEQYF	1
CAISELADSNQPQHF	1
CAISEPPFPQKLFF	1
CAISEGSGSTGELFF	1
CAISETLGTQYF	1
CAISTGTSGMEGEQFF	1
CAISSRDRGSYNEQFF	1
CAISLDKRTESSYEQYF	1
CAIRAPHRGNTYEQYF	1
CAIRPTGRETQYF	1
CAIRQGLDYEQYF	1
CAIRRSSYEQYF	1
CAINPLGLRDEQYF	1
CAINWDRDGVHEQFF	1
CAINQEGGYNEQFF	1
CAIKAGSSYEQYF	1
CAIKAGAASSTDTQYF	1
CAIKEPTISYNEQFF	1
CAMKLAASTDTQYF	1
CATSLSGRTGELFF	1
CATSGTGAYEQYF	1
CATARGATADTQYF	1
CATFRGRSGGRDRKNTGELFF	1
CATSPGRLNEKLFF	1
CATSPGTGGGWDQETQYF	1
CATSSGTGAYEQYF	1
CATSLAGGIYEQFF	1
CATLRTGSGANVLTF	1
CATLTRGTGVTEAFF	1
CATLPTGQVPGLDYEQYF	1
CATRRSSTAGEQFF	1
CATQTSGGAGEQFF	1
CATQTGENTGELFF	1
CATVCPEQYF	1
CATALLTGELFF	1
CATAPGRTSPEQYF	1
CATADVYNEQFF	1
CATGAPIGKLFF	1
CATGEANNEQFF	1
CATGTEDIQYF	1
CATEEGGGSTGELFF	1
CATTPRGEETQYF	1
CATSLGQGSETQYF	1
CATSYLTYNEQFF	1
CATSAHSGGQETQYF	1
CATSASGSLSYNEQFF	1
CATSAPSGGANEQFF	1
CATSAISGRNEQFF	1
CATSGFQGARYEQYF	1
CATSDFRAEYYNEQFF	1
CATSDFGGGNEQFF	1
CATSDFGAGGRPEQFF	1
CATSDFLGQGIYNEQFF	1
CATSDFLGTADTQYF	1
CATSDFPNRPGTALTDTQYF	1
CATSDLPLGGAPGELFF	1
CATSDLHYFREGLIRRDVNSTDTQYF	1
CATSDLEGEQFF	1
CATSDYRRREDADTQYF	1
CATSDYRGVGNEQFF	1
CATSDPGQGMGDTQYF	1
CATSDPTGGHPEQFF	1
CATSDPSIGTGDEQFF	1
CATSDPDSLADTQYF	1
CATSDRGGRSYNEQFF	1
CATSDHPLAGEPYEQYF	1
CATSDISLAGRASEQFF	1
CATSDTLAGAYNEQFF	1
CATSDSGTGADTQYF	1
CATSDRQGAEEKLFF	1
CATSDNSGTSGREQYF	1
CATSDLYEQFF	1
CATSDLLAGYTF	1
CATSDLGPGETQYF	1
CATSDPLAGVKNEQFF	1
CATSDPAYRVLAKNIQYF	1
CATSDRGEARGNEQFF	1
CATSDRDKLGAKNIQYF	1
CATSDGGQGNQPQHF	1
CATSDDYQETQYF	1
CATSDTSGSNPYEQYF	1
CATSDRTSGGSTDTQYF	1
CATSEPHYEQYF	1
CATSEASGTGSYEQYF	1
CATSETSGDPYNEQFF	1
CATSETGPMSSYEQYF	1
CATSERRGGSLETQYF	1
CATSESNYGYTF	1
CATSEPTPGTGGELFF	1
CATSEGTGPSTDTQYF	1
CATSGGGDSYEQYF	1
CATSGEAGAPNEQFF	1
CATSSLATGTETQYF	1
CATSSVQQGGGVPYEQYF	1
CATSRVRSKQFF	1
CATSRVGGGLADTLYF	1
CATRPTLYNEQFF	1
CATRRTGGYEQYF	1
CATRGEGTDTQYF	1
CATRESGLAGADTQYF	1
CATRQGAVDTGELFF	1
CATRGKRETQYF	1
CATNGPNTGELFF	1
CATKGLLLLRSYNEQFF	1
CATPRVLTSGAPNEQFF	1
CATAGATYEQYF	1
CASSRGDQETQYF	1
CASSRGQGAYEQYF	1
CASLGGDTQYF	1
CASLGARRGFSTEAFF	1
CASAPGLAGSETQYF	1
CASAGGPGDEQFF	1
CASELSSYNEQFF	1
CASTTGLAEYEQYF	1
CASSWAVGGDQPQHF	1
CASSPEDGYYNSPLHF	1
CASSRGRAADTQYF	1
CASSEGQGFGELFF	1
CASSISVSSNSPLHF	1
CASSIRGVTGELFF	1
CASSMSGNLRNEQFF	1
CASSIVPGELFF	1
CASSIVGKKEPQHF	1
CASSIKGFEQFF	1
CASSTTPGQGADTQYF	1
CASSLAERVASDTQYF	1
CASSVQGNSNQPQHF	1
CASRGQGAYNEQFF	1
CASRQGAGELFF	1
CASKNRNGPAGELFF	1
CASFTSGTGRELFF	1
CASFYGPSGSEQYF	1
CASFPGETGGFNEQFF	1
CASLFQREGLNEQFF	1
CASSWRGTGPTGELFF	1
CASSPLGTFISYNEQFF	1
CASSADSGTTYAETQYF	1
CASSSRRENNQPQHF	1
CASSLSANTGELFF	1
CASSLGQIMNTEAFF	1
CASSLGVNTEAFF	1
CASSPRGGLQETQYF	1
CASSPAGQGSTGELFF	1
CASSRGGYEQYF	1
CASSPIPGGFSADTQYF	1
CASSPEVLAKNIQYF	1
CASSQGTDYNSPLHF	1
CASSQNDQISYNEQFF	1
CASSSATGRGDTQYF	1
CASSLGQSYEQYF	1
CASSPRQGSTDTQYF	1
CASSPPDSYEQYF	1
CASSPAATGELYEQYF	1
CASSPTYQETQYF	1
CASSPSLGSYEQYF	1
CASSPPNREASYTF	1
CASSPPGFDDTIYF	1
CASSPPGTSTDTQYF	1
CASSPGGGEIHEQYF	1
CASSPGNEQYF	1
CASSPIYGSALETQYF	1
CASSPRGQSLNEQFF	1
CASSHPSQGSYNEQFF	1
CASSAAAHYEQYF	1
CASSTTGGAPKNIQYF	1
CASSNSGGRSYNEQFF	1
CASCRTAQETQYF	1
CASCNTTGLALETQYF	1
CASYRGRSSNEQFF	1
CASLPEAGGSSYNEQFF	1
CASLPSITGSYEQYF	1
CASLGQGEGANEQFF	1
CASLQGQGYVEQYF	1
CASLSPRGLTDTQYF	1
CASRYMGQGNEKLFF	1
CASRHTRGGSYADTQYF	1
CASRRGFSYNEQFF	1
CASRRRGQETQYF	1
CASRLAGWGDTQYF	1
CASQMNPWRGNTGELFF	1
CASQRLGGDRVKPQHF	1
CASQPMGTGGMFSGNTIYF	1
CASQTQGSSYEQYF	1
CASASDWGRGETQYF	1
CASAQGSYNSPLHF	1
CASAVYNEQFF	1
CASAGNYEQYF	1
CASATSRVNEKLFF	1
CASGWRGSTYEQYF	1
CASGPGQGALEQYF	1
CASGPGAQETQYF	1
CASGPLGPGYPYPYEQYF	1
CASGPGLTDTQYF	1
CASGHTSGGYTSTDTQYF	1
CASGDKASYNEQFF	1
CASGRGGTGELFF	1
CASGLLGQSYEQYF	1
CASGLPGSYNEQFF	1
CASGRAYEQYF	1
CASGQGVLPNYGYTF	1
CASGVQGQYQETQYF	1
CASGGSYNSPLHF	1
CASGGDRGPDNEQFF	1
CASGTSGAPIGELFF	1
CASGRPYEQYF	1
CASGPWDHYEQYF	1
CASGPGDYEQYF	1
CASGVAEQFF	1
CASGAKETQYF	1
CASDNRNEQFF	1
CASEGRVREQYF	1
CASERGLGNYGYTF	1
CASEPGSRERLETQYF	1
CASEATGELFF	1
CASISTTGVYNEQFF	1
CASIWQGVYNEQFF	1
CASIESGGVTDTQYF	1
CASIPPAGSYNEQFF	1
CASIPKGSTPTNEQFF	1
CASIGTGRETQYF	1
CASMPGTSGVRNEQFF	1
CASMRAGGYNEQFF	1
CASIGTETYEQYF	1
CASIIRTGGNTEAFF	1
CASITDN	1
CASTFRGRPGQSYSYEQYF	1
CASTSSGVSSYEQYF	1
CASTWDGTSRTTGELFF	1
CASTLRQGYEQYF	1
CASTGQETQYF	1
CASTGGPSYNEQFF	1
CASTGTSEAYNEQFF	1
CASTTPPFGATEAFF	1
CASTREGGRGYEQYF	1
CASTSRGTGLETQYF	1
CASTSSYRAYTDTQYF	1
CASTLNSGRALDTQYF	1
CASTLGSGGTDTQYF	1
CASTLGGEQYF	1
CASTLGQGFNEQFF	1
CASTLHTGELFF	1
CASTLAGLNNEQFF	1
CASTPILDGPLFYGYTF	1
CASTPRSQGVWGTQYF	1
CASTPVPGAYEQYF	1
CASTPGTSNYEQYF	1
CASTPDAGTLNTGELFF	1
CASTPTGNEQFF	1
CASTPDGPFHTDTQYF	1
CASTPDGRGDEQYF	1
CASTPEKGPVETQYF	1
CASTPGPTYEQYF	1
CASTRGGPAADEQFF	1
CASTRTGTNQPQHF	1
CASTRPGLAGEYQETQYF	1
CASTRGGTHNEQLF	1
CASTQSPGTGETF	1
CASTQGAREQYF	1
CASTQDRDLKKPINEQFF	1
CASTQTRGDIQYF	1
CASTDPGQGAYEQYF	1
CASTDYYEQYF	1
CASTDVGTVNSPLHF	1
CASTEFTEQFF	1
CASTEGTSGTYEQYF	1
CASTITGTGWAGELFF	1
CASTTGGRRNEQFF	1
CASTTSSGLFFYEQYF	1
CASTSPGGTQYF	1
CASTRQGVSNQPQHF	1
CASTNVGLGGETQYF	1
CASTSLTQGGKETQYF	1
CASTPHHPPDTQYF	1
CASTRPGPFYNEQFF	1
CASTGRADDNEQFF	1
CASTENLSYEQYF	1
CASTIGDSLNTEAFF	1
CASSFLGEGTQYF	1
CASSFSRLETQYF	1
CASSFSRATDTQYF	1
CASSFLAGAANTGELFF	1
CASSFPGAEETQYF	1
CASSFPTQYNEQFF	1
CASSFRASGSYEQYF	1
CASSFRGVQETQYF	1
CASSFRGNEQFF	1
CASSFRRGWWDSNTGELFF	1
CASSFQGSYEQYF	1
CASSFVARGSYEQYF	1
CASSFVRGETDTQYF	1
CASSFAPSNYGYTF	1
CASSFATTPFNEQFF	1
CASSFGSVRDTQYF	1
CASSFGLSYEQYF	1
CASSFGGLSTEAFF	1
CASSFGGFRGSYEQYF	1
CASSFGRRDTQYF	1
CASSFGPREQFF	1
CASSFGGSGFRTEAFF	1
CASSFGGSYEQYF	1
CASSFGGGYEQYF	1
CASSFGTSGSGDEQFF	1
CASSFGGEIYEQYF	1
CASSFEGEGDTQYF	1
CASSFIWEGSNEQYF	1
CASSFSSGTKYEQYF	1
CASSFSGSAYNEQFF	1
CASSFSGRVQETQYF	1
CASSFRLAGEGSYEQYF	1
CASSFRLRSFSTDTQYF	1
CASSFNGETQYF	1
CASSFKREGEQFF	1
CASSFKGSTRYGQRGNQPQHF	1
CASSFFPREETQYF	1
CASSFFPGDPNEQFF	1
CASSFLAGGYEQYF	1
CASSFSMTSGRNNEQFF	1
CASSFYQGTSGANVLTF	1
CASSFLDRGYEQYF	1
CASSFLGTRTLWEQYF	1
CASSFLRYEQFF	1
CASSFLAGGDNEQFF	1
CASSFPRGGWASEQFF	1
CASSFRAGQVNYEQYF	1
CASSFRPVWEQYF	1
CASSFRVYEQYF	1
CASSFAREQYF	1
CASSFAGTGELFF	1
CASSFGSPSSYNEQFF	1
CASSFGAGYNEQFF	1
CASSFGAGGPIKETQYF	1
CASSFGEGYEQYF	1
CASSFGTGGFYEQYF	1
CASSFGTGGNQPQHF	1
CASSFGTEQFF	1
CASSFGLANYEQYF	1
CASSFGQGIMYEQYF	1
CASSFGDRGKETQYF	1
CASSFDGRGAYEQYF	1
CASSFDRGGSELFF	1
CASSFEGGGGTGELFF	1
CASSFISTDKYF	1
CASSFTRNTGELFF	1
CASSFTGRTDTQYF	1
CASSFRGGTNTGELFF	1
CASSFRTGTMIYEQYF	1
CASSFNNEQFF	1
CASSLFGGTYEQYF	1
CASSLLQGSSSYEQYF	1
CASSLSITSYNEQFF	1
CASSLSRRASPRRNEQFF	1
CASSLSLVETQYF	1
CASSLSGSGSYNEQFF	1
CASSLWFSGITDTQYF	1
CASSLRRTGGAYEQYF	1
CASSLRGGQGRLGGETQYF	1
CASSLRTLLNTGELFF	1
CASSLRTAGADTQYF	1
CASSLQGYEQYF	1
CASSLVGQYTF	1
CASSLVGANNQPQHF	1
CASSLVASRRNIQYF	1
CASSLARDSPLHF	1
CASSLAGGTDTQYF	1
CASSLGWLEGPQHF	1
CASSLGAKWYEQFF	1
CASSLGGPDTQYF	1
CASSLGGQTTDTQYF	1
CASSLGTGIQYF	1
CASSLGNYGYTF	1
CASSLGREGRHEQYF	1
CASSLGMGRPAYNEQFF	1
CASSLGNQPQHF	1
CASSLGSVETQYF	1
CASSLGSNTEAFF	1
CASSLGPDPYEQYF	1
CASSLGAANEKLFF	1
CASSLGGVETQYF	1
CASSLGGLDYEQYF	1
CASSLGDPNEQYF	1
CASSLGLHPNTGELFF	1
CASSLGLANTGELFF	1
CASSLGQSSTDTQYF	1
CASSLGQYTGELFF	1
CASSLGQAYEQYF	1
CASSLGQGGEQYF	1
CASSLDLASQETQYF	1
CASSLDLYEQYF	1
CASSLMHREDQETQYF	1
CASSLRLAGRLPYNEQFF	1
CASSLRASSYEQYF	1
CASSLRTGYEQYF	1
CASSLKGQQLNQPQHF	1
CASSLFSGGDEQYF	1
CASSLLGGPTYEQYF	1
CASSLLGGEQYF	1
CASSLSYAYNEQFF	1
CASSLSPSGRWDTQYF	1
CASSLSGYTGELFF	1
CASSLSWGRENYEQYF	1
CASSLSGQGNSPLHF	1
CASSLSIYNEQFF	1
CASSLSMAGLARHYEQYF	1
CASSLSRTGGHEQFF	1
CASSLSGLETQYF	1
CASSLSISGTSGEQFF	1
CASSLSKTGWAGDIQYF	1
CASSLWGRQNTEAFF	1
CASSLWDISNTGELFF	1
CASSLYSTRVGQYNEQFF	1
CASSLLAGRVGEQYF	1
CASSLLREQEEGDTQYF	1
CASSLPRVGRENSPLHF	1
CASSLPRQHVPDTQYF	1
CASSLPSGELFF	1
CASSLPGSQDTQYF	1
CASSLPGSYGYTF	1
CASSLRGGAYNEQFF	1
CASSLRDSYNEQFF	1
CASSLREGYGYTF	1
CASSLRTAYEQYF	1
CASSLRGESGELFF	1
CASSLQASGDNEQFF	1
CASSLQGWYGYTF	1
CASSLQGANQPQHF	1
CASSLQTQAEQFF	1
CASSLQPFLGKLFF	1
CASSLVFSREGGGETQYF	1
CASSLVQSSYEQYF	1
CASSLVGGPYNEQFF	1
CASSLVEISGNTIYF	1
CASSLVHRVTGELFF	1
CASSLVGSLGYEQYF	1
CASSLVGRARHEQYF	1
CASSLVTGGGEQYF	1
CASSLVRAETQYF	1
CASSLVGGGELFF	1
CASSLVEGVDEQFF	1
CASSLVNEQFF	1
CASSLVLGDLSYEQYF	1
CASSLVGGKDQPQHF	1
CASSLVGTPYGYTF	1
CASSLVRGLAGGNEQFF	1
CASSLASSGPYEQYF	1
CASSLAAYEQYF	1
CASSLATSEGVGELFF	1
CASSLALGLLAFF	1
CASSLAYNSPLHF	1
CASSLAPPSGYLPDEQFF	1
CASSLADLTGELFF	1
CASSLALSGAASQYF	1
CASSLALAGGPRDTQYF	1
CASSLAPESSYNSPLHF	1
CASSLARGLSEQYF	1
CASSLAQAPYEQYF	1
CASSLAGSSYNEQFF	1
CASSLAGADYEQYF	1
CASSLAGGKDTQYF	1
CASSLATGYQETQYF	1
CASSLAQYEQYF	1
CASSLAVIAGGTQETQYF	1
CASSLAGGLYEQYF	1
CASSLAGGRGNYEQYF	1
CASSLGSGNQPQHF	1
CASSLGWDSSVPQPQHF	1
CASSLGPYEQYF	1
CASSLGTRTYEQYF	1
CASSLGWTGQDKGPQHF	1
CASSLGQEQFF	1
CASSLGVTPRGTDTQYF	1
CASSLGDEQFF	1
CASSLGMEVLYGYTF	1
CASSLGRGDTGELFF	1
CASSLGFPNEQFF	1
CASSLGWEPISGELFF	1
CASSLGLAGGFGELFF	1
CASSLGHQEQFF	1
CASSLGQFTYEQYF	1
CASSLGGWSLNTEAFF	1
CASSLGGQVWRGYTF	1
CASSLGGISYNEQFF	1
CASSLGTPNYGYTF	1
CASSLGTGVSGELFF	1
CASSLGTGASFGASPLHF	1
CASSLGRRRGYTF	1
CASSLGHTDTQYF	1
CASSLGQIQETQYF	1
CASSLGAETYEQYF	1
CASSLGGSTDTQYF	1
CASSLGGASGKYQETQYF	1
CASSLGGIRYEQYF	1
CASSLGGSEYF	1
CASSLGRGGDYEQYF	1
CASSLGRDPYTGELFF	1
CASSLGKQGYEQYF	1
CASSLDYPSLYNEQFF	1
CASSLDQGQRTDTQYF	1
CASSLDGRGLDYEQYF	1
CASSLDSGRLNEQFF	1
CASSLDSYNEQFF	1
CASSLDAPNEQFF	1
CASSLDRVWSGELFF	1
CASSLEPSVQYF	1
CASSLEVSGNTEAFF	1
CASSLEVLGPHNEQFF	1
CASSLEVLAGGPDTQYF	1
CASSLEAVSTDTQYF	1
CASSLMVTGETQYF	1
CASSLMAGSSYEQYF	1
CASSLMGTYEQYF	1
CASSLMRYEQYF	1
CASSLINPQKNQPQHF	1
CASSLTLAGSSYEQYF	1
CASSLTRTEDNEQFF	1
CASSLTAINEQFF	1
CASSLTGSGKTFGEQFF	1
CASSLTSILDRLFF	1
CASSLSLAGGYNEQFF	1
CASSLSPPGGGTQYF	1
CASSLSAGRIQYF	1
CASSLSAGLGNTIYF	1
CASSLSGQTNGELFF	1
CASSLSDRTTGPYEQFF	1
CASSLRLEQYF	1
CASSLRQGSNSPLHF	1
CASSLRTLGGETQYF	1
CASSLNFGGQSSYEQYF	1
CASSLNSGSMRGNYGYTF	1
CASSLNAGSGTGELFF	1
CASSSYRDRRNTGELFF	1
CASSSLAGRGFAEAFF	1
CASSSLTGQETQYF	1
CASSSSGYEQYF	1
CASSSNEGFGGYTF	1
CASSSLGGGAYEQYF	1
CASSSSAGQGEKLFF	1
CASSSWPLSGQETQYF	1
CASSSPLEISYNEQFF	1
CASSSPYGRAPNEQFF	1
CASSSPGTGVETQYF	1
CASSSRREQYF	1
CASSSHDMTGTGELFF	1
CASSSGTSGPGTQYF	1
CASSSGLAGSTQYF	1
CASSSDGDTQYF	1
CASSSTSGRTFGEQYF	1
CASSSSGGASVGDTQYF	1
CASSSRLAGEQFF	1
CASSSKRSKETQYF	1
CASSSKSHGREEYNEQFF	1
CASSSYRTVGELFF	1
CASSSAELAGRLETQYF	1
CASSSGGRFEDTQYF	1
CASSSGGSSYNEQFF	1
CASSSGGNQPQHF	1
CASSSGLARYEQYF	1
CASSSIPGPSYNEQFF	1
CASSSIVGELFF	1
CASSSTLFPETQYF	1
CASSSTGGRGTEAFF	1
CASSSRQTMGLGPGELFF	1
CASSSSYTGELFF	1
CASSSLSILASHNEQFF	1
CASSSPGHSYEQYF	1
CASSSRTGVNTGELFF	1
CASSSHRAQETQYF	1
CASSSGQTPQETQYF	1
CASSSEMGGETQYF	1
CASSSTSDLSSYNEQFF	1
CASSSTTSGGDETQYF	1
CASSSTGGGIQYF	1
CASSSKTFSETQYF	1
CASSSKTLTNTGELFF	1
CASSSKYNEQFF	1
CASSWPGLKLNNEQFF	1
CASSWGYEQYF	1
CASSWGDRGHYF	1
CASSWGTGGNEQFF	1
CASSWTSGTDTQYF	1
CASSYSGGRPTYEQYF	1
CASSYSGTDTQYF	1
CASSYRFGEQYF	1
CASSYFSGVEQYF	1
CASSYFWDVSSGANVLTF	1
CASSYFQITDTQYF	1
CASSYFGGQQETQYF	1
CASSYFMGNQETQYF	1
CASSYSSKDSPPLYEQYF	1
CASSYSSGISTDTQYF	1
CASSYSHYGNEQFF	1
CASSYSGRGAGGYTF	1
CASSYSGTGGFLNQPQHF	1
CASSYSLGRNEQFF	1
CASSYSSPGTDTQYF	1
CASSYSPSEGLYNEQFF	1
CASSYSGPSTDTQYF	1
CASSYSDRGQGYTF	1
CASSYSETSWDTEAFF	1
CASSYSMSLGDGAGNTIYF	1
CASSYSTGGSTDTQYF	1
CASSYSRSVETQYF	1
CASSYSNFLVFSYNEQFF	1
CASSYSVYEQYF	1
CASSYSGEETQYF	1
CASSYSGTGIWGTEAFF	1
CASSYWGGNEQFF	1
CASSYLETSGAYNEQFF	1
CASSYLGLDTQYF	1
CASSYLGTSNEQFF	1
CASSYPPLSPGNEQFF	1
CASSYPGTLYNEQFF	1
CASSYRLAPNEQFF	1
CASSYRDSSASTDTQYF	1
CASSYRTGLYDEQFF	1
CASSYRFGRRDRGADTQYF	1
CASSYRQYKETQYF	1
CASSYVSSGLAPYNEQFF	1
CASSYVWDLSYEQYF	1
CASSYAGAPGETQYF	1
CASSYADRSYGYTF	1
CASSYGGGPNEQYF	1
CASSYGGTGVHEQYF	1
CASSYGRGGYNEQFF	1
CASSYGAFEQYF	1
CASSYGVGSQPQHF	1
CASSYISASGHNEQFF	1
CASSYTYGTDTRNTIYF	1
CASSYTGNTEAFF	1
CASSYSGGREGGYTF	1
CASSYRGGGETQYF	1
CASSYNSGANVLTF	1
CASSYNGQINTGELFF	1
CASSYKTSGRVFTNNEQFF	1
CASSLLTRTNLNTGELFF	1
CASSLSYEQYF	1
CASSLSERVPVLAKNIQYF	1
CASSLGTSGDQETQYF	1
CASSLSGGLTSTDTQYF	1
CASSLRGLEDQPQHF	1
CASSLLLAGVTDTQYF	1
CASSLIAGWDTGELFF	1
CASSLPGQGGANYGYTF	1
CASSLLPVAAGENYEQYF	1
CASSLRTPAEAFF	1
CASSLGTGGYEQYF	1
CASSLGTGERETQYF	1
CASSLGSGGSNQPQHF	1
CASSLEGNTDTQYF	1
CASSLIRTGEGVYEQYF	1
CASSLTPGRTNSEQFF	1
CASSLTDRDTGELFF	1
CASSLTQGRGYDEQYF	1
CASSPLIVSGRIGELFF	1
CASSPLAGVTGELFF	1
CASSPRDSYNEQFF	1
CASSPRDRAPYGYTF	1
CASSPRLAERLAKNIQYF	1
CASSPGSGLGSNEQYF	1
CASSPGDKTYEQYF	1
CASSPTVLAEITDTQYF	1
CASSPTGADTTDTQYF	1
CASSPSPGTVYEQYF	1
CASSPRLAAETQYF	1
CASSPFPADTQYF	1
CASSPSEAGGEQYF	1
CASSPSEGSSYNEQFF	1
CASSPWGRAYEQYF	1
CASSPYNEQFF	1
CASSPLRRVTPLYEQYF	1
CASSPLPPGNTIYF	1
CASSPLGEGQGREQFF	1
CASSPPGQGYNEQFF	1
CASSPRGGQETQYF	1
CASSPRGGTGELFF	1
CASSPRAVTYEQYF	1
CASSPRDRGHNEQFF	1
CASSPRTGMDLAKNIQYF	1
CASSPQRGRPNTGELFF	1
CASSPGRASHHEQYF	1
CASSPGGTRNEQFF	1
CASSPGTSRQYF	1
CASSPGTSGGDNEQFF	1
CASSPGTSGETQYF	1
CASSPGTLTGELFF	1
CASSPGTGGGGSQPQHF	1
CASSPGQSGNIQYF	1
CASSPDRPKRTQYF	1
CASSPDLSSYNEQFF	1
CASSPILITGCDEQYF	1
CASSPTLAGGRRTGELFF	1
CASSPKGLRLQNNEQFF	1
CASSPKSGTGYSNEQFF	1
CASSPGQGDETQYF	1
CASSPIPGGLPGELFF	1
CASSPMGSGGYNEQFF	1
CASSPSRGDNNIYEQYF	1
CASSPRTSGRRFGEQYF	1
CASSPNWGVTNTDTQYF	1
CASSPLRNTGELFF	1
CASSPERASWTQYF	1
CASSPTSGSGSDTQYF	1
CASSPTGTGSYEQYF	1
CASSPTDSLAGAYNEQFF	1
CASSPTAGAEREQYF	1
CASSPRSQGRLWQYF	1
CASSRQGSGANVLTF	1
CASSRGVRDTNYGYTF	1
CASSRTGLENEQYF	1
CASSRQAGTEETQYF	1
CASSRQGGPGQGYEQYF	1
CASSRTAGQLGYGYTF	1
CASSRWDTQYF	1
CASSRDFLADTQYF	1
CASSRMPGGRTGRRDTEAFF	1
CASSRTSGRTYEQYF	1
CASSRTPFLFF	1
CASSRTGDDYEQYF	1
CASSRSGDTQYF	1
CASSRPGTGSVNEQYF	1
CASSRQTDTQYF	1
CASSRVEKLFF	1
CASSRGEETQYF	1
CASSRTEHYEQYF	1
CASSRTSGSDYEQFF	1
CASSRTFSYEQYF	1
CASSRRETGELFF	1
CASSRNYEQYF	1
CASSHPGQGTGELFF	1
CASSHSGTVSDTQYF	1
CASSQQGAPLYGYTF	1
CASSQVPGTGNEQFF	1
CASSQARGLANEQYF	1
CASSQGLAGGDDEQYF	1
CASSQTSRADTQYF	1
CASSQRISGTYYEQYF	1
CASSQFSGRDRYNEQFF	1
CASSQRAGELFF	1
CASSQDLDLPYEQYF	1
CASSQTGTGYNEQFF	1
CASSVWGTSNQPQHF	1
CASSVQRLMNTGELFF	1
CASSVIGLGIKKNIQYF	1
CASSVTGGKQPQHF	1
CASSVSRTGEYEQYF	1
CASSVPGQGRTGELFF	1
CASSVTSGLGFSRDTQYF	1
CASSVDDNEQFF	1
CASSVTRETQYF	1
CASSVSLAGVLHEQFF	1
CASSALANPTTGELFF	1
CASSASAGATYEQYF	1
CASSARLAGGPTSTDTQYF	1
CASSAQGKGWETQYF	1
CASSAGGPEDTQYF	1
CASSAGTSGSDTQYF	1
CASSARESIQYF	1
CASSAVPGLVPSSTYEQYF	1
CASSAAGAGTDTQYF	1
CASSADTFSYEQYF	1
CASSATGTFSYNEQFF	1
CASSAASQDTQYF	1
CASSAGGETQYF	1
CASSGGRGGGYEQYF	1
CASSGTGVRNQPQHF	1
CASSGFYGYTF	1
CASSGPYEQYF	1
CASSGPGQGRNQPQHF	1
CASSGAREQYF	1
CASSGGLSGSGDTQYF	1
CASSGGSDYGYTF	1
CASSGGAAKNIQYF	1
CASSGTVGGEQYF	1
CASSGTGGLFEKLFF	1
CASSGRRGNTEAFF	1
CASSGFSGPREQYF	1
CASSGSGTGSSYEQYF	1
CASSGLALETQYF	1
CASSGQGGTGELFF	1
CASSGGQTPYEQYF	1
CASSGDSYEQYF	1
CASSGEGGRLYEQYF	1
CASSGIAGGGYNEQFF	1
CASSDWDRGRETQYF	1
CASSDPGQNTGELFF	1
CASSDRAGGTGNEQFF	1
CASSDAGSRSVDTQYF	1
CASSDSPTGNTEAFF	1
CASSDSMDSRSPLHF	1
CASSDYRVVLRANYGYTF	1
CASSDPGGADYGYTF	1
CASSDGTRDGSTNEKLFF	1
CASSDGTGGNEQFF	1
CASSDGSLVFYEQYF	1
CASSDIYEQYF	1
CASSDRGPYEQYF	1
CASSEAPGTVFFGYTF	1
CASSEGLANTGELFF	1
CASSEGVLAKNIQYF	1
CASSEDGDNQPQHF	1
CASSEEFQETQYF	1
CASSETSVKPNEQFF	1
CASSETWGTEAFF	1
CASSETAVRNTGELFF	1
CASSETGETQYF	1
CASSERPLSTDTQYF	1
CASSENASGGQSYNEQFF	1
CASSENPGSGNTIYF	1
CASSEFRGPANSPLHF	1
CASSEFHEQYF	1
CASSELGETGGAETQYF	1
CASSESRTTNNEQFF	1
CASSEWRSGNTIYF	1
CASSEWGGRASRYNEQFF	1
CASSEWKHSGTASYEQYF	1
CASSEYSADHTTDTQYF	1
CASSELGRDEQFF	1
CASSELLAGTSYNEQFF	1
CASSELAGTLTGELFF	1
CASSEPGLGDNEQFF	1
CASSEHRRETQYF	1
CASSEQGYEQYF	1
CASSEVGEIYNEQFF	1
CASSEALSAFSYEQYF	1
CASSEARRGALFQETQYF	1
CASSEGQPVYGYTF	1
CASSEGGETQYF	1
CASSEGDRGVTQYF	1
CASSEGWTDTQYF	1
CASSEEEGGSNEQYF	1
CASSEMRGASQPQHF	1
CASSETNLQVSDQPQHF	1
CASSETLNTEAFF	1
CASSERVFPPQPQHF	1
CASSITGFQYTDTQYF	1
CASSIRQDNRYNEQFF	1
CASSMGPNEQFF	1
CASSMGLAPYEQYF	1
CASSMGLAGDPYNEQFF	1
CASSIDRAYSSYNSPLHF	1
CASSTSDRYEQYF	1
CASSTGQGGNGELFF	1
CASSTSGRKGGGEQFF	1
CASSTSGGVDTEAFF	1
CASSTPASGFGETQYF	1
CASSTPGQGLREQYF	1
CASSTAGTAYF	1
CASSTGPWNTGELFF	1
CASSTAGYTDTQYF	1
CASSTGQGTGELFF	1
CASSTTGTSYEQYF	1
CASSTGSPDTQYF	1
CASSTGWGQPQHF	1
CASSRGARGSADTQYF	1
CASSRGQAHSYGYTF	1
CASSRGGSNQPQHF	1
CASSRTSGYNEQFF	1
CASSRQENNEQFF	1
CASSRAGPSYEQYF	1
CASSRSRVNTEAFF	1
CASSNLQGSFSNEQYF	1
CASSNNREYNEQFF	1
CASSNRGTGELFF	1
CASSNKGAGARDYGYTF	1
CASSKGHEQFF	1
CASSKGTGDTDTQYF	1
CASSKTSGGAFGRTDTQYF	1
CASSKSGRKHNEQFF	1
CASSFFHLYTGELFF	1
CASSFLSGETYNEQFF	1
CASSFLSGRPMNF	1
CASSFWGNTEAFF	1
CASSFWGQHYEQYF	1
CASSFLASYQETQYF	1
CASSFPSTKTGSYEQYF	1
CASSFPTEIEEETQYF	1
CASSFRFGQADTQYF	1
CASSFRGGPHYEQYF	1
CASSFQGGYEQYF	1
CASSFVGLAVRHTGELFF	1
CASSFALSLGGDSYEQYF	1
CASSFGGQGAYEQYF	1
CASSFGWASSEQYF	1
CASSFGGSSYNEQFF	1
CASSFGTSGTNTGELFF	1
CASSFGRWGEQYF	1
CASSFGTLNTEAFF	1
CASSFGTSSVGYTF	1
CASSFDLGRGIAGELFF	1
CASSFSIAPYNEQFF	1
CASSFSSGPYNEQFF	1
CASSFLRHGGVQSYEQYF	1
CASSFLVGEQFF	1
CASSFPDSPVWRNEQFF	1
CASSFPGLSTDTQYF	1
CASSFRLAGGRGDTQYF	1
CASSFRLADYEQYF	1
CASSFRETNEQFF	1
CASSFGGLGETQYF	1
CASSFGTGGAKTQYF	1
CASSFDLNTGELFF	1
CASSFIIYEQYF	1
CASSFTGNEQFF	1
CASSFSPVLGEQYF	1
CASSFSINRGSYEQYF	1
CASSFRDSYNEQFF	1
CASSFKREGLGNEQFF	1
CASSLFGGVDTDTQYF	1
CASSLWGPQETQYF	1
CASSLYSHSSYEQYF	1
CASSLLGAKNIQYF	1
CASSLLSGGDRGYNEQFF	1
CASSLLLAGGSRGSYEQYF	1
CASSLPRGRAGEQYF	1
CASSLVVTGSNEQFF	1
CASSLVAGGGYEQYF	1
CASSLVGQGAYTEAFF	1
CASSLAGWGEDGDTQYF	1
CASSLAGEDTQYF	1
CASSLAYGTSGNNEQFF	1
CASSLAGVTMIETQYF	1
CASSLGSEVSQYF	1
CASSLGHGPPLHF	1
CASSLGQDLYEQYF	1
CASSLGLQETQYF	1
CASSLGPAVYNEQFF	1
CASSLGQPAYGYTF	1
CASSLGQGAGETQYF	1
CASSLGVEGETQYF	1
CASSLGASGATNTGELFF	1
CASSLGGDGYTF	1
CASSLGGTRGFF	1
CASSLGGFNYGYTF	1
CASSLGDGTYEQYF	1
CASSLGTADEQYF	1
CASSLGTAIYEQYF	1
CASSLGWGHTGELFF	1
CASSLGGPNTGELFF	1
CASSLDWGNSNQPQHF	1
CASSLDDTGGVGYTF	1
CASSLEQGVHEQYF	1
CASSLEVAGIHEQYF	1
CASSLEGPNTGELFF	1
CASSLIPGQGKNIQYF	1
CASSLTGYSGNTIYF	1
CASSLTTDTQYF	1
CASSLTSSGNEQFF	1
CASSLTGGTGIYNEQFF	1
CASSLTGVSSGEAFF	1
CASSLSSTGELFF	1
CASSLRALSSSTDTQYF	1
CASSLRQGLVTGELFF	1
CASSLNSQNEQFF	1
CASSLNRGRGDTQYF	1
CASSLKGTGYGQPQHF	1
CASSLFDNEQFF	1
CASSLFRGRPYEQYF	1
CASSLSGGASSEQYF	1
CASSLSISYNEQFF	1
CASSLSGGYTF	1
CASSLWRVAATSTDTQYF	1
CASSLWASGRFYEQYF	1
CASSLWGGRAEETQYF	1
CASSLWTTQETQYF	1
CASSLYGGSMYEQYF	1
CASSLLGTASYEQYF	1
CASSLLDRGLRETQYF	1
CASSLLRGIGETQYF	1
CASSLLRENYNEQFF	1
CASSLLNYEQYF	1
CASSLPRQKWTERSYNEQFF	1
CASSLPAATSGRVYNEQFF	1
CASSLRFVGVQETQYF	1
CASSLRLASSYNEQFF	1
CASSLRAFGPLNTIYF	1
CASSLRGGLGSSEQFF	1
CASSLRGVLSSYEQYF	1
CASSLREEYEQYF	1
CASSLQGFVRETQYF	1
CASSLQGLMNTEAFF	1
CASSLQETKYSPLHF	1
CASSLVPADNEQFF	1
CASSLVRGASYNEQFF	1
CASSLVQDRGIHEQYF	1
CASSLVAGRGNEQFF	1
CASSLVGAGGYSTGELFF	1
CASSLVLVDTQYF	1
CASSLVPSTGELFF	1
CASSLVRDISTDTQYF	1
CASSLVAVHEQYF	1
CASSLVGGNSLEQYF	1
CASSLVGDTQYF	1
CASSLVSSGHGTRETQYF	1
CASSLVRDGEQFF	1
CASSLVGGDEQFF	1
CASSLVERAGEYEQYF	1
CASSLVEATYEQYF	1
CASSLVMVLGQGYEQYF	1
CASSLASGAADTQYF	1
CASSLAWLAGTDTQYF	1
CASSLAPGSPGEQYF	1
CASSLAQWGTYEQYF	1
CASSLAGWTADREYKNIQYF	1
CASSLAEGVYNEQFF	1
CASSLAPGADTGELFF	1
CASSLAASGPQHF	1
CASSLAAGQGIYEQYF	1
CASSLARMGRYNEQFF	1
CASSLAFGQGGNEQYF	1
CASSLALPSTFGGEAYEQYF	1
CASSLARLPNEQFF	1
CASSLAVLIYNEQFF	1
CASSLAAPGGRSYEQYF	1
CASSLAAATGELFF	1
CASSLAGGGGTYEQYF	1
CASSLAGGPTDTQYF	1
CASSLAGGEQYF	1
CASSLAGGPVNEQFF	1
CASSLAGGPVLYEQFF	1
CASSLADYSYEQYF	1
CASSLASGRAYEQYF	1
CASSLALAARGGYTF	1
CASSLAQRITDTQYF	1
CASSLAGYGYNEQFF	1
CASSLGSGSTYEQYF	1
CASSLGWRGQTTGELFF	1
CASSLGWGRAVDEQFF	1
CASSLGLDTQYF	1
CASSLGPAAGELFF	1
CASSLGQLAGDYNEQFF	1
CASSLGAGAPSNQPQHF	1
CASSLGWATGLAPEQYF	1
CASSLGLTTDYEQYF	1
CASSLGPSGNEQFF	1
CASSLGPTSGSKADTQYF	1
CASSLGGGPADTQYF	1
CASSLGGGTYNEQFF	1
CASSLGGDTQYF	1
CASSLGWQGNTRIHEQFF	1
CASSLGYQETQYF	1
CASSLGQSNNSPLHF	1
CASSLGVGLEARVAGELFF	1
CASSLGAQETQYF	1
CASSLGAWETQYF	1
CASSLGASSYEQYF	1
CASSLGGLAGPPGSYNEQFF	1
CASSLGGQGPHEQFF	1
CASSLGIKEPSYEQYF	1
CASSLGTSGGAYEQYF	1
CASSLGTSGSFNEQYF	1
CASSLGRKETQYF	1
CASSLGPPLAGNQPQHF	1
CASSLGQGLNQPQHF	1
CASSLGVRDRVFYEQYF	1
CASSLGEGPKNIQYF	1
CASSLGRTAHEQYF	1
CASSLDLAGGFNEQFF	1
CASSLDLGSSYEQYF	1
CASSLDGSSYNEQFF	1
CASSLDTVTETQYF	1
CASSLDSGVYEQYF	1
CASSLDRNNEQFF	1
CASSLDKQTRLTDTQYF	1
CASSLDGQGASRMNTEAFF	1
CASSLDGSSYEQYF	1
CASSLEVRGGNEQFF	1
CASSLEVAGMETQYF	1
CASSLEGAGRLSTDTQYF	1
CASSLEGSRRGETQYF	1
CASSLEGNEQFF	1
CASSLEGGVEFYEQYF	1
CASSLENYEQFF	1
CASSLEHYSGNTIYF	1
CASSLEGGGANTGELFF	1
CASSLIAGASYEQYF	1
CASSLILSGTYEQYF	1
CASSLIPRETQYF	1
CASSLIAETQYF	1
CASSLMVRRTQYF	1
CASSLIPAYTRNEQFF	1
CASSLTSTSGHIRTYEQYF	1
CASSLTWYRVRSRNTEAFF	1
CASSLTLAGRTGELFF	1
CASSLTSEQFF	1
CASSLTARGRLAQYF	1
CASSLTTSTDTQYF	1
CASSLSRETQYF	1
CASSLSGRIQETQYF	1
CASSLSGTGEGEQYF	1
CASSLSKGAHEQYF	1
CASSLSPPAGGATHTDTQYF	1
CASSLRQGITGELFF	1
CASSLRGKPGDQETQYF	1
CASSLRGGNADTQYF	1
CASSLRTSGRIWTDTQYF	1
CASSLRRGGRSTDTQYF	1
CASSLRNKYEQYF	1
CASSLRAGAYNEQFF	1
CASSLKFRARNTDTQYF	1
CASSLKGTREQYF	1
CASSLKETQYF	1
CASSSLDREGTEAFF	1
CASSSADRVGYNEQFF	1
CASSSGRRQETQYF	1
CASSSSTPYNEQFF	1
CASSSREETGELFF	1
CASSSFPGQTRETQYF	1
CASSSLSYEQYF	1
CASSSSGFNQPQHF	1
CASSSYLTSGYEQYF	1
CASSSLSGGIYEQFF	1
CASSSLAGSYNEQFF	1
CASSSPYRQGVTDTQYF	1
CASSSPGADTQYF	1
CASSSPGTRGEQYF	1
CASSSPGLASHNEQFF	1
CASSSRQLQGPNTGELFF	1
CASSSRGGHIQYF	1
CASSSHGGGLYEQYF	1
CASSSVAGELFF	1
CASSSGGLAGEQYF	1
CASSSGLAGAHEQYF	1
CASSSDGPGNQPQHF	1
CASSSIAREQFF	1
CASSSRTGAGENSPLHF	1
CASSSKLEQRGEQFF	1
CASSSKPRGPVGTQYF	1
CASSSFQGNEQFF	1
CASSSPLGTNTDTQYF	1
CASSSPFYNEQFF	1
CASSSQEDYNEQFF	1
CASSSAGLGEQYF	1
CASSSGGLKETQYF	1
CASSSGQGGPEQYF	1
CASSSIGAVETQYF	1
CASSSMDRDGNEQFF	1
CASSSTLGLAGGPVADTQYF	1
CASSSRTSSTDTQYF	1
CASSSYGWAGLYGEQFF	1
CASSSLDSNYGYTF	1
CASSSLAGKNNEQFF	1
CASSSRDSGNNEQFF	1
CASSSQAGGEQYF	1
CASSSGGTSGRDDEQFF	1
CASSSDRDRQFF	1
CASSSTQFQETQYF	1
CASSSTAQVSYEQYF	1
CASSSSSYEQYF	1
CASSSRLDNEQFF	1
CASSSRQGTKETQYF	1
CASSSNTGLAPLSTQYF	1
CASSSKDRDLTYLLYNEQFF	1
CASSWQKSSYEQYF	1
CASSWGETQYF	1
CASSWDEGITTREQFF	1
CASSWDYEQYF	1
CASSWDVSYEQYF	1
CASSWDAVPGNTQYF	1
CASSYSGSGNEQFF	1
CASSYWTGPNTGELFF	1
CASSYRGGQRSYEQYF	1
CASSYGRINEQFF	1
CASSYGLAGSSDTQYF	1
CASSYDGRMKYGYTF	1
CASSYTQGAPQPQHF	1
CASSYKRTEIYEQYF	1
CASSLSLAGVYNEQFF	1
CASSLPAGGSLLNEQFF	1
CASSLPPGLAGKTQYF	1
CASSLVARDYSYEQYF	1
CASSLGVAGVTDTQYF	1
CASSLGTEQYF	1
CASSLDGLYEQYF	1
CASSLSGGNTGELFF	1
CASSLSGSDEQYF	1
CASSLSLMSGSTTVSYEQYF	1
CASSLYTEGADEQYF	1
CASSLPGVYEQYF	1
CASSLRLGSSYNEQFF	1
CASSLGRGIVPKNIQYF	1
CASSLGTAYEQYF	1
CASSLEDTYNEQFF	1
CASSLEYYEQYF	1
CASSLLTSGSTDTQYF	1
CASSLLGEQETQYF	1
CASSLWFSKGDTQYF	1
CASSLYRDASRTQYF	1
CASSLPGQGLRRGGYTF	1
CASSLRLAGGHREQYF	1
CASSLGQGEQYF	1
CASSLDRNYGYTF	1
CASSLDRVIYEQYF	1
CASSLIRLGLAGEKTTSTDTQYF	1
CASSLTGSSTDTQYF	1
CASSLTGPSYEQYF	1
CASSLTEDGYTF	1
CASSLPRFKPSRGRETDTQYF	1
CASSLPTASTGELFF	1
CASSLRDRLHEQYF	1
CASSLRTGSGPNQPQHF	1
CASSLQGTTGELFF	1
CASSLADGDANTGELFF	1
CASSLDYRYNEQFF	1
CASSLISGEQFF	1
CASSLIRYSTHEQYF	1
CASSLTWTVSTDTQYF	1
CASSLNRGAYEQYF	1
CASSLKLGGYNEQFF	1
CASSLKQGGNTEAFF	1
CASSPWGQETQYF	1
CASSPLGRPTEAFF	1
CASSPPGTYEQYF	1
CASSPPGVGETQYF	1
CASSPRRNTDTQYF	1
CASSPQAGGTDTQYF	1
CASSPQGVAYEQYF	1
CASSPQTWATDTQYF	1
CASSPDPPNYNSPLHF	1
CASSPEGTQYF	1
CASSPIAGPYYNEQFF	1
CASSPSGRAGNEQFF	1
CASSPRSYEQYF	1
CASSPRVIETFNNEQFF	1
CASSPRSGSSYEQYF	1
CASSPKGPYEQYF	1
CASSPFGRGGTDTQYF	1
CASSPLGLPDNTQYF	1
CASSPSGLAGEETQYF	1
CASSPWGRSGSTDTQYF	1
CASSPWDRGGGEQYF	1
CASSPYRAEQFF	1
CASSPPLAAGGETQYF	1
CASSPPDSPLHF	1
CASSPPGEPYEQYF	1
CASSPPGLALYEQYF	1
CASSPRPFEQFF	1
CASSPRPREQTYEQYF	1
CASSPRPPADDEQYF	1
CASSPRDRGNTGELFF	1
CASSPRDRIFSTEAFF	1
CASSPRTSGAYPAGELFF	1
CASSPRFDRGGGGYTF	1
CASSPRRTVYNEQFF	1
CASSPQGRPSYEQYF	1
CASSPQRRGAGLQYF	1
CASSPVGYSNQPQHF	1
CASSPAGLADTQYF	1
CASSPGGQGAGEQYF	1
CASSPGSAGGNSPLHF	1
CASSPGWGAREQYF	1
CASSPGLDEQYF	1
CASSPGTVYTDTQYF	1
CASSPIRLARSYEQYF	1
CASSPTGQRIRSNQPQHF	1
CASSPTTVLHEQFF	1
CASSPSVHRKRTGDEQFF	1
CASSPSGGSHYEQYF	1
CASSPRGRSSTDTQYF	1
CASSPSGSAHEQYF	1
CASSPLGQVTSGSMTDTQYF	1
CASSPPPGDEQYF	1
CASSPPGGYSYNEQFF	1
CASSPPGSGGAAGELFF	1
CASSPPGQGVYEQFF	1
CASSPPEGSSYNEQFF	1
CASSPRGAGTDTQYF	1
CASSPRPGNEQFF	1
CASSPRQGSYEQYF	1
CASSPVGTQYF	1
CASSPGFDEQFF	1
CASSPGPSGNEQFF	1
CASSPGGLDTQYF	1
CASSPGTSGRAGGETQYF	1
CASSPGQQNQPQHF	1
CASSPGQGLAQYF	1
CASSPDYSYNEQFF	1
CASSPDLGDYNEQFF	1
CASSPDRRTQYF	1
CASSPDRAHNEQFF	1
CASSPDRAIREKLFF	1
CASSPEAGVSFTEAFF	1
CASSPIRYGEQFF	1
CASSPTAYEQYF	1
CASSPRSREAIGELFF	1
CASSPLRTSGVYEQYF	1
CASSPLAGEGPYEQYF	1
CASSPSRTAYQETQYF	1
CASSPWTGLSTDTQYF	1
CASSPPGWGGNEQFF	1
CASSPPKWEGAVPDTQYF	1
CASSPQGQQETQYF	1
CASSPGFGLGPSYEQYF	1
CASSPGRTEQYF	1
CASSPGTDEETQYF	1
CASSPGLATDTQYF	1
CASSPGQGSNIQYF	1
CASSPGQGPSNEQFF	1
CASSPERHWDNEQFF	1
CASSPIKGAGIYNEQFF	1
CASSPTSGDGEQYF	1
CASSPNSGTAYYEQYF	1
CASSPNSETQYF	1
CASSPNRRGLAGKAGELFF	1
CASSPKTGGPTDTQYF	1
CASSRSGSYEQYF	1
CASSRPPWSMETQYF	1
CASSRPDSQAYGYTF	1
CASSRGIADLETQYF	1
CASSRDRAYNEQFF	1
CASSRRGLAGHQETQYF	1
CASSRLAGGTYEQYF	1
CASSRRLALGENTQYF	1
CASSRAGNTDTQYF	1
CASSRGGSYNEQFF	1
CASSRRVRTGDQETQYF	1
CASSRPGGAPFLEQFF	1
CASSRAGTEQETQYF	1
CASSRGYYNEQFF	1
CASSRGADTQYF	1
CASSRDRGRRDGYTF	1
CASSRTSGTAGYYEQYF	1
CASSRTGTSGNTIYF	1
CASSRTGGPDTQYF	1
CASSRNYNEQFF	1
CASSRLTPGLSNSPLHF	1
CASSRPSTSRQETQYF	1
CASSRADTQYF	1
CASSRGQGLSYEQYF	1
CASSRGVNEQFF	1
CASSRMPGQGQETQYF	1
CASSRTSVRQTQYF	1
CASSHYLTGDTQYF	1
CASSHLKQEDEQYF	1
CASSHLAGKRYEQYF	1
CASSHPTSGVSGELFF	1
CASSHARDTGELFF	1
CASSHEWGGETQYF	1
CASSHNGQVGTGELFF	1
CASSHSSPSTGELFF	1
CASSHSGDSYEQYF	1
CASSHSTSTDTQYF	1
CASSHLYEQYF	1
CASSHRLDTQYF	1
CASSHRGGQGASSYNEQFF	1
CASSHQDREQYF	1
CASSHVWWGGQETQYF	1
CASSHVEGGSGYEQYF	1
CASSHGQSTYEQYF	1
CASSHGETQYF	1
CASSHSDFRADGYTF	1
CASSQSGGLAGLREQYF	1
CASSQWTSGSKHEQFF	1
CASSQLGQEETQYF	1
CASSQPRIGRGSYNEQFF	1
CASSQHSSYEQYF	1
CASSQASGGVDEQFF	1
CASSQGAKETQYF	1
CASSQGTGFSSPSARETQYF	1
CASSQDYYNEQFF	1
CASSQTYTSGAYNEQFF	1
CASSQRTGPDTQYF	1
CASSQNSGDTGELFF	1
CASSQNSGRAIYEQYF	1
CASSQLTSGGGETQYF	1
CASSQSGSRGNEQFF	1
CASSQSGVKSTDTQYF	1
CASSQWDRITDTQYF	1
CASSQWTSGRETQYF	1
CASSQRTGEFYEQYF	1
CASSQRNYLGTSAPSRIYEQYF	1
CASSQQGAHTEAFF	1
CASSQQGGRETQYF	1
CASSQQTGQVYNEQFF	1
CASSQVRKETQYF	1
CASSQVEAELLAKNIQYF	1
CASSQVMAHEQFF	1
CASSQVAGTAYNEQFF	1
CASSQVGQGASEQYF	1
CASSQVGSTDTQYF	1
CASSQVRELFF	1
CASSQVAGDLNEQFF	1
CASSQAVGKLFF	1
CASSQALSGYEQYF	1
CASSQAGGRDNEQFF	1
CASSQGSTGSYEQYF	1
CASSQGRTANTGELFF	1
CASSQGGVGGYTF	1
CASSQGNSDGNTIYF	1
CASSQGGLAGPYEQYF	1
CASSQGLAGGNIQYF	1
CASSQGLAEYNEQFF	1
CASSQGAYNEQFF	1
CASSQDLQFLRAGELFF	1
CASSQDLAGGGYNEQFF	1
CASSQDLSTGGHEQFF	1
CASSQDSAGGPYNEQFF	1
CASSQDLLSYEQYF	1
CASSQDLFGLAGGTDTQYF	1
CASSQDPGQHYEQYF	1
CASSQDPGGAETQYF	1
CASSQDQRETDTQYF	1
CASSQDVTGATYEQYF	1
CASSQDGTNPSYEQYF	1
CASSQDGYPGELFF	1
CASSQDTRTPTDTQYF	1
CASSQDRSGPWDF	1
CASSQDNFGGYEQYF	1
CASSQDKAAAGNIYEQYF	1
CASSQDWGPQHF	1
CASSQDYENTYEQYF	1
CASSQDPGTDTQYF	1
CASSQDHRGVRELFF	1
CASSQEFRTGRHTDTQYF	1
CASSQEGALNIQYF	1
CASSQEGFGEETQYF	1
CASSQEIGAGMSYEQYF	1
CASSQELGLAYNEQFF	1
CASSQESVVGHRMKVYEQYF	1
CASSQEWGKETQYF	1
CASSQERQTVIASEETQYF	1
CASSQEGRLYGYTF	1
CASSQTIAGGRYNEQFF	1
CASSQSTGELFF	1
CASSQRGVYTGELFF	1
CASSQRTPWGFNGYTF	1
CASSQRRVFSYEQYF	1
CASSQRGSPAFRGTQYF	1
CASSQKQAYSNQPQHF	1
CASSVGAASTDTQYF	1
CASSVSPLRGGLYEQYF	1
CASSVSGRGDEQFF	1
CASSVLQAGGEQYF	1
CASSVPGDTQYF	1
CASSVRSGGAYEQYF	1
CASSVGLAGYEQYF	1
CASSVTGLAGGPLFYEQYF	1
CASSVVAGLGGGYTF	1
CASSVRLQGSDTQYF	1
CASSVAGGYEQFF	1
CASSVAGQSFYEQYF	1
CASSVGWRSSYEQYF	1
CASSVGGGFGETQYF	1
CASSVDFGSTYNEQFF	1
CASSVDQGGYNEQFF	1
CASSVEGMNTEAFF	1
CASSAPGQSYEQYF	1
CASSARFGMAGYTF	1
CASSAALGRTAGYEQYF	1
CASSAPAASSYEQYF	1
CASSAGTGAYEQYF	1
CASSADRGLEQYF	1
CASSASFVTTGQPLYEQYF	1
CASSASRDTGELFF	1
CASSAPQGETQYF	1
CASSANRANTGELFF	1
CASSAYDRGQADTQYF	1
CASSATDGRVLAASEQYF	1
CASSGRGTAINEQYF	1
CASSGGVADPTYEQYF	1
CASSGPEGAYEQYF	1
CASSGSSSYEQYF	1
CASSGPPAKNIQYF	1
CASSGGAGRRTDTQYF	1
CASSGGLAIYNEQFF	1
CASSGGQGVKEQFF	1
CASSGDTYTDTQYF	1
CASSGTTGGAYEKLFF	1
CASSGTGVTDTQYF	1
CASSGLRGLGEF	1
CASSGLREYFAYEQYF	1
CASSGLARNEQFF	1
CASSGGTGHRYNEQFF	1
CASSGGTTNTGELFF	1
CASSDGGTVYNEQFF	1
CASSDTSMRGSSYEQYF	1
CASSDTGNEQFF	1
CASSDKGLAGTYEQYF	1
CASSDPQPNKNIQYF	1
CASSDAPGNLLETQYF	1
CASSDSSSTDTQYF	1
CASSETPGGRETQYF	1
CASSEIAGASDNEQFF	1
CASSESYEQYF	1
CASSIGTSGRGEQYF	1
CASSISGGYEQYF	1
CASSIRRQETQYF	1
CASSIVGGDSDTQYF	1
CASSIGLLKSSYNSPLHF	1
CASSISGETQYF	1
CASSMDRRTDTQYF	1
CASSILAGGVNEQFF	1
CASSIPGTGNTGELFF	1
CASSIRQGVVYEQYF	1
CASSIGTPRNYGYTF	1
CASSTSLLADYSTDTQYF	1
CASSTQWGRAQETQYF	1
CASSTTGAYEQYF	1
CASSTSGATYEQYF	1
CASSTLNRDRREATTPLHF	1
CASSTRQGAQYNEQFF	1
CASSTGWGGSYEQYF	1
CASSTRTVSNYEQYF	1
CASSTGGVTLPGIYEQYF	1
CASSTDLYEQYF	1
CASSTEDRGLTYEQYF	1
CASSTTLIGYEQYF	1
CASSTRRLADSYEQYF	1
CASSSRSSYEQYF	1
CASSSHSGRAGNEQFF	1
CASSSPRDRGMSQETQYF	1
CASSSRDRNQGELFF	1
CASSSGSTYEQYF	1
CASSRPLLTGAHEQYF	1
CASSRGSAPMTDTQYF	1
CASSRGSTDTQYF	1
CASSRGRDRGYEQYF	1
CASSRGQVQETQYF	1
CASSRDRGQETQYF	1
CASSRTGGSVGVIQYF	1
CASSRTLPYGYTF	1
CASSNFMNTEAFF	1
CASSNPFTVQETQYF	1
CASSNGGYRGYEQFF	1
CASSNGLAKTYEQYF	1
CASSKGASGANVLTF	1
CASSKKETQYF	1
CASSKCVRDRDHEQYF	1
CASSKLPGQGIHEQYF	1
CASSKGKGLAGEGYYNEQFF	1
CASSKGTYNEQFF	1
CASSKRRTLNTEAFF	1
CASRFGQGRNEQFF	1
CASRFSYSDFSYNEQFF	1
CASRSSGRAYEQYF	1
CASRSGEGASSYEQYF	1
CASRLLRSGSTYEQYF	1
CASRLTGTSGYEQYF	1
CASRLGHVYEQYF	1
CASRPPSGSNTGELFF	1
CASRPRAGGLFGETQYF	1
CASRPGEPSTDTQYF	1
CASRPTGGYGYTF	1
CASRPGVYGNQPQHF	1
CASRPGGPNTGELFF	1
CASRPGQGSTYNEQFF	1
CASRRTGGAGTGELFF	1
CASRQGRTQYF	1
CASRVGTGNSNQPQHF	1
CASRVAGGTYEQYF	1
CASRARGNSNQPQHF	1
CASRAGGLEQYF	1
CASRATGTSYNEQFF	1
CASRAGSNQPQHF	1
CASRGGDRDYQPQHF	1
CASRGPPGTGAYNEQFF	1
CASRGRGVPTTDTQYF	1
CASRGVMDTQYF	1
CASRGGGLGNQPQHF	1
CASRGLFGVGPDTQYF	1
CASRGQAAYNSPLHF	1
CASRGQGATGQPQHF	1
CASRDHRGVSNQPQHF	1
CASRDWRQPQETQYF	1
CASRDRDSQETQYF	1
CASRDRLVNEQFF	1
CASRDSNDRAQYF	1
CASRDSSYEQYF	1
CASRERGHTDTQYF	1
CASRISGTSRKWDEQFF	1
CASRIAQETQYF	1
CASRTLAGTSRSTQYF	1
CASRTRKGPNTGELFF	1
CASRTGVDGYTF	1
CASRRQGGNIQYF	1
CASRRVGSSYNEQFF	1
CASRRATGHYEQYF	1
CASRRGEEDEQFF	1
CASRRTVDYGYTF	1
CASRRLAGDQEQFF	1
CASRKDTQYF	1
CASRLNRDRGYNEQFF	1
CASRLAADTQYF	1
CASRSRQAWTQYF	1
CASRSGTGQETQYF	1
CASRSTGRSYNEQFF	1
CASRSEGGRNRETQYF	1
CASRLQVNQPQHF	1
CASRLTQGNEQYF	1
CASRPPVFANTGELFF	1
CASRPPGLAGRHEQFF	1
CASRPPGTGSYEQYF	1
CASRPQGYKVDEQYF	1
CASRPGGNEQFF	1
CASRPGEIRTGELFF	1
CASRPGPQETQYF	1
CASRPDVYEQYF	1
CASRPNFGEQYF	1
CASRRAGLPEQYF	1
CASRRGGGPYNEQFF	1
CASRRGTSTYEQYF	1
CASRRKPGLAGVGPDTQYF	1
CASRRSGATGELFF	1
CASRHDRGGTDTQYF	1
CASRHTGGPSYNEQFF	1
CASRHRAYNEQFF	1
CASRHVATGYEQYF	1
CASRHNGETETQYF	1
CASRQKSDTQYF	1
CASRQGGAYEQYF	1
CASRAPGQGRSEQFF	1
CASRASPLYSYEQYF	1
CASRAGTGGSDTQYF	1
CASRGPGGAYEQYF	1
CASRGETQYF	1
CASRDYRGETQYF	1
CASRDPEGEGETQYF	1
CASREQRAYEQYF	1
CASREGAGGYTF	1
CASREIGVYTDTQYF	1
CASRTSQETQYF	1
CASRTRTSGAYNEQFF	1
CASRTGGRTVNTEAFF	1
CASRSGVLSYNEQFF	1
CASRSGGGAVPNEQFF	1
CASRRTAGYEQYF	1
CASRNPMGQGSYNEQFF	1
CASRNRDRGNEQFF	1
CASRNHRDSKHEQYF	1
CASRNGGNTGELFF	1
CASRKVGLAPYNEQFF	1
CASNLPYSGNTIYF	1
CASNRQGAYEQYF	1
CASNGGIITGELFF	1
CASNKAFNQPQHF	1
CASNSVGYNEQFF	1
CASNSGTGLQETQYF	1
CASNSTKRRGGYWGQFF	1
CASNYRGGTDTQYF	1
CASNLGGGNTIYF	1
CASNLRGTGGSYEQYF	1
CASNRAGTVYEQYF	1
CASNVRGTVETQYF	1
CASNGGALELFF	1
CASNGRQSPYIQYF	1
CASNGLAATQYF	1
CASNNRLTGTYEQYF	1
CASKPFSGDNEQFF	1
CASKPGTATYEQYF	1
CASKGFDYGYTF	1
CASKDRVGGDTQYF	1
CASKRESTDTQYF	1
CASKPQGALRNEQFF	1
CASKDRARETQYF	1
CASKERGPTEQYF	1
CARQGLFYEQYF	1
CARGGELFF	1
CARQGAKSTDTQYF	1
CARASRDRDVNEQFF	1
CAREIIMANNEQFF	1
CANGRPNTGELFF	1
CANIAGATYEQYF	1
CAVLGGQSYNEQFF	1
CAIGTGELFF	1
CASRSGTGSTEAFF	1
CASSFRLATQYF	1
CATEGWEGTNTGELFF	1
CASQGAASPGNEQFF	1
CASGTGTLSYEQYF	1
CASGATGESYEQYF	1
CASSPVTQNEQYF	1
CASSRGGTSHYGYTF	1
CASRGQGSSYEQYF	1
CASRGYNEQFF	1
CASHDGGTNKNIQYF	1
CASQSGLVPYEQYF	1
CASVGDFFFNEQFF	1
CASAAQPTSTDTQYF	1
CASGWSTGKSSYEQYF	1
CASGPGPLVQETQYF	1
CASGGVGFLSADEQYF	1
CASDQGQGQETQYF	1
CASILREPFPDTQYF	1
CASIGGAPADTQYF	1
CASMRDTDTQYF	1
CASMGGGSTDTQYF	1
CASMTGTEQFF	1
CASTIELNTEAFF	1
CASTLSTQPNEQFF	1
CASTPAAAGGGTDTQYF	1
CASTPALEYNEQFF	1
CASTRDRGDYGYTF	1
CASTARGGSYEQYF	1
CASTSLAGVGNEQFF	1
CASSLGTGLNTEAFF	1
CASSSTREEDTQYF	1
CASSWGVPQETQYF	1
CASSLRGSSYNEQFF	1
CASSLDRGLHTGELFF	1
CASSPIGGYIQYF	1
CASSQTTPQSNEQFF	1
CASSVLRFVTTENLTGELFF	1
CASSGGTGGYEQYF	1
CASSGTAWRGGETQYF	1
CASSDAGTGISEQYF	1
CASSDQTGGPHNEQFF	1
CASSELAGVLRSEQYF	1
CASSEAGRASGGRDEQFF	1
CASSETTGATGELFF	1
CASSENKASRANEQFF	1
CASSEQWGNEQFF	1
CASSITLASYSYNEQFF	1
CASSTLATDTQYF	1
CASSRIRLMNTEAFF	1
CASSKGGPPDTQYF	1
CASSFSGELFF	1
CASSFYLLSYNSPLHF	1
CASSFLDGAEQYF	1
CASSFLSGMNYEQYF	1
CASSFLQSSYNEQFF	1
CASSFPGTSVSYNEQFF	1
CASSFRREDTDTQYF	1
CASSFQGLSSYEQYF	1
CASSFGKGLSYNEQFF	1
CASSFGVRTGARNTQYF	1
CASSFDRAGDTQYF	1
CASSFETPKGQFF	1
CASSFTRAHEQFF	1
CASSFTGASSYEQYF	1
CASSFSSGARLNEQFF	1
CASSFREGGDSTEAFF	1
CASSFKAGGLSTDTQYF	1
CASSFWLEDEQYF	1
CASSFLAGVAYNEQFF	1
CASSFPATLNTGELFF	1
CASSFPGGYNEQFF	1
CASSFPEGPTDTQYF	1
CASSFPPQAGITYEQYF	1
CASSFQGKGTDTQYF	1
CASSFAPKEEQYF	1
CASSFGDLLLSYEQYF	1
CASSFGGQGVGDYEQYF	1
CASSFGTEQFF	1
CASSFDGGAPGELFF	1
CASSFTGEYGYTF	1
CASSFSSGSYEQYF	1
CASSFSRAYEQYF	1
CASSFRRGLDHGEQFF	1
CASSFRGPPQETQYF	1
CASSLFQETQYF	1
CASSLFAGVGYEQYF	1
CASSLFPGTGGTDTQYF	1
CASSLLGSASGRYEQYF	1
CASSLSSGRPGELFF	1
CASSLSQASGQFF	1
CASSLSRATNEKLFF	1
CASSLSSSGNTIYF	1
CASSLSAGSNEQFF	1
CASSLSYSDRGSKDTQYF	1
CASSLSQGAGEQYF	1
CASSLSGPTYNEQFF	1
CASSLWGTTGELFF	1
CASSLWTRENEQFF	1
CASSLYRTSGGQQFF	1
CASSLYRGLFYGYTF	1
CASSLLVSGTGSDEQYF	1
CASSLLARYTDTQYF	1
CASSLPHRGRFSYNEQFF	1
CASSLPRNEQYF	1
CASSLRRGNEQFF	1
CASSLQWSEQVYEQYF	1
CASSLQRTNTGELFF	1
CASSLQVGTGELFF	1
CASSLVLTGELFF	1
CASSLVPQDTGELFF	1
CASSLVGSGSYNEQFF	1
CASSLVRDRGLGELFF	1
CASSLVGGARNEQFF	1
CASSLVGTGMYGYTF	1
CASSLVSSRTDTQYF	1
CASSLVSGRSQFF	1
CASSLVQGNEQFF	1
CASSLVATSGQAPYEQYF	1
CASSLVGDSEQFF	1
CASSLVTSANTGELFF	1
CASSLVSQRKNTGELFF	1
CASSLVPSGRSEGEQFF	1
CASSLVQTREQYF	1
CASSLVAGASYEQYF	1
CASSLVAGGPSYEQYF	1
CASSLAWGDRAPYEQYF	1
CASSLALAGLTDTQYF	1
CASSLAPGGTDTQYF	1
CASSLAVSSGYNEQFF	1
CASSLASGVAYEQYF	1
CASSLAFGMNTEAFF	1
CASSLASGTEYEQYF	1
CASSLAWGQGAHEQYF	1
CASSLAWGGLYEQYF	1
CASSLAPGRQNTGELFF	1
CASSLAQETQYF	1
CASSLAVGSAEAFF	1
CASSLAAVAGGSVEFF	1
CASSLAGQGIYEQYF	1
CASSLAGGYNEQFF	1
CASSLAGLALSYEQYF	1
CASSLADPGYGYTF	1
CASSLAIGDYEQYF	1
CASSLAITSGRTYEQYF	1
CASSLATGNRAYEQYF	1
CASSLASARLGTQYF	1
CASSLAYTAYNEQFF	1
CASSLAASGETDTQYF	1
CASSLADSPSTDTQYF	1
CASSLADRDSGELFF	1
CASSLATGMQIGELFF	1
CASSLATESTDTQYF	1
CASSLASSPYNEQFF	1
CASSLAWPYEQYF	1
CASSLGLYGYTF	1
CASSLGLYNEQFF	1
CASSLGQGSGEQYF	1
CASSLGGTSGSDEQFF	1
CASSLGPAGGPNEQFF	1
CASSLGAGRVTDTQYF	1
CASSLGGGDTDTQYF	1
CASSLGTTYEQYF	1
CASSLGRSAYNEQFF	1
CASSLGSLKPVNYEQYF	1
CASSLGSLPYEQYF	1
CASSLGRLYEQYF	1
CASSLGVAGSEQYF	1
CASSLGGRDDTEAFF	1
CASSLGDSKIYEQYF	1
CASSLGDRSTGELFF	1
CASSLGETSFNEQFF	1
CASSLGTSGASTDTQYF	1
CASSLGTSGANEQFF	1
CASSLGLAYTDTQYF	1
CASSLGLAALHEQFF	1
CASSLGLAGSSTDTQYF	1
CASSLGLAGGQWFF	1
CASSLGLAGGRSTDTQYF	1
CASSLGPPGQGAYNEQFF	1
CASSLGPTGSPSYEQYF	1
CASSLGQAYGYTF	1
CASSLGQGHNEQFF	1
CASSLGRVDEQYF	1
CASSLDSAAGSGRELFF	1
CASSLDQGTQYF	1
CASSLDQEGESGFGAQYF	1
CASSLDVPPSETQYF	1
CASSLDVNSPLHF	1
CASSLDVNADTQYF	1
CASSLDTGNGYTF	1
CASSLDSAGWTQYF	1
CASSLDRVDEQYF	1
CASSLDLPVYEQYF	1
CASSLDGDTEAFF	1
CASSLDTSSYNEQFF	1
CASSLDSRSYNEQFF	1
CASSLDRKPYEQYF	1
CASSLEWPNQPQHF	1
CASSLEWRREGALHNEQFF	1
CASSLELAGGPSSYNEQFF	1
CASSLEPPAGDNNEQFF	1
CASSLEPAGDRSPLHF	1
CASSLEPDRVNDGYTF	1
CASSLEAGGWFF	1
CASSLERLNTGELFF	1
CASSLEPTNSYEQYF	1
CASSLEPGSPSTDTQYF	1
CASSLERSTDTQYF	1
CASSLEVTGGSTDTQYF	1
CASSLEGSFYEQYF	1
CASSLEGAAGPDTQYF	1
CASSLEGGNQPQHF	1
CASSLERTGKYWADTQYF	1
CASSLIPADLYTGELFF	1
CASSLIAGREQFF	1
CASSLTSDKYNEQFF	1
CASSLTGQAYNEQFF	1
CASSLTTGKQNGYTF	1
CASSLTGLAGYSYNEQFF	1
CASSLTRSYEGQYF	1
CASSLTGVSYGNTIYF	1
CASSLTGGAEGYTF	1
CASSLSYFTDTQYF	1
CASSLSGGLTYEQYF	1
CASSLSPTAYIEQFF	1
CASSLRTNTEAFF	1
CASSLRRTENEQFF	1
CASSLRGGSYNEQFF	1
CASSLNGQLGSYNEQFF	1
CASSLNKLAGDTQYF	1
CASSLKFYSLYEQYF	1
CASSLKQGLGYNEQFF	1
CASSLKAGANEQFF	1
CASSLFHGQGAQEQYF	1
CASSLFTGARTDTQYF	1
CASSLSHPGYEQYF	1
CASSLSVGQGYNEQFF	1
CASSLSGSNQPQHF	1
CASSLLAGVEQYF	1
CASSLPSGYEQYF	1
CASSLRTSGYNEQFF	1
CASSLRTGGVYEQYF	1
CASSLVGAGEQFF	1
CASSLVGGNNEQYF	1
CASSLAGQPNTGELFF	1
CASSLGLGEPFEQFF	1
CASSLGGNEQFF	1
CASSLGTGFAYEQYF	1
CASSLDGSYTGELFF	1
CASSLDTQPGEQYF	1
CASSLETGGYNEQFF	1
CASSLIPTSGGEDTQYF	1
CASSLTPAIGTDTQYF	1
CASSLTGIYEQYF	1
CASSLSGSNTGELFF	1
CASSLRVAGGNEQFF	1
CASSSPGTGVYEQYF	1
CASSSRLAGDEQYF	1
CASSSLAGQSYEQYF	1
CASSSLGQANTEAFF	1
CASSSPQAPYEQYF	1
CASSSPGGLAEDTGELFF	1
CASSSATLTQTYSYEQYF	1
CASSSGGAGELFF	1
CASSSGTEYLEQYF	1
CASSSGTINNEQFF	1
CASSSGLQTYEQYF	1
CASSSGQTLGYTF	1
CASSSDQGLAGSYNEQFF	1
CASSSTPYSYNEQFF	1
CASSSNEWSLRGGYTF	1
CASSSFRREVGYTF	1
CASSSSGLAPTEEQFF	1
CASSSLLAAPPYEQFF	1
CASSSPSSYNEQFF	1
CASSSAGDGSYEQYF	1
CASSSAWAGRETQYF	1
CASSSGPNNEQFF	1
CASSSGQGGADTQYF	1
CASSSDRAYEQYF	1
CASSSTRTDTQYF	1
CASSSTGVSSTEAFF	1
CASSSTGEAREQYF	1
CASSSNTGVETQYF	1
CASSSSVWATNTGELFF	1
CASSSGPGNQPQHF	1
CASSSGLAPSRTNEQFF	1
CASSSGQMNTEAFF	1
CASSSDGSYEQYF	1
CASSSTSGPYEQYF	1
CASSSKAGGEAFF	1
CASSWPSGTPSTDTQYF	1
CASSWAAGGPQGTYNEQFF	1
CASSWGQGATEQFF	1
CASSWGIGYEQYF	1
CASSWGQATPDTQYF	1
CASSWGQDYEQYF	1
CASSWEPGLSPGEQYF	1
CASSWTSTGAGSEKLFF	1
CASSWTGSSYNEQFF	1
CASSWSGPTDTQYF	1
CASSYSTGRREQYF	1
CASSYDRATGELFF	1
CASSYYSGTSGSYEQYF	1
CASSYPETGSSYNEQFF	1
CASSYGTSFNEQFF	1
CASSLPGSSTDTQYF	1
CASSLGLASTYEQYF	1
CASSLADNQPQHF	1
CASSLGLAGVNEQFF	1
CASSLSTSSYEQYF	1
CASSLPSQVWADTQYF	1
CASSLRSSYNEQFF	1
CASSLQGISNQPQHF	1
CASSLIWTLGGYGYTF	1
CASSLTGYNEQFF	1
CASSLQGSSYNSPLHF	1
CASSLGTGETYEQYF	1
CASSLNTNQPQHF	1
CASSPLIPPYEQYF	1
CASSPGPSWELFF	1
CASSPSGSYEQYF	1
CASSPRTSGHEDSYEQYF	1
CASSPNPPRPLNTGELFF	1
CASSPLGGADEQFF	1
CASSPLMSSYNEQFF	1
CASSPPTSGRKDTQYF	1
CASSPPGEGRTGYTF	1
CASSPPGLRGSTDTQYF	1
CASSPPTGTAAYEQYF	1
CASSPRADNYEQYF	1
CASSPHRLANEQFF	1
CASSPQARGYEQYF	1
CASSPQQIFYEQYF	1
CASSPQGYNEQFF	1
CASSPGYWDTYEQYF	1
CASSPGSTGNEQFF	1
CASSPGDYNEQFF	1
CASSPGDGASDSNQPQHF	1
CASSPGTTNNEQFF	1
CASSPGQGNYEQYF	1
CASSPGRAADTQYF	1
CASSPDRVGNEQFF	1
CASSPDREEMGEQFF	1
CASSPDREPARDTQYF	1
CASSPMDYSYEQYF	1
CASSPTQTGLETQYF	1
CASSPKGASGDMSSYEQYF	1
CASSPGGLASYEQYF	1
CASSPGGQGAYEQYF	1
CASSPGITDTQYF	1
CASSPGQGGGQPQHF	1
CASSPGQGSIDEQFF	1
CASSPGQGGETQYF	1
CASSPGQGVGTQYF	1
CASSPDQDPDRYKAEQYF	1
CASSPEWQGAYEQYF	1
CASSPEQVHNEQFF	1
CASSPTKGTRAYNEQFF	1
CASSPLTSGSSDTQYF	1
CASSPLTLAGGPGEQFF	1
CASSPGLQGSYEQYF	1
CASSPIAGEREQYF	1
CASSPTPSLAAYNEQFF	1
CASSPRTGGSYEQYF	1
CASSPNRSGNEQFF	1
CASSRGRLGLASSYNEQFF	1
CASSRTTGGLGEQYF	1
CASSRLGRVTGELFF	1
CASSRRLATSTDTQYF	1
CASSRTEWDEQFF	1
CASSRRDANPGNEQFF	1
CASSRLTSGQYNEQFF	1
CASSRRGGYEQYF	1
CASSRKGLAGPYEQYF	1
CASSHLTPYEQYF	1
CASSHISLAGEGAGELFF	1
CASSHNRDNLYYNEQFF	1
CASSHSTDSTDTQYF	1
CASSHYPGQGPIEQYF	1
CASSHPGQGSNSPLHF	1
CASSHREGPYEQYF	1
CASSHQLAGGLYNEQFF	1
CASSHAGTGAVLYGYTF	1
CASSHGLAGDNEQFF	1
CASSQSMSSYNEQFF	1
CASSQLPGLAGGDDEQYF	1
CASSQRTASSNEQFF	1
CASSQAAGLGQETQYF	1
CASSQGQGGYEQFF	1
CASSQTGVQETQYF	1
CASSQSQTGDEKLFF	1
CASSQNLLAGSRETQYF	1
CASSQLSSYNEQFF	1
CASSQYIAQTSETQYF	1
CASSQYRQTYEQYF	1
CASSQYRGHDEQFF	1
CASSQLPGLAATDTQYF	1
CASSQPGLAGGSYEQYF	1
CASSQPGVSYEQYF	1
CASSQQPDPGAEAFF	1
CASSQQRDLSYEQYF	1
CASSQVSRGPYEQYF	1
CASSQVPRGYQETQYF	1
CASSQVVRGAAFF	1
CASSQVAGMNYGYTF	1
CASSQVIAGAYNEQFF	1
CASSQVSLDRSYGYTF	1
CASSQVPGLAASYEQYF	1
CASSQVPAAVHEQYF	1
CASSQVTFGSDEQFF	1
CASSQAGGPSYEQYF	1
CASSQASRVGYTF	1
CASSQGPFSGRKGEQYF	1
CASSQGALGTGELFF	1
CASSQGLQAFGRDEQFF	1
CASSQGPGAQETQYF	1
CASSQGRRGGAADTQYF	1
CASSQGTGQTGELFF	1
CASSQGLARVLYNEQFF	1
CASSQGLAYEQYF	1
CASSQDLGARSYEQYF	1
CASSQDLETSGGDTYEQYF	1
CASSQDSASGSQGNIQYF	1
CASSQDSRTGAYGELFF	1
CASSQDLMEYNEQFF	1
CASSQDLSLRRETQYF	1
CASSQDPSGQGFYEQYF	1
CASSQDPGANEQFF	1
CASSQDPNIGTRSADTQYF	1
CASSQDPAAINSPLHF	1
CASSQDPGGWQYSYEQYF	1
CASSQDPEWTSGSYEQYF	1
CASSQDHVGGPYNEQFF	1
CASSQDRGWGDRANTGELFF	1
CASSQDNVGHTDTQYF	1
CASSQDPTGARYEQYF	1
CASSQDGPTRRQYF	1
CASSQEYDQSRGQFF	1
CASSQEPGGYEQYF	1
CASSQETGKETQYF	1
CASSQELAGANYGYTF	1
CASSQELGLKGFF	1
CASSQEPSIAYEQYF	1
CASSQEGTPFYNEQFF	1
CASSQETGTYQETQYF	1
CASSQTGTRVNEQFF	1
CASSQNIAGGRTGELFF	1
CASSVQLTNTGELFF	1
CASSVLPPGLADSTDTQYF	1
CASSVDRPEGQYF	1
CASSVAGGTSTDTQYF	1
CASSASGSTDTQYF	1
CASSAYRDLVPHEQFF	1
CASSAGTSGGRTDTQYF	1
CASSAGTRAGELFF	1
CASSAAYLTIGTDTQYF	1
CASSAGTRNYNEQFF	1
CASSAGLAGGLADTQYF	1
CASSADGISYEQYF	1
CASSGGLARTGELFF	1
CASSGGQGGTYEQYF	1
CASSGKGAPNTGELFF	1
CASSEGRIATNEKLFF	1
CASSESKWGGRNFHNEQFF	1
CASSELAGGPVSDTQYF	1
CASSEGSSGRFGNEQFF	1
CASSEENRGGIGYTF	1
CASSETGELFF	1
CASSERIGSYNEQFF	1
CASSILAGGVTYEQYF	1
CASSIPSGGAYEQFF	1
CASSIQTGVAGNEQFF	1
CASSMGQGGDEQFF	1
CASSISTGSYEQYF	1
CASSTDGTGATDTQYF	1
CASSTGGGENTEAFF	1
CASSTTGGQPQHF	1
CASSTGTGGRVADTQYF	1
CASSTDWTANTGELFF	1
CASSSLSRGSYEQYF	1
CASSSIGQDTDTQYF	1
CASSSGGNTGELFF	1
CASSRGGADTQYF	1
CASSRSAFFTDTQYF	1
CASSKGSGQGLGEQFF	1
CASRSEDHEQYF	1
CASRSGENTGELFF	1
CASRSTGGFEQYF	1
CASRLGEVWGTSGYNEQFF	1
CASRPVGRGETQYF	1
CASRPVTTNYGYTF	1
CASRINTGGHNEQFF	1
CASRTTGAGVNEQFF	1
CASRLGGYEQYF	1
CASRYFETGSLYEQYF	1
CASRLGQGPEAFF	1
CASRLDRIVNEQFF	1
CASRVTSGRSEQYF	1
CASRKAYGPSYEQYF	1
CASNWDRVDTGELFF	1
CASNLQGSAWKFF	1
CASNTGTPSSYNEQFF	1
CASKGTTGEAYEQYF	1
CASKKGLNTYEQYF	1
CARNRDPRAYEQYF	1
CAIPLVNTGELFF	1
CIARGSEQFF	1
CTRLKRSGGEKLFF	1
CSLLPKTETQYF	1
CSLVGGETQYF	1
CSVEGSVQETQYF	1
CSVTNPRTPYNEQFF	1
CSVAGYDNEQFF	1
CSAFLGREPYEQYF	1
CSAFPSSGQSYEQYF	1
CSASGQKNIQYF	1
CSASDGGESYNEQFF	1
CSAPLQVSEQFF	1
CSAPLVAGSSYNEQFF	1
CSAPRVSGKETQYF	1
CSAPTGLAGDLADTQYF	1
CSAPSRGGNRNSPLHF	1
CSARSGTGTSSYEQYF	1
CSARTAGTIRDTQYF	1
CSAQPDYGGDEQFF	1
CSAVGTRRETQYF	1
CSAARGLGNEQFF	1
CSAADRKQETQYF	1
CSAGAGGVTDTQYF	1
CSAISRTGVDTQYF	1
CSAIGGGPQETQYF	1
CSAIPSYYSYNEQFF	1
CSATPLGGHYEQYF	1
CSATGYEQYF	1
CSATRTSGGIMQFF	1
CSATDRDDTQYF	1
CSASLLETKFF	1
CSASPHRVLLNEQFF	1
CSASGILVHSSYNEQFF	1
CSASGQGSYEQYF	1
CSASSSPMDSHEQYF	1
CSASSGGAREQYF	1
CSASNLAGVVYEQYF	1
CSASKLAQETQYF	1
CSASKQSETQYF	1
CSASFSGAGYNEQFF	1
CSASWTGLQETQYF	1
CSASASGPEQFF	1
CSASIVGRGRIDTQYF	1
CSASTGTGYNEQFF	1
CSARVQGGSSYNEQFF	1
CSARGREAYEQYF	1
CSARGGSYEQYF	1
CSARGMGVEQFF	1
CSARDPSGGTGELFF	1
CSAREDAGEQYF	1
CSARTESNQPQHF	1
CSARSGADTQYF	1
CSARRTGSSTDTQYF	1
CSARRLAGGRYSYEQYF	1
CSARKPGTNSYEQYF	1
CSARFVRGNEQFF	1
CSARSYRGETQYF	1
CSARSPGETQYF	1
CSARSPGGPYNEQFF	1
CSARLAGGLGKTQYF	1
CSARLTGGTGELFF	1
CSARPVRQSTDTQYF	1
CSARRSETQYF	1
CSARRGGEDTGELFF	1
CSARRGGPYEQYF	1
CSARRPSGSGEQFF	1
CSARVPAGRETQYF	1
CSARVPGGSPEQFF	1
CSARVIDYEQYF	1
CSARVPSGYEQYF	1
CSARVKWTSGGSYEQYF	1
CSARVAGAYEQYF	1
CSARAPEERKQFF	1
CSARASGRPYEQYF	1
CSARGPGPSGGFYEQYF	1
CSARGGGTTDTQYF	1
CSARGDSGIYEQYF	1
CSARGSLNQPQHF	1
CSARGLETSGRPTDTQYF	1
CSARGVRGPYNEQFF	1
CSARGGLAHNEQFF	1
CSARGNSTGGYEQFF	1
CSARGGTGRNQPQHF	1
CSARGKPLGAGGPGETQYF	1
CSARDFWEFREDTQYF	1
CSARDFEREGRYEQYF	1
CSARDFSTSGSFRNEQYF	1
CSARDFGDPRETQYF	1
CSARDSRDHYEQYF	1
CSARDSSTDTQYF	1
CSARDWLGSGTGELFF	1
CSARDLASGYHEQFF	1
CSARDLGQGEVNEQFF	1
CSARDLRGALYEQYF	1
CSARDLSLWGGIKNTGELFF	1
CSARDPLRAEYEQYF	1
CSARDPREGYNEQFF	1
CSARDPAGGKETQYF	1
CSARDRSGEQFF	1
CSARDQVYSGNTIYF	1
CSARDGRERETQYF	1
CSARDGALGFQETQYF	1
CSARDTGYEQYF	1
CSARDTKGRGTEAFF	1
CSARDNLVEAFF	1
CSARDKGSATDTQYF	1
CSARDKRTSGAYEQYF	1
CSARDPMNTEAFF	1
CSARDRDTTGFEYEQYF	1
CSARDGGIAANEQFF	1
CSARDIGESYEQYF	1
CSAREQETQYF	1
CSARTAGHGTQYF	1
CSARRQGATDTQYF	1
CSANDRGGRNEQFF	1
CSAKRGADTGELFF	1
CSAKGLAGGQETQYF	1
CSAKDLGELFF	1
CSAKTSGGAGEQFF	1
CSASPPTNSYNEQFF	1
CSALTSGSTNEQFF	1
CSAPRGRGVYEQYF	1
CSAPTVNTEAFF	1
CSAPRLPLAYNEQFF	1
CSARAVAGQGSTDTQYF	1
CSAQRGQSSYEQYF	1
CSAVFHRDRVNEKLFF	1
CSAETGTGGGQGSYNEQFF	1
CSAERLAGVTDTQYF	1
CSAISAEGLQETQYF	1
CSAMAASPPDTQYF	1
CSAMGDSYYEQYF	1
CSARRDSYNEQFF	1
CSAKAGLEQFF	1
CSAKTVSVGPQYEQYF	1
CSASASGPYEQYF	1
CSARPTSGGSYNEQFF	1
CSAPRISYNEQFF	1
CSARDRALSSYEQYF	1
CSAHGGIGKGLPSDTQYF	1
CSAVGTGETYNEQFF	1
CSATGAGDTDTQYF	1
CSATDGYEQYF	1
CSATRGGWDTGELFF	1
CSGQGGVVYNEQFF	1
CSGTGTGNTDTQYF	1
CSGKADTQYF	1
CSMGFVDTQYF	1
CSTLKGMGGSYEQYF	1
CSTLPWLFNYGYTF	1
CSRGGQAAKNIQYF	1
CSVFGHTNNEQFF	1
CSVYMGLPAYEQYF	1
CSVVSSGRSSYNEQFF	1
CSVVSANEETQYF	1
CSVVGQGSYNEQFF	1
CSVVSGQNNEQFF	1
CSVAEGSNTGELFF	1
CSVGLAGSTDTQYF	1
CSVGGEQFF	1
CSVGQGAPEAFF	1
CSVGGGRAFYNEQFF	1
CSVDTFSGSSYEQYF	1
CSVDGLAGGLDYNEQFF	1
CSVERQGDTYGYTF	1
CSVEGQGYNEQFF	1
CSVEEARAGAEQFF	1
CSVESGQGYDEQYF	1
CSVEVRGSNYGYTF	1
CSVEVKKNEQFF	1
CSVEGSQTDTQYF	1
CSVEGVSGAGPYEQYF	1
CSVEDQRGLGDIQYF	1
CSVEDPAEGTKNTGELFF	1
CSVEDIVVRARKRYEQFF	1
CSVESIAGRGRYNEQFF	1
CSVENRIQYF	1
CSVTGTYEQYF	1
CSVSVSYNEQFF	1
CSVKTGIDKYEQFF	1
CSVLGAGRPISYNEQFF	1
CSVLRGGETQYF	1
CSVPGGSSYNEQFF	1
CSVPRGATELPSTDTQYF	1
CSVRTGGAHNEQFF	1
CSVGDSLYSYEQYF	1
CSVGPLGAVHEQFF	1
CSVRQFSYEQYF	1
CSVYSGLAGGLANTGELFF	1
CSVAGLAETYEQYF	1
CSVGGLAEQETQYF	1
CSVTGGTGELFF	1
CSVTITLDEQYF	1
CSVPGLAVYNEQFF	1
CSVIRGPNTEAFF	1
CSALDSSYEQYF	1
CSAGDRRDTQYF	1
CSARDRGSNEQYF	1
CSANRGASRNNEQFF	1
CSAGQGSYNEQFF	1
CSGWSYNEQFF	1
CSGTGTSWHEQYF	1
CSTFWSSGTGVYEQYF	1
CRSGVSYEQYF	1
CRARLRGGNQPQHF	1
YASTMNGGDYEQYF	1
RASAERGINIQYF	1
RASSSGDKGWQETQYF	1
RASSFSSTGTGCAQPQHF	1
RASSLATYGYTF	1
RASSLGLAQTQETQYF	1
RASSLICAGVNRSEQYF	1
RASSLTRETNTGELFF	1
RASSSRLAGHTGELFF	1
RASSYWGLAETQYF	1
RASSQGLAETGRIYNEQFF	1
RASSNTPGREVTDTQYF	1
CALPTAWGGYTF	2
CAWIGETQYF	2
CAWKPRWGATSSYEQYF	2
CAISEAETFSEQYF	2
CATSRDTNSGANVLTF	2
CASIKSLEDSGANVLTF	2
CASSPSTGGYEQYF	2
CASSVDSSGANVLTF	2
CASSFLWGQRHEQFF	2
CASSFLLSDEQYF	2
CASSLVSSVANVLTF	2
CASSLAGSYEQYF	2
CASSYTRDRVNTGELFF	2
CASSRTSGRAAYEQYF	2
CASSQDSGSGGADTQYF	2
CASGPWGQPYEQYF	2
CASSLGAGGNQETQYF	2
CASSLGGGTVNQPQHF	2
CASSLGTVSYGYTF	2
CASSLTTETQYF	2
CASSLGGPPDTQYF	2
CASSSGSTSGRASGEQFF	2
CASSPRGDGGKTQYF	2
CASSRTFRLAGGETQYF	2
CASSTDGQLYEQYF	2
CSVDRGGYNEQFF	2
CVSRIGDNQETQYF	1
CASAMDQTDSTSTDTQYF	1
CASGLWTGSTHGGELFF	1
CASGSPQGARGTGELFF	1
CASSLGPAETQYF	1
CASSSYPSGGSRSNQPQHF	1
CASSSSQGFSNEQFF	1
CASLVQETQYF	1
CASRGLESGETQYF	1
CAWWVGADGIAGGYTF	1
CAWDETDSYEQYF	1
CAWDRGGTEAFF	1
CAWILAGGPGNEQFF	1
CAWSLSVYGYTF	1
CAWSPGTGSGYTF	1
CAWSVPGGSYNSPLHF	1
CAWSVRGAWFF	1
CAWSALLRGDEQFF	1
CAWSAGSRGYTF	1
CAWSGSGRGGQPQHF	1
CAWSGSGNYGYTF	1
CAWSGQTTSTDTQYF	1
CAWSEVLDSLLHF	1
CAWSTGHYSNQPQHF	1
CAWSPVGYEQYF	1
CAWSRGRSNYGYTF	1
CAWRGQGNTEAFF	1
CAWRRGSASTDTQYF	1
CAWRKFGGDYTDTQYF	1
CAWKADTRSTDTQYF	1
CAWKGLADDTGELFF	1
CAAAVGLNTEAFF	1
CAGGLAGSFGEQFF	1
CAGRNSGSDTQYF	1
CAISMETQYF	1
CAIPKYTSSNEQFF	1
CAIRGPGPSYEQYF	1
CAIQQVPGEQYF	1
CAIGTSDFNEQFF	1
CAIGEETQYF	1
CAITRTDVAGLYNEQFF	1
CAITAGGPGHNEQFF	1
CAISPTGGRPNEQFF	1
CAISPHLISAASYEQYF	1
CAISAIGSGNSYEQYF	1
CAISAFQAGGYNEQFF	1
CAISAGEYYEQYF	1
CAISGPREIPSPSTDTQYF	1
CAISDSAYEQYF	1
CAISDAAYEQYF	1
CAISDGGPYGYTF	1
CAISDVRATSYEQYF	1
CAISESRLAGARPGSYNEQFF	1
CAISESVTEISYEQYF	1
CAISESRWAKELFF	1
CAISESYRTGGPDTQYF	1
CAISESYKTTDTQYF	1
CAISESPESYNEQFF	1
CAISESIRGGSYEQYF	1
CAISESSRQGTGEQYF	1
CAISESKATLVGVETQYF	1
CAISERDNQPQHF	1
CAISEADIAGGGRETQYF	1
CAISEGTGGVLPRL	1
CAISEMRTDTQYF	1
CAISETSGMGFNEQFF	1
CAISEGGSNYGYTF	1
CAISSGYETQYF	1
CAISQERGGTDTQYF	1
CAIRSGGGTDTQYF	1
CAIRAASSGNTIYF	1
CAIRDNSGGNQETQYF	1
CAIRQTGGPYEQYF	1
CAIRTEGANEQFF	1
CAIKGTTTDTQYF	1
CAMSTSGLLHNEQFF	1
CAMAPGLAKDTQYF	1
CAMREDNHYEQYF	1
CATRLRGEQYF	1
CATSSGGGSPHEQFF	1
CATRSGSTEAFF	1
CATQPPRGSSYEQYF	1
CATASDKFVETRQETQYF	1
CATGRTSGLYNEQFF	1
CATEGRQGGTGELFF	1
CATTGARGPNEQFF	1
CATSLGRAGPSTDTQYF	1
CATSPRRQETQYF	1
CATSAPRAGAVNEQFF	1
CATSGSVVEQFF	1
CATSGPGDEQFF	1
CATSDFGDATSYNEQFF	1
CATSDFTTVGGTDTQYF	1
CATSDFSNTEAFF	1
CATSDLCSPSPHFPSTDTQYF	1
CATSDLRGGPYEQYF	1
CATSDLGLVNEQFF	1
CATSDLGGFSSYNEQFF	1
CATSDSGLGAETQYF	1
CATSDSGLAEETQYF	1
CATSDSPTVGQFF	1
CATSDSVATRTSRDTQYF	1
CATSDSGRGGLNEQYF	1
CATSDSKTGAHNEQFF	1
CATSDPETSAETQYF	1
CATSDRRLPKDGRSDTQYF	1
CATSDTGTGVSEQYF	1
CATSDRLAGDHLTDTQYF	1
CATSDPIHFETQYF	1
CATSDQGQGAYNEQFF	1
CATSDVRQGLNNEQFF	1
CATSDRTSGSADTQYF	1
CATSEFPLAGGNEQFF	1
CATSEPSGGQETQYF	1
CATSEPGTKGSYNEQFF	1
CATSEPVGTGLENEQFF	1
CATSEAQGATYNEQFF	1
CATSEYRDPGELFF	1
CATSEPGTSFNEQFF	1
CATSEEGPTTRYNEQFF	1
CATSETGTAYEQYF	1
CATSGPGGSRQQYF	1
CATSGQQETQYF	1
CATSTTGRSTDTQYF	1
CATSREEETQYF	1
CATSRDQVTQRGIAYEQYF	1
CATSRDRGARETQYF	1
CATSREPRARIVSYNEQFF	1
CATSREQGALSTDTQYF	1
CATSREKFYNSYNEQFF	1
CATKPGGTGRNNEQFF	1
CATRGHEQFF	1
CATAPIKNTGELFF	1
CATSTGTALDIQYF	1
CATSRGTSGINEQFF	1
CATREDLGKTQYF	1
CATADGGAGELFF	1
CATEATSGTEAFF	1
CASFAQGGSYEQYF	1
CASSPLLTGGETQYF	1
CASRTGLAVYNEQFF	1
CASGLPPGDEQFF	1
CASGTSGGYEQYF	1
CASGTGSEQFF	1
CASGLAAKNIQYF	1
CASEGTGPYNEQFF	1
CASTGQGRSTDTQYF	1
CASSSNNGYSNQPQHF	1
CASSSKTGGDEKLFF	1
CASSWAGESDQPQHF	1
CASSEGDQPQHF	1
CASSIVRAETQYF	1
CASSMASWPNQPQHF	1
CASSIVGGNQPQHF	1
CASSIAVYGYTF	1
CASSIAQGFNSPLHF	1
CASSTGRGSGNTIYF	1
CASSKDREGNQPQHF	1
CASSFGGPGNEQFF	1
CASSLQGSEQYF	1
CASRPPSGQGYNEQFF	1
CASRQVRGKLFF	1
CASRWQTNSNQPQHF	1
CASNFREPRGPEQFF	1
CASKSRTNVNTQYF	1
CASKPGQVYNEQFF	1
CASKQGATNEQYF	1
CASFSAGSNEQFF	1
CASLEGRPGYTF	1
CASSGPALAKNIQYF	1
CASSWGGLEQFF	1
CASSHDSNYGYTF	1
CASSPLQGSQETQYF	1
CASSPTSGADTQYF	1
CASSPRTRSTEQFF	1
CASSPARVQETQYF	1
CASSPGDRIYGYTF	1
CASSPGTTQETQYF	1
CASSPEELYGYTF	1
CASSPFTSGQETQYF	1
CASSPWGVDPYEQYF	1
CASSPYQGDTDTQYF	1
CASSPPGGVGEQFF	1
CASSPPDSKNIQYF	1
CASSPQGDSEAFF	1
CASSPDFLAGQGPSDTQYF	1
CASSPTQGRTTGELFF	1
CASSQGTSDTQYF	1
CASSTGHNEQFF	1
CASLPLGASPLHF	1
CASLPVPGLAGEADTQYF	1
CASLPASGLELTGELFF	1
CASLGQPNTGELFF	1
CASLGGSRGQYF	1
CASLKGLAGGTDTQYF	1
CASPQQGSYF	1
CASPGQEQFF	1
CASRFRAGNEQFF	1
CASRQSGSADTQYF	1
CASRQGPAGELFF	1
CASRILDGANYEQYF	1
CASRRAPENIQYF	1
CASRRGGSTDTQYF	1
CASRQGWTNEKLFF	1
CASHRLAESYEQYF	1
CASQLGLAETQYF	1
CASQPGRNKETQYF	1
CASQREYQEQFF	1
CASQREVYNEQFF	1
CASQGGQEDSTDTQYF	1
CASQEDRRGYEQYF	1
CASVPWLLAGGTVGDEQFF	1
CASAMGGQDTQYF	1
CASAALAGTDTQYF	1
CASARGTYEQYF	1
CASADGFQSLYGYTF	1
CASASGGGFYEQYF	1
CASAVRGGEQYF	1
CASARTAAGETQYF	1
CASGPYSGEQFF	1
CASGIGSDTQYF	1
CASGFLPGQNSPLHF	1
CASGRAGRGDEQYF	1
CASGRGNEQYF	1
CASGRGRSTSSYNEQFF	1
CASGQGEQFF	1
CASGAQITDTQYF	1
CASGGGDTQYF	1
CASGGDQETQYF	1
CASGDSLNTEAFF	1
CASGTPRIYEQYF	1
CASGLAGTYEQYF	1
CASGRPNTEAFF	1
CASGTGIGNQPQHF	1
CASIPTSRDTGELFF	1
CASIPGQSGDEQYF	1
CASIGGVQETQYF	1
CASIPGPGFSDTQYF	1
CASIQGLTSGFGDTQYF	1
CASIIAGSEGYTF	1
CASITGQGGTGELFF	1
CASMRANTEAFF	1
CASMGSRVEQYF	1
CASMGGLAGLTGRGTQYF	1
CASMDNVRGTEAFF	1
CASTLLGASQSEQFF	1
CASTPGQGARGYTF	1
CASTRPSGRIYNEHFF	1
CASTHTSGPYEQYF	1
CASTVYGRALSEQYF	1
CASTVTGTYEQYF	1
CASTSGIGSYNEQFF	1
CASTFGGYTF	1
CASTLAGGGYEQFF	1
CASTLGQGSTTGELFF	1
CASTSGVGQPQHF	1
CASTSEGGVDNEQFF	1
CASTLGRGPYEQYF	1
CASTLAGAGTDTQYF	1
CASTLGADGYTF	1
CASTLTIKNEQFF	1
CASTLTSGRNTGELFF	1
CASTLPDRGGGYTF	1
CASTPFLSGGRETQYF	1
CASTPEDSYEQYF	1
CASTPSGATRGAQYF	1
CASTPRWGDTQYF	1
CASTPSPLRSTDTQYF	1
CASTPPEEPGNTIYF	1
CASTPQDRGVDEQFF	1
CASTRRSSGDNEQFF	1
CASTQRARALAFF	1
CASTVAGGTYEQYF	1
CASTGTSPYNEQFF	1
CASTGTSGFFNNEQFF	1
CASTEGTDTQYF	1
CASTIGRYQETQYF	1
CASTILDSQGTQYF	1
CASTIAGPLKEQFF	1
CASTIAGPNTEAFF	1
CASTTTQDRFYEQYF	1
CASTSGVYEQYF	1
CASTRGNYEQYF	1
CASTRPAASSYNEQFF	1
CASTSWASGPYEQYF	1
CASTGQRAGEKLFF	1
CASTGNGGTQYF	1
CASTAGVFSSYNEQFF	1
CASTGVQARGYTF	1
CASTDWTSEYNEQFF	1
CASSFLGRENSPLHF	1
CASSFSLRVGDEKLFF	1
CASSFSGLAGRQFF	1
CASSFSGVSYNEQFF	1
CASSFSGFADTYF	1
CASSFSGSRGETQYF	1
CASSFSGAYQPQHF	1
CASSFLRGQNTGELFF	1
CASSFPGGLVDEQYF	1
CASSFRGRAAHEQYF	1
CASSFRSAGQDEQFF	1
CASSFHRPDTQYF	1
CASSFQVGRGVKETQYF	1
CASSFQGDTDTQYF	1
CASSFVQETQYF	1
CASSFASVGLDEQFF	1
CASSFAGSRKTQYF	1
CASSFAGGNTGELFF	1
CASSFGGEKLFF	1
CASSFGSAPFFLDEQFF	1
CASSFGPGETQYF	1
CASSFGGTGGFYEQYF	1
CASSFGGNEQFF	1
CASSFGGAHNEQFF	1
CASSFGTGGSEQYF	1
CASSFDREAGESETYEQYF	1
CASSFETSSHNEQFF	1
CASSFENTRATGELFF	1
CASSFEYGRPAYNEQFF	1
CASSFIRSGELFF	1
CASSFIGKQFF	1
CASSFIQGIPEQFF	1
CASSFTSARRGETQYF	1
CASSFTNQETQYF	1
CASSFTATGEQYF	1
CASSFRHGISKTQYF	1
CASSFSGTGGAKTQYF	1
CASSFSLGQETQYF	1
CASSFSAGETQYF	1
CASSFWGGGANTGELFF	1
CASSFWTDTTSTDTQYF	1
CASSFYTERPEHTDTQYF	1
CASSFLDTQYF	1
CASSFPGASYNEQFF	1
CASSFPDPGSGGHNEQFF	1
CASSFPDRDLDTQYF	1
CASSFRGGAFDTQYF	1
CASSFREQFF	1
CASSFRAGGSYNEQFF	1
CASSFRTSGTYEQYF	1
CASSFRGTSDTQYF	1
CASSFHRPNGYTF	1
CASSFQIRETQYF	1
CASSFAETGISYNSPLHF	1
CASSFAGKNIQYF	1
CASSFGLGGAGGEQYF	1
CASSFGGMGQYYEQYF	1
CASSFGGIGYNEQFF	1
CASSFGSYEQYF	1
CASSFGTEQYF	1
CASSFGQGSQYF	1
CASSFTRKPDTQYF	1
CASSFSSSYNEQFF	1
CASSFSRGELFF	1
CASSFSRDREGEKLFF	1
CASSFSMNTEAFF	1
CASSFRTYEQYF	1
CASSFKREDTQYF	1
CASSLLAEFRETQYF	1
CASSLSSGFANTGELFF	1
CASSLSPRTGGVGSNQPQHF	1
CASSLWRDYNEQFF	1
CASSLWGQGYGGYPTNTGELFF	1
CASSLYSGDETQYF	1
CASSLLAEETQYF	1
CASSLVPTDTQYF	1
CASSLVGETQYF	1
CASSLVGAPYEQYF	1
CASSLAGTRETQYF	1
CASSLGLVYGYTF	1
CASSLGRLGDRDTDTQYF	1
CASSLGVGVRYEQYF	1
CASSLGDRAHEQYF	1
CASSLGERYEQYF	1
CASSLGRTSGGAALRPNEQFF	1
CASSLGQGAYGYTF	1
CASSLDRTMEYF	1
CASSLEGVTGELFF	1
CASSLIQTSGGNNEQFF	1
CASSLMDTGELFF	1
CASSLTAGNTIYF	1
CASSLTGFNTEAFF	1
CASSLTGIPYEQYF	1
CASSLSGRATSDTQYF	1
CASSLRFPTQGQGLGYGYTF	1
CASSLRRGTEHNEQFF	1
CASSLRLAYNEQFF	1
CASSLNGPKETQYF	1
CASSLFRHEQFF	1
CASSLFAGAVYEQYF	1
CASSLFGWDGSGSYEQYF	1
CASSLLSPGEQYF	1
CASSLLALPADTQYF	1
CASSLLGTGYEQYF	1
CASSLLTPVYSNTDTQYF	1
CASSLLADGTRDGELFF	1
CASSLLGGSEQFF	1
CASSLLGLAGGNTGELFF	1
CASSLSSGRGETQYF	1
CASSLSKGQAPSQHF	1
CASSLSVTGELFF	1
CASSLSGGLMTEAFF	1
CASSLSGTGGYEQYF	1
CASSLSRGLVSYEQYF	1
CASSLSFSDYRSQETQYF	1
CASSLSPSGDKNIQYF	1
CASSLSRGQTFYGYTF	1
CASSLSGNEQFF	1
CASSLSGQYQETQYF	1
CASSLSDSNQPQHF	1
CASSLSPQPNQPQHF	1
CASSLSKRESGETQYF	1
CASSLWGPTDTQYF	1
CASSLWDRGGLLGNNEQFF	1
CASSLYRTYNSPLHF	1
CASSLLTSGGTDTQYF	1
CASSLLAGYNEQFF	1
CASSLPSGDYNEQFF	1
CASSLPFDYNEQFF	1
CASSLPQGGETQYF	1
CASSLPRHTGELFF	1
CASSLPGTGYEQYF	1
CASSLRGVYSNQPQHF	1
CASSLREYNEQFF	1
CASSLRKLTRRTGELFF	1
CASSLHGDTTWEQYF	1
CASSLHKETQYF	1
CASSLHRTSQFF	1
CASSLQRGGPGELFF	1
CASSLQGVGQETQYF	1
CASSLQGRSEQFF	1
CASSLVFGGRSAYEQYF	1
CASSLVSRGVVTRSNEQFF	1
CASSLVGRGTKETQYF	1
CASSLVGGFFDEQYF	1
CASSLVQTGELFF	1
CASSLVRGGQYF	1
CASSLVNTQYF	1
CASSLALRTVDEQYF	1
CASSLAPFPGTIIYEQYF	1
CASSLAHTSGRAYNEQFF	1
CASSLAGSGQYF	1
CASSLAGDEQYF	1
CASSLAGSSYEQYF	1
CASSLAGEGPTYEQYF	1
CASSLAFGWQPQHF	1
CASSLAYSEAGRNQPQHF	1
CASSLALEYEQYF	1
CASSLARAGEQYF	1
CASSLAGEYGYTF	1
CASSLAGQGVLNNSPLHF	1
CASSLATVEQFF	1
CASSLGRLAGFTDTQYF	1
CASSLGGEDTQYF	1
CASSLGHARTQYF	1
CASSLGSLLVADTQYF	1
CASSLGLAGDNNEQFF	1
CASSLGSVGGFNEQYF	1
CASSLGPGSNEQFF	1
CASSLGVYEQYF	1
CASSLGVSSYNEQFF	1
CASSLGGPDYEQYF	1
CASSLGEWDRGKNEQFF	1
CASSLGIDYEQYF	1
CASSLGTSGYEQYF	1
CASSLGTSGLDEQFF	1
CASSLGLGGEQYF	1
CASSLGGYNEQFF	1
CASSLGGQKTQYF	1
CASSLGGNDEQFF	1
CASSLGTQTYEQYF	1
CASSLDSWGGELFF	1
CASSLDVSQSFYVEAFF	1
CASSLDGGRFEQYF	1
CASSLDRGRTSSYNEQFF	1
CASSLEGYAEQFF	1
CASSLEGAGTNTGELFF	1
CASSLISGAAGEQYF	1
CASSLIRGGQPQHF	1
CASSLMIPPIAQYF	1
CASSLMSTYNEQFF	1
CASSLTSGSEQFF	1
CASSLTPANYEQYF	1
CASSLTAGGTDTQYF	1
CASSLTDNQPQHF	1
CASSLSLREETQYF	1
CASSLSPADTQYF	1
CASSLSIGTQYF	1
CASSLSGRASETQYF	1
CASSLRWTSGGPLNTGELFF	1
CASSLRRGGRTDTQYF	1
CASSLRGGGYGYTF	1
CASSLRGRGQGETQYF	1
CASSLRRGSNQPQHF	1
CASSLRQGYGYTF	1
CASSLKYEQFF	1
CASSLKRAWHEQFF	1
CASSLKASLGSYEQYF	1
CASSLKWRAGVEETQYF	1
CASSSLIYEQYF	1
CASSSWETRETQYF	1
CASSSPVQETQYF	1
CASSSVPFYEQYF	1
CASSSGTGAYEQYF	1
CASSSDGYTDTQYF	1
CASSSTRVGETQYF	1
CASSSTLSVRYF	1
CASSSTTPWGLSPQETQYF	1
CASSSLVVLWNEQFF	1
CASSSSGGGEQFF	1
CASSSSRTSYNEQFF	1
CASSSYEQYF	1
CASSSPFGGYNEQFF	1
CASSSPGPGGKNEQFF	1
CASSSPATRGLNYEQYF	1
CASSSPGRQETQYF	1
CASSSPRNPYEQYF	1
CASSSPGEWNGNQPQHF	1
CASSSRYQSSYGYTF	1
CASSSRLIPGELFF	1
CASSSQVAGVTDTQYF	1
CASSSQAGGPGGEQFF	1
CASSSQGYSYNEQFF	1
CASSSQGGNTEAFF	1
CASSSVSGEQFF	1
CASSSASRGGPRKFF	1
CASSSGTSGRAHEQYF	1
CASSSGTSDSYEQYF	1
CASSSGTNAYEQYF	1
CASSSGTSPEAQYF	1
CASSSGGQAQYF	1
CASSSDGGGLAGGSGELFF	1
CASSSTSGGALYEQYF	1
CASSSTDTQYF	1
CASSSNLVAGNFNEQFF	1
CASSSKRDWGYNEQFF	1
CASSSLRVPGELFF	1
CASSSYLNYEQYF	1
CASSSRPEGGGTEAFF	1
CASSSVPGGTYEQYF	1
CASSSGTDTQYF	1
CASSSGLEVFSGELFF	1
CASSSTPGTSGSYEQYF	1
CASSSTGLGQPQHF	1
CASSSTGGRNEQFF	1
CASSSSSGGAETQYF	1
CASSSSRDGESYNEQFF	1
CASSSRSYEQYF	1
CASSSYHEQFF	1
CASSSLTPRDGKNTQYF	1
CASSSAVRGWDTQYF	1
CASSSADRLRNEQFF	1
CASSSAGGLGGNTIYF	1
CASSSGTPGDEQYF	1
CASSSGQGGETQYF	1
CASSSGDEQFF	1
CASSSERGREQYF	1
CASSSIGNEQFF	1
CASSSRLAGGPNEQFF	1
CASSWSIVHGGITEAFF	1
CASSWSEKMFF	1
CASSWAEEETQYF	1
CASSWIPGVFGDQPQHF	1
CASSYFSGEETQYF	1
CASSYSDRGGSPLHF	1
CASSYPRYGYTF	1
CASSYVRGRDTEAFF	1
CASSYIGQQFF	1
CASSYSGSYEQYF	1
CASSYRSGETQYF	1
CASSYRGTLAKNIQYF	1
CASSYSSTFQETQYF	1
CASSYSSTSGWAYEQYF	1
CASSYSSRDEQFF	1
CASSYSRDRPTRIPYEQYF	1
CASSYSRTSAYEQYF	1
CASSYSGMGGYTF	1
CASSYSSTGDSYNEQFF	1
CASSYSWPGQQPQHF	1
CASSYSWQGANEQFF	1
CASSYSGRAGRYEQYF	1
CASSYSIGLYNEQFF	1
CASSYSIGLGQPQHF	1
CASSYSTMKLAGGYNEQFF	1
CASSYSTKAFNTQYF	1
CASSYSRSDEGFQETQYF	1
CASSYSRGGLWGYTF	1
CASSYSGQRSYEQYF	1
CASSYLTGAGNQPQHF	1
CASSYLSGETQYF	1
CASSYLDPGARYGYTF	1
CASSYPGPGGPVTDTQYF	1
CASSYRAGYEQYF	1
CASSYHTGSTRETQYF	1
CASSYQTSRAQYF	1
CASSYADNEQFF	1
CASSYGGQGYSYEQYF	1
CASSYGTGLYEQYF	1
CASSYGTGGTGETQYF	1
CASSYGQGPSPLHF	1
CASSYGAEGYEQYF	1
CASSYDDRGRGEQYF	1
CASSYDRVAKNIQYF	1
CASSYIPIAGKQETQYF	1
CASSYTSGRASEQFF	1
CASSYSPPAGGILTGELFF	1
CASSYKGEGRYNEQFF	1
CASSYKTGGSYEQYF	1
CASSLSSTDTQYF	1
CASSLRGLSDVYHEQFF	1
CASSLQVGPNGELFF	1
CASSLGLGASYEQYF	1
CASSLSGRTYNEQFF	1
CASSLGTEQYF	1
CASSLGRISYNEQFF	1
CASSLWGQRDEQYF	1
CASSLDSYEQYF	1
CASSLTGSGVNEQFF	1
CASSLSGRTYNEQFF	1
CASSLYGGRNEQYF	1
CASSLISASGRSDTQYF	1
CASSLTASFYQPQHF	1
CASSLRLEDTQYF	1
CASSPRSGYQETQYF	1
CASSPRTSGRADEQFF	1
CASSPQENEQFF	1
CASSPVGGALETQYF	1
CASSPTTGVGNEQYF	1
CASSPSLAHEQFF	1
CASSPSGGVATQYF	1
CASSPSGHSYEQYF	1
CASSPKGAGEREQYF	1
CASSPLGGLTWRNEQFF	1
CASSPSSSGRANTGELFF	1
CASSPSLNGEQFF	1
CASSPWGGGAFNEQFF	1
CASSPWDRRSDTGELFF	1
CASSPLLGGRSGELFF	1
CASSPLGQGNTDTQYF	1
CASSPPGPSYEQYF	1
CASSPRGVGTDTQYF	1
CASSPRGNANTGELFF	1
CASSPRDRRSPGELFF	1
CASSPREAGPLHEQYF	1
CASSPRTSGNYEQYF	1
CASSPRTRIDGLTSAYEQFF	1
CASSPRQGPNEKLFF	1
CASSPQGYGYTF	1
CASSPQTGGGLDGYTF	1
CASSPQMSRQPQHF	1
CASSPATSGISTDTQYF	1
CASSPGYGYTF	1
CASSPGSHYNEQFF	1
CASSPGVTGETQYF	1
CASSPGERVSQPQHF	1
CASSPGTSPNNEQFF	1
CASSPGTHGASQPQHF	1
CASSPGTLLYEQYF	1
CASSPGTGGETQYF	1
CASSPDSGLLWRETQYF	1
CASSPTSGSYEQYF	1
CASSPTRVPSYEQYF	1
CASSPTPATQTLQQFF	1
CASSPTGSKGYTF	1
CASSPRLAGAYEQYF	1
CASSPRPGLATDTQYF	1
CASSPSSGRYNEQFF	1
CASSPRDFGETQYF	1
CASSPGLAGVVQYF	1
CASSPGLAGVETQYF	1
CASSPDLTDTQYF	1
CASSPDGGRTFSFEQYF	1
CASSPTLGTGYNEQFF	1
CASSPTGGGYTF	1
CASSPTGGGNQPQHF	1
CASSPNVAGREQYF	1
CASSPSASGQAGADTQYF	1
CASSPGTSGDTNEQFF	1
CASSPISPLGGQETQYF	1
CASSRRDNQPQHF	1
CASSRPTSGREFSYEQYF	1
CASSRGTGGAGELFF	1
CASSRGHLFGTDTQYF	1
CASSRGQVGDYEQYF	1
CASSRTGGIGELFF	1
CASSRLQGRKQYF	1
CASSRDSSYEKYF	1
CASSRDRPPYEQYF	1
CASSRTGGGEQYF	1
CASSRPGPLTNEQFF	1
CASSRVYEKLFF	1
CASSRGQKKFF	1
CASSHSGSSGEQYF	1
CASSHGTTYEQYF	1
CASSHEASGSGWGETQYF	1
CASSHTGLAGDYEQYF	1
CASSQPGWGGRTQYF	1
CASSQRGGDRPYEQYF	1
CASSVGGGRGYTF	1
CASSVGDYEQYF	1
CASSVPGQGYEQYF	1
CASSVGLAGWSGNEQFF	1
CASSVTGSSYEQYF	1
CASSVTGYEQYF	1
CASSVSALTYEQYF	1
CASSVAVWDTDTQYF	1
CASSVTGAGTGELFF	1
CASSAQLKNEQFF	1
CASSATYGTGPFF	1
CASSAPGETQYF	1
CASSAPGQGAEKLFF	1
CASSAVLGTGELFF	1
CASSAAAGSPGQNIQYF	1
CASSAIPGLGAEQYF	1
CASSAGSNQPQHF	1
CASSATGAWDQPQHF	1
CASSARSREGTDTQYF	1
CASSGRNRDRGWLSYNEQFF	1
CASSGSYSYEQYF	1
CASSGSPEDYNEQFF	1
CASSGSGTRWNEQYF	1
CASSGQGANSPLHF	1
CASSGGLKSPYEQYF	1
CASSGTSGIYEQYF	1
CASSGPTSYEQYF	1
CASSGAGVSFFNEQFF	1
CASSDWDQGQQDF	1
CASSDPGQGAIGSYNEQFF	1
CASSDTTGFEKLFF	1
CASSDNREEPQHF	1
CASSDLHLRGGPSYEQYF	1
CASSDRGGQPDEQFF	1
CASSDRGGLNSPLHF	1
CASSDQRNYGYTF	1
CASSDARKNTGELFF	1
CASSDGVAGSYNEQFF	1
CASSDGTAEQYF	1
CASSDEGVQETQYF	1
CASSDSYNEQFF	1
CASSELGTGVVQYF	1
CASSERGRNNEQFF	1
CASSETGPSLAKNIQYF	1
CASSERRLAEEQYF	1
CASSENGTSGRIDTQYF	1
CASSEFLGGNQPQHF	1
CASSESQGSYEQYF	1
CASSESGSTDTQYF	1
CASSEWAGGSEQYF	1
CASSEWAGNWDTEAFF	1
CASSEWGAEVSQETQYF	1
CASSEYSGSTGNNEQFF	1
CASSELGEQFF	1
CASSEPREGGYGYTF	1
CASSEQGDHEQYF	1
CASSEQFQETQYF	1
CASSEVGRGHNEQFF	1
CASSEVYRSFNQPQHF	1
CASSEAGAAIFYEQYF	1
CASSEAGGKETQYF	1
CASSEALGQSYEQYF	1
CASSEAPFLRENGAWQYF	1
CASSEARTSGGYFGTDTQYF	1
CASSEAATGELFF	1
CASSEGNRARDGYTF	1
CASSEGVRRTDTQYF	1
CASSEDWAAYEQYF	1
CASSETGSSYEQYF	1
CASSESGRGADTQYF	1
CASSERPDSYNEQFF	1
CASSILATDTQYF	1
CASSIGTGGYGYTF	1
CASSITDTQYF	1
CASSMLAGGPGNEQFF	1
CASSILAGGPNEQFF	1
CASSITGTAEQYF	1
CASSITDTQYF	1
CASSISGEQYF	1
CASSTTYRDNEQFF	1
CASSTSGRSTGELFF	1
CASSTGTSGGKTQYF	1
CASSTGTGFYEQYF	1
CASSTTLGGGLSSYNEQFF	1
CASSTPIRTARGTQYF	1
CASSTDRGPDYYSNQPQHF	1
CASSTTGGQETQYF	1
CASSSSGRGNEQFF	1
CASSRQGDYEQYF	1
CASSREIHANTGELFF	1
CASSRTRTGGFYEQYF	1
CASSNDRAYEQYF	1
CASSNRTGRYQPQHF	1
CASSNGPNTGELFF	1
CASSKATLNTGELFF	1
CASSKLTGVGPRFQSHNEQFF	1
CASSFFLNRVGNEQFF	1
CASSFLGEGLDEQYF	1
CASSFSGTKPYEQYF	1
CASSFSNRGPYNEQFF	1
CASSFSALAGSVGEQFF	1
CASSFSSVYEQYF	1
CASSFLADRGPHNEQFF	1
CASSFPGLASYNEQFF	1
CASSFRIYEQYF	1
CASSFQGADTQYF	1
CASSFQGRLAKNIQYF	1
CASSFARGAADTQYF	1
CASSFGLGSEAFF	1
CASSFGLAGVYEQYF	1
CASSFGLAERETQYF	1
CASSFGQGAYEQYF	1
CASSFGTVSSYNEQFF	1
CASSFGLAGGDGETQYF	1
CASSFERGGYTF	1
CASSFIGGTHEQYF	1
CASSFTSVNTGELFF	1
CASSFTAQGNNEQFF	1
CASSFTSGKETQYF	1
CASSFTRQGNVEQYF	1
CASSFSWNTEAFF	1
CASSFSGRRGLETQYF	1
CASSFRSSGRDTDTQYF	1
CASSFRSGTDNEQFF	1
CASSFNNEQFF	1
CASSFSKTGSHEQYF	1
CASSFSGAHQETQYF	1
CASSFWGEETQYF	1
CASSFPSDSSYEQYF	1
CASSFPRGLAGGEQYF	1
CASSFPAGSGYNEQFF	1
CASSFRGTSTDTQYF	1
CASSFRDMNTEAFF	1
CASSFRDRSYNEQFF	1
CASSFVPETQYF	1
CASSFVVGEQYF	1
CASSFAGQGVPGNTIYF	1
CASSFGTASYEQYF	1
CASSFGTGGTDTQYF	1
CASSFGPTGRIQETQYF	1
CASSFDGPIDTQYF	1
CASSFTSGSEQYF	1
CASSFTTYRDEQYF	1
CASSFNPQGNTGELFF	1
CASSLLDAAFF	1
CASSLWDNEQYF	1
CASSLWRYQETQYF	1
CASSLYVEETQYF	1
CASSLLAGMHEQFF	1
CASSLPGDRNTIYF	1
CASSLQGDEQYF	1
CASSLQLAGGFGSYNEQFF	1
CASSLVRMGQLRKVSYNEQFF	1
CASSLVDNEQFF	1
CASSLVTVPYYGYTF	1
CASSLVTGVSYNEQFF	1
CASSLAHSLPYEQYF	1
CASSLAYPSETQYF	1
CASSLAVRGGKLYEQYF	1
CASSLAGGGGSIFEQYF	1
CASSLAEWTYPREQYF	1
CASSLAGGPDTQYF	1
CASSLAGDNGELFF	1
CASSLGNYEQYF	1
CASSLGLETQYF	1
CASSLGYEQYF	1
CASSLGTSGTYEQYF	1
CASSLGTGELFF	1
CASSLGKYEQYF	1
CASSLGLAAGVGETQYF	1
CASSLGRGANEQFF	1
CASSLGHRREQYF	1
CASSLGQGNHHIQYF	1
CASSLGKDGFEGPQHF	1
CASSLDLAGGPFMNEQFF	1
CASSLDPSSYNEQFF	1
CASSLDSTSTDTQYF	1
CASSLDRHGYTF	1
CASSLMLRGLASAEQYF	1
CASSLMQGLQETQYF	1
CASSLTSGGAYEQYF	1
CASSLTGGRQETQYF	1
CASSLSREGDEQYF	1
CASSLRTGTYEQYF	1
CASSLLAGLTYNEQFF	1
CASSLSRGSTDTQYF	1
CASSLSGGGYRGTQYF	1
CASSLSGGIAGQETQYF	1
CASSLWPGASGGRYYEQYF	1
CASSLWAYNEQFF	1
CASSLYGPYNEQFF	1
CASSLYGYSGGAVDEQFF	1
CASSLYNEQFF	1
CASSLLPGGDTDTQYF	1
CASSLLGTNNSPLHF	1
CASSLLAGAYNEQFF	1
CASSLPVGRHLEQYF	1
CASSLPGGQGASYEQYF	1
CASSLPKSGAEGNEQFF	1
CASSLPGATTGNEQFF	1
CASSLPGLAGNEQFF	1
CASSLRAGGRFNEQFF	1
CASSLRGSGGAINEQFF	1
CASSLRDREPETQYF	1
CASSLRELALETQYF	1
CASSLHPGLQTYEQFF	1
CASSLQRAGGGPNEQFF	1
CASSLQGTLRARSNQPQHF	1
CASSLQGSYEQYF	1
CASSLQGSDEQYF	1
CASSLQGQSLYEQYF	1
CASSLVSIETQYF	1
CASSLVPEETQYF	1
CASSLVPRDTNQETQYF	1
CASSLVVAGGYEQYF	1
CASSLVASTADTQYF	1
CASSLVKLVRGPDNEQFF	1
CASSLVRGFSPNEQFF	1
CASSLVQGLGEQYF	1
CASSLVARPSFYNEQFF	1
CASSLVTGTGGYNEQFF	1
CASSLVSGYYNEQFF	1
CASSLVLAGGARADTQYF	1
CASSLVAGGTDTQYF	1
CASSLAVSVGYTF	1
CASSLASGGRYYEQYF	1
CASSLAPRETYEQYF	1
CASSLAPGGEQYF	1
CASSLATGARDNEQFF	1
CASSLALGWNEQFF	1
CASSLAPDSLIIADTQYF	1
CASSLARLLSTENSPLHF	1
CASSLARRGRETQYF	1
CASSLARTGAPYNEQFF	1
CASSLAHRQSRYF	1
CASSLAVWSGDREGDGYTF	1
CASSLAVQGRGGTQYF	1
CASSLAAGLQETQYF	1
CASSLAAGGTEQYF	1
CASSLAGTTDTQYF	1
CASSLARGRTDTQYF	1
CASSLAAGMTYEQYF	1
CASSLGFPRRIVYASGEQYF	1
CASSLGSTGTDTQYF	1
CASSLGYGTGYEQYF	1
CASSLGVGGDRAYNEQFF	1
CASSLGVNYGYTF	1
CASSLGADEQFF	1
CASSLGGVLSYNEQFF	1
CASSLGPLAGDTQYF	1
CASSLGPGGTSPLHF	1
CASSLGRWGEGETQYF	1
CASSLGQGNEKLFF	1
CASSLGVANNEQFF	1
CASSLGASGGSYNEQFF	1
CASSLGGHRAFLQPQHF	1
CASSLGGSGTDTQYF	1
CASSLGGEETQYF	1
CASSLGGMNEQFF	1
CASSLGGYSYEQYF	1
CASSLGGLAGAKNIQYF	1
CASSLGTDTQYF	1
CASSLGTDKNIQYF	1
CASSLGRLAGTQYF	1
CASSLGKRGDYEQYF	1
CASSLGLGSGSSYNEQFF	1
CASSLGLAGDNSLFF	1
CASSLGLAGRIPGYNEQFF	1
CASSLGGYTGELFF	1
CASSLGDTGYEQYF	1
CASSLGEQFF	1
CASSLGEGERAYNEQFF	1
CASSLGTGYTDTQYF	1
CASSLDFTGDVDTQYF	1
CASSLDLANYEQYF	1
CASSLDAWTAYYEQYF	1
CASSLDARGPYEQYF	1
CASSLDGGLGREQFF	1
CASSLDMGSYEQYF	1
CASSLDMGGAGYGYTF	1
CASSLDSRAYGYTF	1
CASSLDGGISYEQYF	1
CASSLDRGGPYEQYF	1
CASSLEFNSYNEQFF	1
CASSLEHSPDNEQFF	1
CASSLEGKGRALSYEQYF	1
CASSLEGVVNEQFF	1
CASSLEESAYVGTDTQYF	1
CASSLEGTVVMGYGYTF	1
CASSLISGTGELFF	1
CASSLIRDGGNEQFF	1
CASSLMAAAYEQYF	1
CASSLMGQRTDTQYF	1
CASSLTLAGGHTPRYEQYF	1
CASSLTLIPQHNEQFF	1
CASSLTDNEQFF	1
CASSLTEQGNGGYTF	1
CASSLTSLADTQYF	1
CASSLTGTSSYNEQFF	1
CASSLSFRGTVLYEQYF	1
CASSLSGSSYNEQFF	1
CASSLSGSTDTQYF	1
CASSLSGNAHEQYF	1
CASSLRLGANTGELFF	1
CASSLRTSYQETQYF	1
CASSLRTGGRLENGYEQFF	1
CASSLRVRGSEQYF	1
CASSLRAGGYNEQFF	1
CASSLNRYEQYF	1
CASSLNASPLLAGVPETQYF	1
CASSLKRDSYEQYF	1
CASSSSSGPTVDTQYF	1
CASSSLAGTDTQYF	1
CASSSPPRDQYF	1
CASSSPGLAGGQRERETQYF	1
CASSSPWDEQFF	1
CASSSARGYYEQYF	1
CASSSGGTSRGGENEQFF	1
CASSSDEHPSTDTQYF	1
CASSSDTSTDTQYF	1
CASSSEGRGTDTQYF	1
CASSSRTGPKDEQYF	1
CASSSSSGGDYYNEQFF	1
CASSSSSGSWTDTQYF	1
CASSSLGGPMGIGTGELFF	1
CASSSPRGPFTDTQYF	1
CASSSPALGVNTGELFF	1
CASSSPGTGSNQPQHF	1
CASSSPGISYEQYF	1
CASSSRGGQNYEQYF	1
CASSSRDGVWGEQYF	1
CASSSRDRGLYEQYF	1
CASSSRSGTYEQYF	1
CASSSRRAVTNTGELFF	1
CASSSRRRTGLRDEQYF	1
CASSSHNEQFF	1
CASSSQGNTGELFF	1
CASSSQGGSSYNEQFF	1
CASSSVTLYGETQYF	1
CASSSAWQETQYF	1
CASSSGVPDTQYF	1
CASSSGTRGTNEQFF	1
CASSSGTENTGELFF	1
CASSSGTGVPYTEAFF	1
CASSSGQIPRAKNIQYF	1
CASSSISGGQHEQFF	1
CASSSTSGGYEQYF	1
CASSSTQGWGYTF	1
CASSSTGQGEELFF	1
CASSSTGPTTRNEQFF	1
CASSSSPREQYF	1
CASSSRTGNTGELFF	1
CASSSNRLEHTDTQYF	1
CASSSSGRDRLQYF	1
CASSSPLLVGHNEQFF	1
CASSSPGQGVLETQYF	1
CASSSVGFTDTQYF	1
CASSSGGYGTDTQYF	1
CASSSDSHNEQFF	1
CASSSLLGTDTQYF	1
CASSSAGVGEQFF	1
CASSSGYEQYF	1
CASSSGLAGGLHNEQFF	1
CASSSGLAGKEGEETQYF	1
CASSWGGWDEQFF	1
CASSWGTSGRKNEQFF	1
CASSWGLQLNEQFF	1
CASSWDRYKTYNEQFF	1
CASSWTSGQETQYF	1
CASSWTGDNQPQHF	1
CASSWKTSGKMQSYEQYF	1
CASSYLGGDNNREQFF	1
CASSYLFRDEQFF	1
CASSYGRGLAGVETQYF	1
CASSYSGRGEQFF	1
CASSYRDGGSYEQYF	1
CASSYSGTGVYNEQFF	1
CASSYQPQGETQYF	1
CASSYEETQYF	1
CASSYSPIEQYF	1
CASSYRVAGELFF	1
CASSYRGRVGETQYF	1
CASSLSHLSGRGSDTQYF	1
CASSLSDSSTGELFF	1
CASSLWVAGGNEQFF	1
CASSLLTGTGRETQYF	1
CASSLLIFFSGSSYNEQFF	1
CASSLVGGSVRWDTGELFF	1
CASSLGTSYEQYF	1
CASSLELSTDTQYF	1
CASSLSSGRAFLETQYF	1
CASSLNRGQNLYEQYF	1
CASSLLRETQYF	1
CASSLGGRSYEQYF	1
CASSLGTSGTYEQYF	1
CASSLGTATDEQYF	1
CASSLDGKPNEKLFF	1
CASSLEGGRSNEQFF	1
CASSLTSGRAANEQFF	1
CASSLAGPNYEQYF	1
CASSLGALRADTQYF	1
CASSLGEPSYNEQFF	1
CASSLGQGNLRETQYF	1
CASSLDIVFPGELFF	1
CASSLTQNLAGGPYEQFF	1
CASSLRRTDSSYNEQFF	1
CASSLKHSLATDTQYF	1
CASSLLAPPGGEQFF	1
CASSLPDRTYEQYF	1
CASSLGAGGPNEQFF	1
CASSLGTAYEQYF	1
CASSLSRAGGTYEQYF	1
CASSLRLGYNEQFF	1
CASSPFSGDRADEQYF	1
CASSPSLPEQYF	1
CASSPSGLRNIQYF	1
CASSPSRLAGRDEQFF	1
CASSPPDGRAYNEQFF	1
CASSPPDGSYNEQFF	1
CASSPRTSGVSTDTQYF	1
CASSPVGEGAYNEQFF	1
CASSPGTLNTGELFF	1
CASSPGIGTSYHEQFF	1
CASSPRGPNFYEQYF	1
CASSPLGGNSYEQYF	1
CASSPSLGQSNGELFF	1
CASSPSGYQETQYF	1
CASSPSGRPLSTDTQYF	1
CASSPWGQGWDHSSYEQFF	1
CASSPWDSYNEQFF	1
CASSPYRTGSYEQYF	1
CASSPLVGGVELFF	1
CASSPLVSEVTDTQYF	1
CASSPPPGTSGRYEQYF	1
CASSPPWTENNEQFF	1
CASSPPLAGLNNEQFF	1
CASSPPGTGYYEQYF	1
CASSPPGGGYEQYF	1
CASSPPGQGYSGTEAFF	1
CASSPPGAGDTGELFF	1
CASSPRWGTSGTYEQYF	1
CASSPRSGVDETQYF	1
CASSPRPGGDTQYF	1
CASSPRGNGDNEQFF	1
CASSPRDRASLTQYF	1
CASSPRPLAGEPPWKFF	1
CASSPRALPGTGDTQYF	1
CASSPHSGGLWLDTF	1
CASSPQGGAQETQYF	1
CASSPQSVLPTGWETQYF	1
CASSPQGSNFYGYTF	1
CASSPAGTTNIQYF	1
CASSPADTGELFF	1
CASSPGRAGRTGELFF	1
CASSPGRTSVGDTQYF	1
CASSPGLVGILSVDTQYF	1
CASSPGAPGELFF	1
CASSPGTSGSNEQFF	1
CASSPGTVYEQYF	1
CASSPGTAQETQYF	1
CASSPGRGGELFF	1
CASSPGGGYNEQFF	1
CASSPDSDQTQYF	1
CASSPDRAYEQYF	1
CASSPEWTQYF	1
CASSPSTDTQYF	1
CASSPRPQGRDEQFF	1
CASSPRQGSYNEQFF	1
CASSPKDEQFF	1
CASSPWTSGSYNEQFF	1
CASSPLTSSGFTDTQYF	1
CASSPPRGGLGEQYF	1
CASSPRTAGDTQYF	1
CASSPRGRTYEQYF	1
CASSPGHFAAYEQYF	1
CASSPGFEEGNF	1
CASSPGGQFTDTQYF	1
CASSPGDRGGPWGSGNTIYF	1
CASSPGPPNEQFF	1
CASSPGQQETQYF	1
CASSPGQARTDTQYF	1
CASSPDVADEQFF	1
CASSPDTTNQPQHF	1
CASSPDRGHNSPLHF	1
CASSPIGLNTGELFF	1
CASSPTVRDYEQYF	1
CASSPTNSGRDEQYF	1
CASSPTNSYEQYF	1
CASSPTLKPYEQYF	1
CASSPTGFSNQPQHF	1
CASSPTGGFPSGELFF	1
CASSPTEPRADTQYF	1
CASSPSLTDTYEQYF	1
CASSPRTASGRALRTDTQYF	1
CASSPNKGNSNSPLHF	1
CASSPLYNEQFF	1
CASSPPGPRPYNEQFF	1
CASSPRGQETQYF	1
CASSPVRDSGLAGSTDTQYF	1
CASSPATSGGYEQYF	1
CASSPGYNEQFF	1
CASSPGRGVRYNEQFF	1
CASSPGGARLNEQFF	1
CASSPGTSGGVGELFF	1
CASSPGNNEQFF	1
CASSPGLVGYEQFF	1
CASSPGLAGGYPSTDTQYF	1
CASSPGLGENYNEQFF	1
CASSPGGTNTGELFF	1
CASSPDEDTQYF	1
CASSPIGTSRYNEQFF	1
CASSPTTGSPTSYNEQFF	1
CASSPTPGGPYEQYF	1
CASSPTTGPNTGELFF	1
CASSPTGVEQYF	1
CASSPSGKRDYEQYF	1
CASSRFAPGQGGHEQYF	1
CASSRLGVYSYEQYF	1
CASSRLSRDRVDEQYF	1
CASSRPFGAVSYNEQFF	1
CASSRRGGAYEQYF	1
CASSRIERETQYF	1
CASSRTGEVSSETQYF	1
CASSRLPGGLSYNEQFF	1
CASSRSFPGDNEQFF	1
CASSRWRGQSIYEQYF	1
CASSRYGFSSYNSPLHF	1
CASSRLSGTSYEQYF	1
CASSRPSANNEQFF	1
CASSRRDSYTGELFF	1
CASSRGGTQYF	1
CASSRGLWEKTQYF	1
CASSRIILGAKAFIQYF	1
CASSRTSMQGTDTQYF	1
CASSRSRRLSYNEQFF	1
CASSRPQGIGQYF	1
CASSRASPETQYF	1
CASSRASHGDTQYF	1
CASSRGPGREQFF	1
CASSRGGLAGEYEQFF	1
CASSRDRGSETQYF	1
CASSRDRDIYEQYF	1
CASSRDRSSTDTQYF	1
CASSRTSSGEQFF	1
CASSRTRKKGQGLGEQFF	1
CASSRKGTSDPEQFF	1
CASSRLGGSGSGNGELFF	1
CASSRPEVDYGYTF	1
CASSRAPGGIYNEQFF	1
CASSRAADVSQETQYF	1
CASSRGTGNVEAFF	1
CASSRDYLPTDTQYF	1
CASSRTRGGRGHEQFF	1
CASSHFGAPLHF	1
CASSHQDRGPYEQYF	1
CASSHQDTQYF	1
CASSHGDLGGYEQFF	1
CASSHEITAGTYNEQFF	1
CASSHIVNEQFF	1
CASSHTIGQGANEQYF	1
CASSHTLAGAGDTQYF	1
CASSHSYEQYF	1
CASSHLGAGIQETQYF	1
CASSHPRASGSSGQFF	1
CASSHRQGDTDTQYF	1
CASSHGGPGGYNEQFF	1
CASSHGDRDEQYF	1
CASSHGGTGTYNEQFF	1
CASSHDRDEQYF	1
CASSHRAGYSPLHF	1
CASSHRLGGYNEQFF	1
CASSQLATQDTQYF	1
CASSQAVGLEQETQYF	1
CASSQAGLFPPGELFF	1
CASSQDFWGPNTEAFF	1
CASSQEATGTLTADTQYF	1
CASSQTGNYGYTF	1
CASSQSGGGLTYGYTF	1
CASSQREQFF	1
CASSQKRGSYNEQFF	1
CASSQLSQPQHF	1
CASSQLDRFSEQYF	1
CASSQQGRTYEQYF	1
CASSQQLQGSEQYF	1
CASSQQLVHQETQYF	1
CASSQVIAGGDTQYF	1
CASSQVTGWRETQYF	1
CASSQVQGLRVGYTF	1
CASSQAEGRKDTQYF	1
CASSQARVGRIMNTEAFF	1
CASSQARLAGLTDTQYF	1
CASSQAGPPRKYF	1
CASSQARPTGRETQYF	1
CASSQGSGGDNEQFF	1
CASSQGFGQSSYEQYF	1
CASSQGYDTQYF	1
CASSQGRDLPTGELFF	1
CASSQGGLNTGELFF	1
CASSQGGQNYTF	1
CASSQGTSGRAKQFF	1
CASSQGKPGDTEAFF	1
CASSQGLAGLYEQYF	1
CASSQDLAGGTGELFF	1
CASSQDPAYYEQYF	1
CASSQDPSGPYNEQFF	1
CASSQDPRTESYNEQFF	1
CASSQDRAPSPYSPLHF	1
CASSQDRSPAGNTIYF	1
CASSQDRGGQETQYF	1
CASSQDREGGPLHF	1
CASSQDHETPLNTGELFF	1
CASSQDEGFQETQYF	1
CASSQDTVGSYEQYF	1
CASSQDNTVRNEQFF	1
CASSQDWAGTYEQYF	1
CASSQDWGTGYGYTF	1
CASSQDPWASGRAGQETQYF	1
CASSQDMFAREFYGYTF	1
CASSQDRGEQFF	1
CASSQEPISASTDTQYF	1
CASSQEGGSYEQYF	1
CASSQEIAGGGLNEQFF	1
CASSQELAGYTDTQYF	1
CASSQERIAGGLSSYEQYF	1
CASSQEQGIPVVTQYF	1
CASSQEAGGYSYNEQFF	1
CASSQEGEGTVETQYF	1
CASSQENWGETQYF	1
CASSQENEGDGNTIYF	1
CASSQINEQFF	1
CASSQTGLVTYYEQYF	1
CASSQTTPAQGYTF	1
CASSQTGRSFNEQFF	1
CASSQSGRASEQYF	1
CASSQRDRGNNEQFF	1
CASSQNPSETNEQFF	1
CASSVSGTALGNSPLHF	1
CASSVPRDPPDPLYQETQYF	1
CASSVTGVAFF	1
CASSVLREAGELFF	1
CASSVGGAYNEQFF	1
CASSVGDRGPYEQYF	1
CASSVDGLNDKGVGAFF	1
CASSVTGRKAYNEQFF	1
CASSVVEGYTF	1
CASSVAGTSGTGADTQYF	1
CASSVGQYNEQFF	1
CASSVGDTQYF	1
CASSVDLGGSYEQYF	1
CASSVIGTDQETQYF	1
CASSVLSGLTGYTF	1
CASSVYGSGYEQYF	1
CASSVHPGLAGELFF	1
CASSVQGRYNEQFF	1
CASSVGFEETQYF	1
CASSVEVRVAGHNEQFF	1
CASSVETPGPGIQETQYF	1
CASSARLARYGEQFF	1
CASSASGTPHNEQFF	1
CASSALDRPPYGYTF	1
CASSALGQGSANNEQFF	1
CASSAPQGGRGEYYNEQFF	1
CASSAPGAGGNTEAFF	1
CASSARTGDSYEQYF	1
CASSAQSGPYNEQFF	1
CASSAQTGGAGNEQFF	1
CASSAMDRDQPQHF	1
CASSATSRNEQYF	1
CASSATPAYEQYF	1
CASSANRQAGTDTQYF	1
CASSALGGEANEQFF	1
CASSAGTGYNQPQHF	1
CASSAGQGGETQYF	1
CASSADSYYEQYF	1
CASSADRGRPEQYF	1
CASSATSGRVYNEQFF	1
CASSALAGADTQYF	1
CASSAGLYEQYF	1
CASSARPQGPDTQYF	1
CASSGSAKQFF	1
CASSGPSGKQGDTQYF	1
CASSGQNTGTSGYNEQFF	1
CASSGGGYEQYF	1
CASSGGRASTDTQYF	1
CASSGGQGAGTGELFF	1
CASSGLDEQFF	1
CASSGWDSTDTQYF	1
CASSGVARGQSYEQYF	1
CASSGGGGGTGELFF	1
CASSGGDEQYF	1
CASSGLGAGAYNTGELFF	1
CASSGQGLTDTQYF	1
CASSGQGAAETQYF	1
CASSGQLRNIQYF	1
CASSDSGKPYGYTF	1
CASSDQGARQPQHF	1
CASSDGTKETQYF	1
CASSDDRPSSYNEQFF	1
CASSDTSGTLLEQFF	1
CASSDRVLDEQFF	1
CASSEGQSIPLAKNIQYF	1
CASSENRAGETQYF	1
CASSESLAGDSNEQFF	1
CASSEHRETESYNEQFF	1
CASSETGDTEAFF	1
CASSEKRGGATDTQYF	1
CASSIVQGVKIFNEQFF	1
CASSIGGDTQYF	1
CASSITGGFNTGELFF	1
CASSIQVSEQYF	1
CASSITGQAISYEQYF	1
CASSTLSGGYNEQFF	1
CASSTGQTTYEQYF	1
CASSTRDPTWGGQHF	1
CASSTFSYNEQFF	1
CASSTPMRGGRAVNEQFF	1
CASSTRTGHIKTNEQFF	1
CASSTVPGRRVRGSEQYF	1
CASSTTIPGPPVKKDEQFF	1
CASSTSPGLAGEGYF	1
CASSTRVRLSTGELFF	1
CASSTRGRDWNEQFF	1
CASSTRQGNEQFF	1
CASSTGTSGLNEQFF	1
CASSTGPQSYNEQFF	1
CASSTRPGLAGVPNTGELFF	1
CASSTQGNEQYF	1
CASSTGLAGETQYF	1
CASSTRGLALNEQFF	1
CASSSRTRTSGHTDTQYF	1
CASSSSSRLAGDTGELFF	1
CASSSRLAGAKETQYF	1
CASSSQGAYEQYF	1
CASSRPGQVFTDTQYF	1
CASSRATGRSSYNEQFF	1
CASSRGVNTGELFF	1
CASSRGRFSTDTQYF	1
CASSRTGDSAYEQYF	1
CASSNGLAGLHNEQFF	1
CASSNSGEIGGEQFF	1
CASSNLLAGGNEQFF	1
CASSNLAGDLANEQFF	1
CASSNQAESRDTQYF	1
CASSNGLAGSYEQYF	1
CASSNRRASDTDTQYF	1
CASSNRGSVYEQYF	1
CASSKPSGRPYEQYF	1
CASSKQAADKQETQYF	1
CASSKVFQGWGYTF	1
CASSKVERETQYF	1
CASSKAPRTSGIRYEQYF	1
CASSKGVGPKTPPLHF	1
CASSKDRGQYEQYF	1
CASSKDGGSISYNEQFF	1
CASRLGQGASPLHF	1
CASRSGPKEFF	1
CASRSGTSRLWELFF	1
CASRSGGRKNEQFF	1
CASRLGQGPYEQYF	1
CASRLSGFQGYNEQFF	1
CASRPSAGPTNEQFF	1
CASRPKIAGGETQYF	1
CASRPPGGQETQYF	1
CASRPGQGTLVYEKLFF	1
CASRRLAGGPGNEQFF	1
CASRRQGAGADTQYF	1
CASRRRQETQYF	1
CASRQTGLAGYNEQFF	1
CASRVVDNEQFF	1
CASRASGDTQYF	1
CASRAGTGASYEQYF	1
CASRAEDREDTGELFF	1
CASRALVGLASGELFF	1
CASRADYMGVRYEQYF	1
CASRGQRTGGVDEQFF	1
CASRGAFRTNGQETQYF	1
CASRGTSGVPVNEQFF	1
CASRGQLNTEAFF	1
CASRGTVPEETQYF	1
CASRGTGADYEQYF	1
CASRDGYTF	1
CASRDWTGRYEQYF	1
CASRDGSTDTQYF	1
CASRDGTSGGELFF	1
CASRTSGRAAGELFF	1
CASRTADSLPYEQYF	1
CASRTGTAYNSPLHF	1
CASRRSVGGLASSTDTQYF	1
CASRRLNNEQFF	1
CASRRGQETQYF	1
CASRKGVETQYF	1
CASRLGAGETQYF	1
CASRLGLAGEVFF	1
CASRLQIDGYTF	1
CASRPRQAGLAGGHSYNEQFF	1
CASRPTGFSYNEQFF	1
CASRPRPGTTRDTQYF	1
CASRPVGQGYGYTF	1
CASRPGTSGETQYF	1
CASRPGTGVTDTQYF	1
CASRPISGSQFHF	1
CASRPDSSFGHLTYEQYF	1
CASRPQPSNQPQHF	1
CASRPTGPSNQPQHF	1
CASRPRPSGTEYNEQFF	1
CASRRGRGEGALSGNEQFF	1
CASRRTSNEQFF	1
CASRRTAVETQYF	1
CASRRINEQFF	1
CASRHDRGRRVGYEQYF	1
CASRQGADGYTF	1
CASRVRFYLYNEQFF	1
CASRVDRGYGYTF	1
CASRAGTIYEQYF	1
CASRGPYEQYF	1
CASRGSTGELFF	1
CASRGWSYNEQFF	1
CASRGTSSLSSYNEQFF	1
CASRGTSGNTGELFF	1
CASRGQGAYEQYF	1
CASRETGILHNEQFF	1
CASREAGGPPYQYF	1
CASREDRGLLYEQYF	1
CASRESGTSVYEQYF	1
CASRMGQGNEKLFF	1
CASRIAGVDAYEQYF	1
CASRIGAGGNQPQHF	1
CASRTRDRGGLSNQPQHF	1
CASRTGGEGYEQYF	1
CASRTGGTSEQFF	1
CASRTQDSNQPQHF	1
CASRTSGRRANEQFF	1
CASRRTRISYEQYF	1
CASRRGQGRPYEQYF	1
CASRNYNSPLHF	1
CASRNLGLLNTEAFF	1
CASRKSGRYQETQYF	1
CASNSLERDRGKEQYF	1
CASNGGVAANSYEQYF	1
CASNKGRGYLQETQYF	1
CASNFEEGSTQYF	1
CASNLAGQGSKVEQFF	1
CASNWDGRASGSIHEQYF	1
CASNYNPDGETRQETQYF	1
CASNPGTGGDTQYF	1
CASNRDSLTDTQYF	1
CASNQGASKNIQYF	1
CASNVLGQPYNEQFF	1
CASNGGAFCEQYF	1
CASNSLAGTWDTQYF	1
CASNRGREYNEQFF	1
CASNNRVGTSGGVSSYNEQFF	1
CASNKGGEETQYF	1
CASKPGYSYNEQFF	1
CASKDDRGSVSNQPQHF	1
CASKTGGGETQYF	1
CASKSDKSYEQYF	1
CASKPQRHGETQYF	1
CASKPGGAINEQFF	1
CASKPGQWGPEQFF	1
CASKTGTGFSDREQYF	1
CASKNAGVTGEQFF	1
CASKNALDGTDTQYF	1
CARTSGGASTDTQYF	1
CARSRSGPLGTQYF	1
CANRRGGSYNEQFF	1
CANIGTSGEQYF	1
CASRPTAGNTEAFF	1
CAGEPSTRTGGGEQYF	1
CATYEGASTDTQYF	1
CATRSEGGTDTQYF	1
CASRLAGGSYEQYF	1
CASFLGPSSYNEQFF	1
CASSPYRVVNTGELFF	1
CASWREGSSYNEQFF	1
CASYRTGSNQNEQFF	1
CASPLTGRLYEQYF	1
CASRGETVLLDNEQFF	1
CASRPGRRNTEAFF	1
CASRDDGTDTQYF	1
CASHEPPAYEQYF	1
CASARGLADLYTGELFF	1
CASGSRRDTGTGEQYF	1
CASGKGLAGDYEQYF	1
CASGDRGYNEQFF	1
CASGSGRRYEQYF	1
CASGQGSGGSYNEQFF	1
CASEQAGSYNEQFF	1
CASTSDRAELAGYTF	1
CASTLTGSYNEQFF	1
CASTPTAGGLNEQFF	1
CASTPGRGRSYEQYF	1
CASTTGSFRDEQFF	1
CASTPRGGTPDTQYF	1
CASTETGSNDEQYF	1
CASTELAGGTVNEQFF	1
CASTTGTGGYEQYF	1
CASSLSPGTANYGYTF	1
CASSSGTGSQHNEQFF	1
CASSWGGANEQFF	1
CASSWTGFSYEQYF	1
CASSYPDMGKNIQYF	1
CASSPIPRGSEINEQFF	1
CASSPRGDVYEQYF	1
CASSPGQGYYEQYF	1
CASSRSTDTQYF	1
CASSRDSPHEQYF	1
CASSQGREVDEQYF	1
CASSQSPGTSSYEQYF	1
CASSQGDREYDEQFF	1
CASSVSGTGSYEQYF	1
CASSVVGVPYEQYF	1
CASSVMKETQYF	1
CASSDPALRETQYF	1
CASSESHGDPETQYF	1
CASSEGFGGNYNEQFF	1
CASSEGGPAYEQYF	1
CASSRRQLDDIQYF	1
CASSRTAINSNTGELFF	1
CASSFSRATTGELFF	1
CASSFCWKGVCADTQYF	1
CASSFWTSGRRDEQFF	1
CASSFYLAGYEQYF	1
CASSFLAGGQSSYNEQFF	1
CASSFPEITGELFF	1
CASSFVGSYEQYF	1
CASSFAQGSGELFF	1
CASSFGGDTYYNEQFF	1
CASSFGQTEQYF	1
CASSFGHTGELFF	1
CASSFEGAIYEQYF	1
CASSFIFGVREDSSYGYTF	1
CASSFIQGNSREQFF	1
CASSFRPPGQAVYEQYF	1
CASSFNGGGTDTQYF	1
CASSFPSGSTDTQYF	1
CASSFRPTGGKNIQYF	1
CASSFRGGFTDTQYF	1
CASSFRDRGYEQYF	1
CASSFQGAYNEQFF	1
CASSFQGGRPDTQYF	1
CASSFGQPYNEQFF	1
CASSFEETQYF	1
CASSFTRSATNTGELFF	1
CASSFSMMSGYTF	1
CASSFSNEQFF	1
CASSFKTGTSGYTTYEQYF	1
CASSLFAGQDGELFF	1
CASSLFVGTGNTDTQYF	1
CASSLFVGDTQYF	1
CASSLFGRGGPTDTQYF	1
CASSLLQGAPFSYEQYF	1
CASSLLAETYGDEQYF	1
CASSLLRRAGDTQYF	1
CASSLSPGLAGEEDTQYF	1
CASSLSLGGNTEAFF	1
CASSLSENTEAFF	1
CASSLSTPDSGNTIYF	1
CASSLSWTDSYNEQFF	1
CASSLSAGGNTEAFF	1
CASSLSSGGNEQFF	1
CASSLWQGEADTQYF	1
CASSLWDRGVSSYNEQFF	1
CASSLWTGGYEQYF	1
CASSLYQGSYGYTF	1
CASSLYRGNTGELFF	1
CASSLYNEQFF	1
CASSLLVRDIQYF	1
CASSLLEAVGELFF	1
CASSLLSGSTYEQYF	1
CASSLLRQGNTEAFF	1
CASSLPRPANTEAFF	1
CASSLRPQGSGNQPQHF	1
CASSLRPARYGYTF	1
CASSLRSRTGDYEQYF	1
CASSLHTLNTGELFF	1
CASSLQLGTGELFF	1
CASSLVPGGDEQFF	1
CASSLVASGRYEQFF	1
CASSLVASGRVEQFF	1
CASSLVGEQFF	1
CASSLVIRGSYEQYF	1
CASSLVSHYEQYF	1
CASSLVADTQYF	1
CASSLVEGGAEQFF	1
CASSLVWVVYNEQFF	1
CASSLVPGTGGLDYEQYF	1
CASSLVGGSYEQYF	1
CASSLVGGVTDTQYF	1
CASSLVGLAVLPDTQYF	1
CASSLVGQGMYEQYF	1
CASSLVFWPTGELFF	1
CASSLVAGRTYNEQFF	1
CASSLASAGYEQYF	1
CASSLAPDYSYNEQFF	1
CASSLAGGRTGTGELFF	1
CASSLAFGTGGHEQYF	1
CASSLALGWESSYNEQFF	1
CASSLAYRDEQYF	1
CASSLALASGSGDTQYF	1
CASSLARLSNEQFF	1
CASSLAVGIYEQYF	1
CASSLAATGGYEQYF	1
CASSLAGSGSGVLYNEQFF	1
CASSLAGSQETQYF	1
CASSLAGQGGPTDTQYF	1
CASSLAGGLAKNIQYF	1
CASSLAGWSPYEQYF	1
CASSLAGREQFF	1
CASSLARGFNEQFF	1
CASSLANFGPKESEGYTF	1
CASSLAGGPNEQFF	1
CASSLAIAGAYEQYF	1
CASSLAQGADEQYF	1
CASSLAGSSYNEQFF	1
CASSLAGADTEAFF	1
CASSLGPGDGYTF	1
CASSLGPSLNTQYF	1
CASSLGAGASYNEQFF	1
CASSLGGGTDNTDTQYF	1
CASSLGEDTQYF	1
CASSLGSYEQYF	1
CASSLGRVRTDTQYF	1
CASSLGSPGQGSYEQYF	1
CASSLGLGGNEQFF	1
CASSLGLAGPNTHSTDTQYF	1
CASSLGLAELLGEQYF	1
CASSLGPQEAGGADTQYF	1
CASSLGQGVYEQYF	1
CASSLGQGNTGELFF	1
CASSLGAGATDTQYF	1
CASSLGAGEFF	1
CASSLGGREEAFF	1
CASSLGGGSGNQPQHF	1
CASSLGGGTPSNQPQHF	1
CASSLGGEQYF	1
CASSLGGTATEAFF	1
CASSLGGLIITDTQYF	1
CASSLGDGTSTDTQYF	1
CASSLGDTSYNEQFF	1
CASSLGTLGDTQYF	1
CASSLGSGGGYYEQYF	1
CASSLGLLKNIQYF	1
CASSLGQGIRSFF	1
CASSLGATGVPTDTQYF	1
CASSLGGTSGGRTYNEQFF	1
CASSLGGTTGELFF	1
CASSLGEGTEAFF	1
CASSLGRTYNEQFF	1
CASSLDLTYEQYF	1
CASSLDWGLDEQYF	1
CASSLDLSTQSYEQYF	1
CASSLDQDYEQYF	1
CASSLDVQIRTDTQYF	1
CASSLDVRAASYEQYF	1
CASSLDGYEQYF	1
CASSLDGFNEQYF	1
CASSLDEGQEQPQHF	1
CASSLDRVLGQYF	1
CASSLDSGTSTDTQYF	1
CASSLDPAAYNEQFF	1
CASSLDPGRNTEAFF	1
CASSLDGYNEQFF	1
CASSLDGRAGDTQYF	1
CASSLDSYDSNEQFF	1
CASSLDRASYNEQFF	1
CASSLEASMNTGELFF	1
CASSLEGQEGTDTQYF	1
CASSLEGEVPGQVYEQYF	1
CASSLEGLAPNEQFF	1
CASSLEGQGYEQFF	1
CASSLEDGSYEQYF	1
CASSLEPGDWYEQYF	1
CASSLEAGYTTDTQYF	1
CASSLEGWDQAIYF	1
CASSLEGWAEQYF	1
CASSLEGASSYNEQFF	1
CASSLEGGLNNEQFF	1
CASSLESEEGNEQFF	1
CASSLIGQGSTTVYEQYF	1
CASSLMDPEQFF	1
CASSLIAGAGELFF	1
CASSLTQSLAEQFF	1
CASSLTGTSGRANEQFF	1
CASSLTTDTQYF	1
CASSLTNTGELFF	1
CASSLSPAGGLDEQFF	1
CASSLSVSFEQYF	1
CASSLRRGPSTYNEQFF	1
CASSLRDSGGLRGTDTQYF	1
CASSLNGGANTGELFF	1
CASSLNRDGYYNEQFF	1
CASSLKMGPSNEKLFF	1
CASSLSAGGPNEQYF	1
CASSLSGGRQPQHF	1
CASSLWTGVTDTQYF	1
CASSLLGTTHNEQFF	1
CASSLPGLAGGSSYNEQFF	1
CASSLRRQGPYEQYF	1
CASSLRSLGTGNNEQFF	1
CASSLQGGYEQYF	1
CASSLVQRGAYEQYF	1
CASSLAPGQVEFRGANTGELFF	1
CASSLGFGSSGSHEQYF	1
CASSLGLAEPIRNTGELFF	1
CASSLGDRVAKNIQYF	1
CASSLGGWSSYNEQFF	1
CASSLESVRGIHEQYF	1
CASSLIGLPGDEQFF	1
CASSLTSGSSVEQFF	1
CASSLTTSGSDTQYF	1
CASSLRGEAKNIQYF	1
CASSLNVDSYEQYF	1
CASSLNGASTDTQYF	1
CASSSYSGGAYNEQFF	1
CASSSFKLAGYNEQFF	1
CASSSSLAGAYNEQFF	1
CASSSSETGYRFGDEQYF	1
CASSSYSPGTLAGNTIYF	1
CASSSLPQRTTDTQYF	1
CASSSPDLGWGEQYF	1
CASSSRGGSRANTGELFF	1
CASSSGTGVRRVHEQYF	1
CASSSGLAAYNEQFF	1
CASSSTVGKHTEAFF	1
CASSSSSHSGDNEQFF	1
CASSSSQGAWEQYF	1
CASSSQGNNEQFF	1
CASSSATGAYEQYF	1
CASSSGLASVGDEQFF	1
CASSSGDNEQFF	1
CASSSDPGQVYNEQFF	1
CASSSIAVAYEQYF	1
CASSSTGTAGNIQYF	1
CASSSTVSSSYNEQFF	1
CASSSTDRVKREFPGTSGRLSPNEQFF	1
CASSSSPGQSYEQYF	1
CASSSGGGAGTDTQYF	1
CASSSITGREKLFF	1
CASSWVTSAGGELFF	1
CASSWGISGRDYNEQFF	1
CASSWGTSGTITDTQYF	1
CASSWGLAGGSSYEQYF	1
CASSWTSQETQYF	1
CASSWTSAYNEQFF	1
CASSWTGLSYNEQFF	1
CASSWRKTLGTENYNEQFF	1
CASSYLASGDNEQFF	1
CASSLHGTSPNTGELFF	1
CASSLADGTYNEQFF	1
CASSLGGAAGEYNEQFF	1
CASSLIQGAAYNEQFF	1
CASSLSRGTSYNEQFF	1
CASSLNTRRRDIQYF	1
CASSLPSGEADTQYF	1
CASSLAGTSYEQYF	1
CASSLGQGVRDTQYF	1
CASSLDSSRTDTQYF	1
CASSLSPGQGGYTGELFF	1
CASSLGLQGNFHGYTF	1
CASSLGQRGNEQFF	1
CASSLDRGVGGYTF	1
CASSLRTSGDEQYF	1
CASSLLQNTEAFF	1
CASSLPGLDATDTQYF	1
CASSLRDSTDTQYF	1
CASSLHGTGSGNTIYF	1
CASSLAVGQRSYNEQFF	1
CASSLDLDTQYF	1
CASSLDREQFF	1
CASSLIGTGAYYEQYF	1
CASSLRAGLAGYTDTQYF	1
CASSLNWPSGRTPSSYNEQFF	1
CASSPGTGVGDTQYF	1
CASSPTGQAVANEQFF	1
CASSPREGVNEQYF	1
CASSPNARTDTQYF	1
CASSPFRQGLRSHEQYF	1
CASSPFQGASNSPLHF	1
CASSPSGAGGPNSYNEQFF	1
CASSPSLDSPFYNEQFF	1
CASSPWGGDTQYF	1
CASSPPQFGSANNEQFF	1
CASSPRGRGGSLDEQYF	1
CASSPRTSGGGEQFF	1
CASSPVGQGIYNEQFF	1
CASSPGTGDSYEQYF	1
CASSPGQGGDTQYF	1
CASSPEQGASRGWFF	1
CASSPLRWGDGGETQYF	1
CASSPASGTDTQYF	1
CASSPGTGDTGELFF	1
CASSPGREVFAYEQYF	1
CASSPGVGAANTEAFF	1
CASSPGGRRAGLLEQYF	1
CASSPGAEHTQYF	1
CASSPDGGLITGELFF	1
CASSPEPAEDTQYF	1
CASSPMSRTSGTYEQYF	1
CASSPTSGGSYNEQFF	1
CASSPSSAGGHEQYF	1
CASSPPGLAGDTQYF	1
CASSPRTSYSQLFF	1
CASSPHMAGGPSDTQYF	1
CASSPAGSTDTQYF	1
CASSPGTYEQYF	1
CASSPGTGGRYEQYF	1
CASSPGQGTDTQYF	1
CASSPSGGWSSYEQYF	1
CASSPNINGREAFF	1
CASSRSASSYNEQFF	1
CASSRLADQGYEQYF	1
CASSRQDRSDQPQHF	1
CASSRGTSGYNEQFF	1
CASSRYQNTDTQYF	1
CASSRGSGMNYEQYF	1
CASSRGAGYEQYF	1
CASSRGLAGGPFHNEQFF	1
CASSRTSRPDTQYF	1
CASSRRAYKETQYF	1
CASSRRGDEQFF	1
CASSRKETDTQYF	1
CASSRVGQGIQRGGYNEQFF	1
CASSRGGTGGGNEQFF	1
CASSRTSGGGYEQYF	1
CASSRRGTEGGTGELFF	1
CASSHRTSDAYEQYF	1
CASSHLDGYGYTF	1
CASSHPPATEQETQYF	1
CASSHGLAGGTDTQYF	1
CASSHTGGDTQYF	1
CASSHRANTGELFF	1
CASSQSGTQYF	1
CASSQLGTGDTGELFF	1
CASSQVPGGTYEQYF	1
CASSQATGTSGVYEQYF	1
CASSQGQASSYNEQFF	1
CASSQDRTTGEGEQYF	1
CASSQDRANTGELFF	1
CASSQTFRTSAEDTQYF	1
CASSQTVGEQYF	1
CASSQTGRGDNEQFF	1
CASSQRTSGAGTDTQYF	1
CASSQLRRTYEQYF	1
CASSQSPGLNYEQYF	1
CASSQPPPRISSYEQYF	1
CASSQPGTGSYEQYF	1
CASSQPGLLNEQFF	1
CASSQRRQGGRDEQFF	1
CASSQRDGGYEQYF	1
CASSQQGLATYNEQFF	1
CASSQVWTNNYEQYF	1
CASSQVTSSATSSYEQYF	1
CASSQAPGDEQFF	1
CASSQAEDGSSYEQYF	1
CASSQGIYGASYNEQFF	1
CASSQGLAGFRLSYNEQFF	1
CASSQGQSSGGATYNEQFF	1
CASSQGGWYGYTF	1
CASSQDPQREGYNEQFF	1
CASSQDPERELSRSYNEQFF	1
CASSQDRGSQPYF	1
CASSQDRTGASESTDTQYF	1
CASSQDGGGRGEQYF	1
CASSQDDTTGRKLFF	1
CASSQDISSPYEQYF	1
CASSQDIASLGLDEQFF	1
CASSQDSEGQGGQQFF	1
CASSQEFAAGGLQETQYF	1
CASSQEPSVMTASYEQYF	1
CASSQEPSYNEQFF	1
CASSQEITANEQYF	1
CASSQEFTIQYF	1
CASSQEVLASSPDTQYF	1
CASSQEGQAYEQYF	1
CASSQEGTGELFF	1
CASSQMGLALYNEQFF	1
CASSQKTSDPDSLQFF	1
CASSVLWDRAAEAFF	1
CASSVPGGDTDTQYF	1
CASSVRDPNNEQFF	1
CASSVGTRTDTQYF	1
CASSVGQGASQGDGYTF	1
CASSVARNTGELFF	1
CASSVGLAGGPSYNEQFF	1
CASSVDRGRGLNYGYTF	1
CASSVTLPNEQFF	1
CASSVYAGDASYEQYF	1
CASSVQGLFSYEQYF	1
CASSAGTAAYEQYF	1
CASSATDRGGFSPLHF	1
CASSATLRSYNEQFF	1
CASSAGRTYEQYF	1
CASSAERPSGTYTQYF	1
CASSAPGQATSYEQYF	1
CASSASRGTYNEQFF	1
CASSGRSGRAENEQFF	1
CASSGDLKNIQYF	1
CASSGAGGFNEQFF	1
CASSGAKKWANTGELFF	1
CASSGDGYEQYF	1
CASSGARSSYNEQFF	1
CASSGGGRYYNEQFF	1
CASSDPAGAPYEQYF	1
CASSEYHNEQFF	1
CASSEGLAGGPHEQYF	1
CASSETSGFSHEQFF	1
CASSILSTGELFF	1
CASSIPGTSGRSTDTQYF	1
CASSIGESYEQYF	1
CASSIEPQIGTGSGVYEQYF	1
CASSIGQGVYNEQFF	1
CASSIERGLFYNEQFF	1
CASSTRTGGINEQFF	1
CASSTVPGTDTQYF	1
CASSTDPGLYYEQYF	1
CASSTRAGTGRTDTQYF	1
CASSTTGSLPTDTQYF	1
CASSSSYNEQFF	1
CASSSGLAFYNEQFF	1
CASSSTDTQYF	1
CASSRGQSSYNEQFF	1
CASSRDAYSYEQYF	1
CASSRSNYGYTF	1
CASSNTIAPLRNEQFF	1
CASSNGQGAFNEQFF	1
CASSKNVAGGTDTQYF	1
CASSKSDTTPNEKLFF	1
CASSKPGQRKYGYTF	1
CASSKGGIGELFF	1
CASSKGTGNYEQYF	1
CASRFGRRGNTGELFF	1
CASRLGGTSGADTQYF	1
CASRPRSIGLAGKSYEQYF	1
CASRPGLVEADTQYF	1
CASRPLLTRTGTGSTYEQYF	1
CASRREGRSYEQYF	1
CASRQGVSTGELFF	1
CASRAGVLFDEQFF	1
CASRALGTETYNEQFF	1
CASRGRSGNEQFF	1
CASRGASTDTQYF	1
CASRGSAGNEQFF	1
CASREASQRPYEQYF	1
CASREGQGNPYEQYF	1
CASRTGPIF	1
CASRRTRTDTQYF	1
CASRRLASYTDTQYF	1
CASRLGPAMIYEQYF	1
CASRPSRDRGPYGQQFF	1
CASRVGGPYNEQFF	1
CASRGGDTQYF	1
CASRMGGGDQPQHF	1
CASRRTGMNTEAFF	1
CASNPGQNTGELFF	1
CASNRTGMIYGYTF	1
CASNVGTGPWNTQYF	1
CASNSKMAGNNEQFF	1
CASKASGSREQYF	1
CASKGRYTSYEQYF	1
CARYGGGKTEAFF	1
CIALGRETQYF	1
CSPRAAPPQFF	1
CSVLGTGDSYEQYF	1
CSVQPGLAGYNFLF	1
CSVKWISTDYEQYF	1
CSVATYEQYF	1
CSVGTGSSEQYF	1
CSAFKPGTAKGNTIYF	1
CSALLAVSYNEQFF	1
CSAWTSDEQFF	1
CSAYEWASGSYEQYF	1
CSAPPLELAGRYNEQFF	1
CSAPLASGITEQFF	1
CSARGDRFNEQFF	1
CSARTSGGAGEQFF	1
CSAHRAMGIQETQYF	1
CSAAQGVFREETQYF	1
CSAAAPGEETQYF	1
CSAAGRAGYTF	1
CSAGRGETQYF	1
CSAGAGGRAVDEQFF	1
CSAGADSQETQYF	1
CSAGPYNEQFF	1
CSADPGRNSYEQYF	1
CSAEDRVVDTQYF	1
CSAEVGLANNEQFF	1
CSAEGLAGLLYEQYF	1
CSATQTVNTEAFF	1
CSATSRASGFNNEQFF	1
CSATPTSGGFNSYNEQFF	1
CSATPSGGPDTQYF	1
CSATKLDTQYF	1
CSASSYEQYF	1
CSASYSLTYEQYF	1
CSASPSQGAQETQYF	1
CSASRGRATYNEQFF	1
CSASQGLEQYF	1
CSASVGASGAQETQYF	1
CSASVLAGTDTQYF	1
CSASGPDEQYF	1
CSASIAGLAGGSTDTQYF	1
CSASSAGGSYNEQFF	1
CSASRGDSGSSYEQYF	1
CSASPERGAQYF	1
CSASPLTSGSIYEQYF	1
CSASQGGDSYEQYF	1
CSASEGPWMDTQYF	1
CSASRGRRYQETQYF	1
CSASNRGAAYEQYF	1
CSARSGGDEQFF	1
CSARYSSYNEQFF	1
CSARQKETRPYEQYF	1
CSARVPPYEQYF	1
CSARAGGLWNEQFF	1
CSARGSTQETQYF	1
CSARGQRRTFTYEQYF	1
CSARGPRGAYEQYF	1
CSARGGLAGRTDTQYF	1
CSARGQNTEAFF	1
CSARDRGRNSYNEQFF	1
CSARILPGLAGQNSYEQYF	1
CSARSPVGDLREQYF	1
CSARRGVIDTQYF	1
CSARNSPFEQFF	1
CSARSGSSYNEQFF	1
CSARSRRLAVYNEQFF	1
CSARSIGQGYNEQFF	1
CSARPLTSWGTDTQYF	1
CSARPPRRTDTQYF	1
CSARRQGNEQFF	1
CSARVIGPEQFF	1
CSARVTSGSIGKGEQFF	1
CSARVWTGANTGELFF	1
CSARVPGTSGRSQETQYF	1
CSARVPETYEQYF	1
CSARVGGTSGVDEQYF	1
CSARVGLAGLYEQYF	1
CSARAGGGWSYEQYF	1
CSARAAEPSTYNEQFF	1
CSARAINRDYYEQYF	1
CSARARAGGHANTGELFF	1
CSARAAGGSDTQYF	1
CSARATLRTSGGGGTDTQYF	1
CSARGSGGDTQYF	1
CSARGVPGRSTDTQYF	1
CSARGTSAGGLREQYF	1
CSARGPGGDIEQYF	1
CSARGAVPSYNEQFF	1
CSARGSQGLYEQYF	1
CSARGLAGREETQYF	1
CSARGGLARYNEQFF	1
CSARDSRGDGADTQYF	1
CSARDSVVTQYF	1
CSARDYSVYNEQFF	1
CSARDLGLETQYF	1
CSARDLGGETQYF	1
CSARDLTGSYNEQFF	1
CSARDLRGKYNEQFF	1
CSARDPSWRVETQYF	1
CSARDPRASQETQYF	1
CSARDPDSRDWYEQYF	1
CSARDPRGPYEQYF	1
CSARDPERGDYEQYF	1
CSARDPRGLPYEQYF	1
CSARDRGSGIPEQYF	1
CSARDRTSGRPYEQYF	1
CSARDHRGDFYNEQFF	1
CSARDEQGQIYEQYF	1
CSAREPSGGDNEQFF	1
CSAREALSLFSYNEQFF	1
CSAREAGIYEQYF	1
CSAREGGGNYEQYF	1
CSARETGTSGYNEQFF	1
CSARESHYVYNEQFF	1
CSARKGRGSNQPQHF	1
CSANAGGKETQYF	1
CSANPPKSSYEQYF	1
CSANEETQYF	1
CSAKEGSFYEQYF	1
CSAKTKRGAGETQYF	1
CSAKPFGEQFF	1
CSAKSSGVTGDNF	1
CSASALAGGSREQYF	1
CSALGLAENNEQFF	1
CSAPGLLDYNEQFF	1
CSAHVSGTGGYEQYF	1
CSAVQGRGGSTDTQYF	1
CSAARGEQYF	1
CSAGTGTEQYF	1
CSADWTGRNYEQYF	1
CSAETSTDTQYF	1
CSATGGGSFAHEQYF	1
CSASSGTAQETQYF	1
CSARLGAGGYEQYF	1
CSAPGAENRDTQYF	1
CSAAGERFTDTQYF	1
CSAEQRAVSQDTQYF	1
CSASLGITDTQYF	1
CSAWRPSTDTQYF	1
CSAGGRLAGSSYEQYF	1
CSATARVSYEQYF	1
CSATPREETQYF	1
CSARLAGARTSTDTQYF	1
CSARDSSYNEQFF	1
CSGTTSYEQYF	1
CSLVTDTQYF	1
CSPSGGRAQFYNEQFF	1
CSQGGQDQETQYF	1
CSVYDSGRSDTQYF	1
CSVLTHRRGHKYNEQFF	1
CSVLTAGGIYNEQFF	1
CSVLTGGRVDTQYF	1
CSVPSRDRGIHEQFF	1
CSVQVRAGVTDTQYF	1
CSVVGGREQFF	1
CSVVGTSGSRDEQFF	1
CSVVGGTEAFF	1
CSVVSGGNTDTQYF	1
CSVVMSGGDNQPQHF	1
CSVATDLSYEQYF	1
CSVARNQETQYF	1
CSVAGSGTYEQYF	1
CSVAGDLREQYF	1
CSVAITAGGPTVYSDTQYF	1
CSVADRYNEQFF	1
CSVGLTASGSNEQFF	1
CSVGTGQETQYF	1
CSVGLAGGPFLYNEQFF	1
CSVDQGSYNEQFF	1
CSVDVTAYGYTF	1
CSVDGLEKAPGPTDTQYF	1
CSVDRPAGETQYF	1
CSVDHIAGGGYEQYF	1
CSVERDPYEQYF	1
CSVETRDEQFF	1
CSVEWSGAGVRDTQYF	1
CSVERARTDHYEQYF	1
CSVEVQPNQPQHF	1
CSVEAGAEGYTF	1
CSVEGSGTENSYNEQFF	1
CSVEGTGGELFF	1
CSVEDEAGGDTQYF	1
CSVEDMGAGNSPLHF	1
CSVEDNPGLARNEQFF	1
CSVETEVWETQYF	1
CSVERVAKNIQYF	1
CSVTDGVYEQYF	1
CSVRLANEQFF	1
CSVLRGQAEQYF	1
CSVPPPGGGETQYF	1
CSVPAGRGLSYEQYF	1
CSVPRGTDTQYF	1
CSVPGQGVGEAFF	1
CSVGPGQGYEQYF	1
CSVGTSGRYEQYF	1
CSVGQGERSPLHF	1
CSVDREQYF	1
CSVRRAVNRYYEQYF	1
CSVSFSNSYEQYF	1
CSVDGRGRSKGWDEQFF	1
CSVEQGARYEQYF	1
CSVSRGAREQFF	1
CSVRQNQETQYF	1
CSVRPSVATGEQYF	1
CSVQGIAKNIQYF	1
CSAPYYNEQFF	1
CSASLAYEQYF	1
CSAIGAYASGTVSSYEQYF	1
CSGGETDKLFF	1
CSGGGDGAYEQYF	1
CSIGHFKDEQYF	1
CSIRLAGMQETQYF	1
CSTEAGVNEQFF	1
CSSNGQGWDTDTQYF	1
RASSFEGGAWYEQYF	1
RASSLARHEQFF	1
RASSLGRASYEQYF	1
RASSLIKGLENDEQYF	1
RASSHTTQTGGQETQYF	1
RASSTVMGQPLSYEQYF	1
SSARERGIAGEGVYF	1
CAISDPGTSGRSHAGNEQFF	2
CASRSGGTDTQYF	2
CASSFGGGASYNEQFF	2
CASSLEGTGTGELFF	2
CASSYLGGHNEQFF	2
CASSYRREYEQYF	2
CASSPTSGTYEQYF	2
CASSAAPSGANVLTF	2
CASSLVGGTGTGELFF	2
CASSWTGGTGELFF	2
CASSTGGTFTDTQYF	2
CASSFDRETQYF	2
CASSLSSGGPLYQETQYF	2
CASSLPLTGEKETQYF	2
CASSLAGSQETQYF	2
CASSLGETQYF	2
CASSLEKTQYF	2
CASSRDSFQETQYF	2
CASSQVGQQTSGANVLTF	2
CASSDGTSGGHQETQYF	2
CFSTREGDEQYF	1
CAVRGRYEQYF	1
CATSVSPYNEQFF	1
CATGKRGSSGNTIYF	1
CASGLVLRGRGLGNEQFF	1
CASSLYTEETQYF	1
CASSLQNQETQYF	1
CASSPLRAAYTEAFF	1
CASSPLDSPPWETQYF	1
CASHGLAVNNEQFF	1
CAWAQDLQEKLFF	1
CAWGLGTVETQYF	1
CAWGTFQETQYF	1
CAWGGTNTEAFF	1
CAWIGPAEQFF	1
CAWTRGMNTEAFF	1
CAWSLSGSSYNEQFF	1
CAWSPFVDSVEAFF	1
CAWSPGTYNSPLHF	1
CAWSRSNQETQYF	1
CAWSVLGYNEQFF	1
CAWSDVDQPQHF	1
CAWSIGVGNQPQHF	1
CAWSTPPQPQHF	1
CAWSPRLAGDNEQFF	1
CAWSRHSNQPQHF	1
CAWRGAGNTIYF	1
CAPRLAGGPWETQYF	1
CARSTGVTNYGYTF	1
CAVRGQGSGYGYTF	1
CAVQASWSYEQYF	1
CAGGPNSYNEQFF	1
CAGDRGNYEQYF	1
CAGTPGTSGGRNEQFF	1
CAIPQGQETQYF	1
CAIQDGKGPYTGELFF	1
CAISDRGINQPQHF	1
CAIPGGEKSDDNEQFF	1
CAIPGVRGGELFF	1
CAIGAVSSYNEQFF	1
CAIMDVGSREQFF	1
CAITRGNTGELFF	1
CAISSNENIGYTF	1
CAISLDRDYNEQFF	1
CAISVGGTGVYEQYF	1
CAISAALAPYEQYF	1
CAISGLADTGELFF	1
CAISGYGTPYPTDEQFF	1
CAISDTGTGSYNEQFF	1
CAISDSEIRTSRNEQFF	1
CAISESMAGELDEQYF	1
CAISEGVSSYNEQFF	1
CAISEGGGPFADTQYF	1
CAISEGRSSYNEQFF	1
CAISEGGQGPNQPQHF	1
CAISLKGQFPYEQYF	1
CAISPSSRTGELFF	1
CAISPGTELAKNIQYF	1
CAISHPVRSSGSASTDTQYF	1
CAISGPTGPVYEQYF	1
CAISEWRGEDEQYF	1
CAISIGTAYEQYF	1
CAIRTTGNQETQYF	1
CAIRTQFSSDTQYF	1
CAIRQGGEQYF	1
CAIRQGEGEQFF	1
CAIRQEGDNEQFF	1
CAIRKDRGESGANVLTF	1
CAIKPGTSGNNEQFF	1
CATRPSTDPIHFQETQYF	1
CATTPGQVNNEQFF	1
CATSSGSYNEQFF	1
CATRSLSIYEQYF	1
CATRLANLVAGELFF	1
CATRGGSTSTDTQYF	1
CATRTSGRREQYF	1
CATAEAEAFF	1
CATADRAFYEQYF	1
CATGRISGANVLTF	1
CATMYRAGGTDTQYF	1
CATMLLTSSTDTQYF	1
CATMDTGGDQETQYF	1
CATTGEQETQYF	1
CATSLGGTSGTGEQFF	1
CATSVGKAGLAGGSSYNEQFF	1
CATSVPRGGSANEQFF	1
CATSVGGSSYNEQFF	1
CATSASGRSDEQFF	1
CATSASASGSFFSYNEQFF	1
CATSATLQGASTDTQYF	1
CATSGFTGGPTYNEQFF	1
CATSGLAGDETQYF	1
CATSGQGAHYNEQFF	1
CATSDFLTGTGEETQYF	1
CATSDFRDGYNEQFF	1
CATSDFRAGSSTDTQYF	1
CATSDFTSGNTDTQYF	1
CATSDFARGHSYNEQFF	1
CATSDFGLAESTDTQYF	1
CATSDFDDRSTGELFF	1
CATSDLFPTGGIHEQYF	1
CATSDLRADTGELFF	1
CATSDLSQGQETQYF	1
CATSDSGAGGKETQYF	1
CATSDSRGPSYNEQFF	1
CATSDSDPSGSITNEQFF	1
CATSDYGGRTARETQYF	1
CATSDLYETSNIHEQFF	1
CATSDPDRGTYEQYF	1
CATSDPPGGTDTQYF	1
CATSDPGLQNRKETQYF	1
CATSDPLTSGRGNEQFF	1
CATSDRQTIPGTGRYSEQFF	1
CATSDVDSHNEQFF	1
CATSDEGRPTLTDTQYF	1
CATSDTYLNNEQFF	1
CATSDTGPYEETQYF	1
CATSDTGPWSQPQHF	1
CATSDRDQIYNEQFF	1
CATSDKTAGRIYEQYF	1
CATSDSGQGALLDEQFF	1
CATSDSREGGETQYF	1
CATSDPGSEGNIQYF	1
CATSDPGLGYNEQFF	1
CATSDPGQGAGETQYF	1
CATSDRSGIRETQYF	1
CATSDRRDGQLFF	1
CATSDRDRGSHEQFF	1
CATSDSPGTGGGEKLFF	1
CATSEPASYEQYF	1
CATSEQTSGKDNEQFF	1
CATSRQGRRGELFF	1
CATSPGTGGSLRQYF	1
CATSGGLAGRELFF	1
CATSDTGWADEQYF	1
CATSREVGVNYEQYF	1
CATSRVRTTSGGLIFSEQYF	1
CATSRVGRGGPAEQYF	1
CATSRGTGPYEQYF	1
CATSRGTGAYYEQYF	1
CATSRDGRSEETQYF	1
CATRLGNEQFF	1
CATRGTSEYNEQFF	1
CATRNRDRGHEQYF	1
CATKDGGTDTQYF	1
CATGPAGSTYEQYF	1
CATGAGGPYEQYF	1
CATSRGRGEQFF	1
CATIKSPTSGKGYNEQFF	1
CATTRGSGKETQYF	1
CATKGEVSYEQYF	1
CASLASDLPEQFF	1
CASSHYREPETQYF	1
CASSRTNYEQYF	1
CASSDYSNQPQHF	1
CASLRSGGEAYNEQFF	1
CASQPSGETQYF	1
CASESPWGNNEQFF	1
CASIGDTEAFF	1
CASTPTAIKSNQPQHF	1
CASTQGIEAFF	1
CASTRGDHSTDTQYF	1
CASSRPGQVLNSNQPQHF	1
CASSVGLGQIDNYGYTF	1
CASSMVGGFEQYF	1
CASSISKVEQFF	1
CASSILPGTDTQYF	1
CASSIAVWVGNQPQHF	1
CASSIDRGQNYGYTF	1
CASSIELQGYEQFF	1
CASRDLTDTQYF	1
CASFEWELTYEQYF	1
CASLINSGRTSTDTQYF	1
CASSPFNEQFF	1
CASSPPSGTSGYNEQFF	1
CASSQREGPSTDTQYF	1
CASSRTAYYNEQFF	1
CASSLWTVTTYEQYF	1
CASSPLREAQETQYF	1
CASSPYPGGDEQYF	1
CASSPAGRLAKNIQYF	1
CASSPGQGWETQYF	1
CASSPPSLGRTRDEQFF	1
CASSPPRRTVSYEQYF	1
CASSPRVTGQETQYF	1
CASSPQDVQNTEAFF	1
CASSPMRGEGTEAFF	1
CASSPRNTEAFF	1
CASSPNNDRIGSYNSPLHF	1
CASSRADFTDTQYF	1
CASSRRGDTQYF	1
CASCDLTGGLETQYF	1
CASCEENDNEQFF	1
CASYRGRTYEQYF	1
CASLAIRGLLQPNTGELFF	1
CASLAPPPNTGELFF	1
CASPLSATYNEQFF	1
CASRLAGGPNEQFF	1
CASRGTEQFF	1
CASRREGETQYF	1
CASRTGQGEDTQYF	1
CASRKEALAKYNEQFF	1
CASRPGLALHEQFF	1
CASRRLAAGPYNEQFF	1
CASQGVGSREQFF	1
CASQREVPGGEAFF	1
CASQGGVDGTPIGETQYF	1
CASQSPSGRSSYEQYF	1
CASVSPLFYNEQFF	1
CASVDQGLFSYEQYF	1
CASAGGGQTLRRGEQFF	1
CASAGLLAGTYEQYF	1
CASGWDTIYF	1
CASGPGDYEQYF	1
CASGRQGVGEQYF	1
CASGTGSYNEQFF	1
CASGPTGGGYEQYF	1
CASGREAQETQYF	1
CASGHTGTYSYEQYF	1
CASGAGDTQYF	1
CASGAGDEQFF	1
CASGAGAYEQYF	1
CASGNVGELFF	1
CASGSPWRSSYNEQFF	1
CASGKEYSNQPQHF	1
CASDSVRGQITF	1
CASDLGGESYEQYF	1
CASDSGLNNEQFF	1
CASDSSGSASTDTQYF	1
CASESGVTDTQYF	1
CASEGGGSELFSYNEQFF	1
CASIGQGRAFF	1
CASINSGTDTQYF	1
CASILLAGTDTDTQYF	1
CASIQVRDGNQPQHF	1
CASIQANQYNEQFF	1
CASMYENEQYF	1
CASMAFYEQYF	1
CASMGVLVGETQYF	1
CASMGVYNEQFF	1
CASMEWSGQGHQPQHF	1
CASMTGDKNIQYF	1
CASISSAGLIKQYF	1
CASILRGIGEYEQFF	1
CASIQRTVSLTDTQYF	1
CASIAVGQGDEQYF	1
CASIRGPQETQYF	1
CASTLDPYAGELFF	1
CASTLSSYNEQFF	1
CASTPPGRQGMGTEAFF	1
CASTQEGTGSHEQYF	1
CASTKREGHGNEQFF	1
CASTFRDRPETQYF	1
CASTLGQGANTGELFF	1
CASTLLKQGSDTQYF	1
CASTSPVGSEAYNEQFF	1
CASTSGTGGSGELFF	1
CASTSLAGEHEQETQYF	1
CASTSLQGYEQYF	1
CASTSRVGAQAYNEQFF	1
CASTSLASLAYNEQFF	1
CASTWGRRETQYF	1
CASTLGQGIDEQYF	1
CASTLRGAFYNEQFF	1
CASTLAGYNEQFF	1
CASTPRDF	1
CASTPSGGPYEQYF	1
CASTPMDPNYGYNF	1
CASTPGLSNQPQHF	1
CASTPGALSYEQYF	1
CASTPTGEQFF	1
CASTRWPNEKLFF	1
CASTRGRETQYF	1
CASTRDRGYEQYF	1
CASTRQAAAYEQYF	1
CASTVGGKETQYF	1
CASTVAGTDTAGELFF	1
CASTAGRREEVSSTDTQYF	1
CASTGDSGYNEQFF	1
CASTGDRGGYEQYF	1
CASTGEGNEQFF	1
CASTGTASYNEQFF	1
CASTGTAQETQYF	1
CASTGQRPPYNEQFF	1
CASTDPAGVRETQYF	1
CASTIDWSTETQYF	1
CASTTGTTGHNEQFF	1
CASTNYNFQGYTF	1
CASTCPDLPHQMHTDTQYF	1
CASTGENTEAFF	1
CASTIGDTDNSPLHF	1
CASTTRVYEAGLLPDTQYF	1
CASTTGPNYGYTF	1
CASTFEGDHNEQFF	1
CASTLSYEQYF	1
CASSFFAGELFF	1
CASSFFEDTQYF	1
CASSFLSRNNEQFF	1
CASSFSRGPDTQYF	1
CASSFSARWGRGTYEQYF	1
CASSFSAGGSSYGNQPQHF	1
CASSFYQGGQFF	1
CASSFLAPKGYEQYF	1
CASSFRQGDTDTQYF	1
CASSFRTPGYEQYF	1
CASSFQGGSFSTDTQYF	1
CASSFVPGFGYGYTF	1
CASSFADRLQTQYF	1
CASSFAGGAYEQYF	1
CASSFGLYNEQFF	1
CASSFGQPETQYF	1
CASSFGGRGNEQFF	1
CASSFGLYEQYF	1
CASSFGAGKGEQYF	1
CASSFGGAGTGELFF	1
CASSFGGSYEQYF	1
CASSFGGDEQFF	1
CASSFGTPNTGELFF	1
CASSFGLPETQYF	1
CASSFGGGFEDIQYF	1
CASSFDPYWTGRSYEQYF	1
CASSFETGRYEQYF	1
CASSFTGYNEQFF	1
CASSFSGSQQFF	1
CASSFSGGYDEQFF	1
CASSFRGRNVGETQYF	1
CASSFNRYTDTQYF	1
CASSFFLGGKTQYF	1
CASSFLGGIGETQYF	1
CASSFSFREQPQHF	1
CASSFSRGAGGAKNIQYF	1
CASSFWARGDNEQFF	1
CASSFWGAVTEQYF	1
CASSFWTSTYEQYF	1
CASSFYLGADTQYF	1
CASSFLNRDGGGNQPQHF	1
CASSFPQGRAYEQYF	1
CASSFRGEGEQFF	1
CASSFRETQYF	1
CASSFHDLRTWVNEQFF	1
CASSFQGPLSGELFF	1
CASSFQGGYQPQHF	1
CASSFQGSTDTQYF	1
CASSFQGQQELFF	1
CASSFVHTDTQYF	1
CASSFVAGGGSYNEQFF	1
CASSFAADDEQYF	1
CASSFAGHKFTDTQYF	1
CASSFGGRADPQFF	1
CASSFGVGDNEQFF	1
CASSFGGLSYEQYF	1
CASSFGGFSYEQYF	1
CASSFGTSGSYEQYF	1
CASSFGTYYEQYF	1
CASSFGTGRNEQFF	1
CASSFGTGRNEQFF	1
CASSFGLFQETQYF	1
CASSFGAGKGEQFF	1
CASSFDRVQNNEQFF	1
CASSFETSGNTGELFF	1
CASSFTSPGLVFDEQFF	1
CASSFTRPGEQYF	1
CASSFTGSLQETQYF	1
CASSFTNTEAFF	1
CASSFSGGATDTQYF	1
CASSFSGSADTQYF	1
CASSFRRDSQETQYF	1
CASSFKAEETQYF	1
CASSFKPRGETQYF	1
CASSLSGTGSHEQYF	1
CASSLWTSGGPTQSYEQYF	1
CASSLPVLGSVDTQYF	1
CASSLPTSRNEQFF	1
CASSLAGQGGGIDGYTF	1
CASSLAGARQPQHF	1
CASSLGSNEQFF	1
CASSLGPNYGYTF	1
CASSLGGRGYTF	1
CASSLGGGGRIDTQYF	1
CASSLGDSYEQYF	1
CASSLGRTPDTQYF	1
CASSLDGSTYEQYF	1
CASSLIFDLGGQKTYNEQFF	1
CASSLTGQGIQYF	1
CASSLNRGEQFF	1
CASSLFASSNEQFF	1
CASSLFGGGVFEQYF	1
CASSLFGGERGYEQYF	1
CASSLFSTGILTSTDTQYF	1
CASSLFRNQPQHF	1
CASSLFGSSQETQYF	1
CASSLLAERTDTQYF	1
CASSLLLAGSEQFF	1
CASSLLAGRVPDTQYF	1
CASSLLRAGGADTQYF	1
CASSLSAQETQYF	1
CASSLSGPYEQYF	1
CASSLSGVDEQYF	1
CASSLSRTSGREQYF	1
CASSLSRTTASTDTQYF	1
CASSLSRDFSYNEQFF	1
CASSLSQGGETQYF	1
CASSLSAPRGPAGELFF	1
CASSLSGTGPNTEAFF	1
CASSLSFQETQYF	1
CASSLSGGISYEQYF	1
CASSLSDPGELFF	1
CASSLSDRTTNEQFF	1
CASSLSRIMNTEAFF	1
CASSLSGTLHF	1
CASSLSGSGDTQYF	1
CASSLWGQGGPYNEQFF	1
CASSLYPAYNEQFF	1
CASSLLGHVGDEQFF	1
CASSLLARSYEQYF	1
CASSLLADYNEQFF	1
CASSLPGGRVNEQFF	1
CASSLPQGRYEQYF	1
CASSLPGGREQYF	1
CASSLPGAVEQYF	1
CASSLRYEQYF	1
CASSLRASRNEQFF	1
CASSLRQNYGYTF	1
CASSLRETQYF	1
CASSLRKEGGSETQYF	1
CASSLHLYEQYF	1
CASSLQRYTDTQYF	1
CASSLVQREWENEQFF	1
CASSLVHGADGNQPQHF	1
CASSLVSVEDRVDDEQFF	1
CASSLVAGLAGVLEQYF	1
CASSLAGEQYF	1
CASSLAYGGPSTDTQYF	1
CASSLAPPGEFF	1
CASSLATTARHRELFF	1
CASSLARVEYEQYF	1
CASSLASSGKGEQFF	1
CASSLAVGAKNIQYF	1
CASSLAVEQYF	1
CASSLAGSTGELFF	1
CASSLAGPSYEQYF	1
CASSLAGGRNEQFF	1
CASSLAGMVYF	1
CASSLAKGGEQFF	1
CASSLAGPPGGFF	1
CASSLAGIEGDEQFF	1
CASSLGSAQQETQYF	1
CASSLGTGGTDTQYF	1
CASSLGWTSGSLEQFF	1
CASSLGPNYGYTF	1
CASSLGPNNEQFF	1
CASSLGGTVTGELFF	1
CASSLGGRARDTQYF	1
CASSLGSSYEQYF	1
CASSLGRGRNQPQHF	1
CASSLGRRYEQYF	1
CASSLGFGQGEGDGELFF	1
CASSLGSTGRSYEQYF	1
CASSLGGASYNEQFF	1
CASSLGTSSGHEQFF	1
CASSLGTGAYEQYF	1
CASSLGLAGGEQFF	1
CASSLGAGPRDTQYF	1
CASSLGATYEQYF	1
CASSLGGGLVNEQFF	1
CASSLGDSHYTDTQYF	1
CASSLDWVSTDTQYF	1
CASSLDRTIDFQYF	1
CASSLDRVGNTIYF	1
CASSLDNQPQHF	1
CASSLEVKPDTQYF	1
CASSLEGHGYTF	1
CASSLEMWGYYEQYF	1
CASSLIFPEGQETQYF	1
CASSLILREGRETQYF	1
CASSLIETSGRDEQFF	1
CASSLIRAGRYEQYF	1
CASSLIPNRGSTDTQYF	1
CASSLIQSYEQYF	1
CASSLIAGVSPQFF	1
CASSLIGGPQETQYF	1
CASSLTPARVHGYTF	1
CASSLTSGQETQYF	1
CASSLTYRDEQFF	1
CASSLSQGIFSYNEQFF	1
CASSLSVRETQYF	1
CASSLSGGGELFF	1
CASSLRSGRLNEQFF	1
CASSLRDEQFF	1
CASSLRTSGTYEQYF	1
CASSLRFLAGAGDTQYF	1
CASSLNLAKNIQYF	1
CASSLNRRYEQYF	1
CASSLNRNTGELFF	1
CASSLKRGGLNTQYF	1
CASSSSYEQYF	1
CASSSPGDSQETQYF	1
CASSSPRGLQYF	1
CASSSPNEQFF	1
CASSSPVVWTNEQFF	1
CASSSRPGELFF	1
CASSSRSRTTGELFF	1
CASSSRTSGSSYEQYF	1
CASSSQGQGVNEQFF	1
CASSSQEFYEQYF	1
CASSSAPGLAPSYEQYF	1
CASSSGTQGANTGELFF	1
CASSSGQGQETQYF	1
CASSSESSGGAYEQYF	1
CASSSSGSSYNEQFF	1
CASSSNQGQPQHF	1
CASSSYGLADYNEQFF	1
CASSSYRGETQYF	1
CASSSYGTQYF	1
CASSSLKRAIYNEQFF	1
CASSSLQVPYEQYF	1
CASSSPPGLRETQYF	1
CASSSPDWAGEKLFF	1
CASSSPYEETQYF	1
CASSSPRARNTGELFF	1
CASSSRMSTDTQYF	1
CASSSHISNEQFF	1
CASSSQQMQPQHF	1
CASSSGWGYEQYF	1
CASSSGYEQFF	1
CASSSGRYNEQFF	1
CASSSGRGRGNPETQYF	1
CASSSMTSGSGADTQYF	1
CASSSTTSGRESEQFF	1
CASSSRDNSPLHF	1
CASSSREEITDTQYF	1
CASSSRTTERYTDTQYF	1
CASSSRQGAFLEQFF	1
CASSSVGGYTF	1
CASSSGTKLHEQYF	1
CASSSGLTTGGWSNQPQHF	1
CASSSTSGIYNEQFF	1
CASSSTLFQYF	1
CASSSSGRGEQYF	1
CASSSLPTSGRYEQYF	1
CASSSLRLAGGSSYNEQFF	1
CASSSLGQVKYF	1
CASSSLGPGELFF	1
CASSSPLGQGGSYNEQFF	1
CASSSPTEGLALIRDTQYF	1
CASSSQPYEQYF	1
CASSSQIAGLQETQYF	1
CASSSRPTSGRGNTQYF	1
CASSWLAVNTGELFF	1
CASSWAGPETQYF	1
CASSWASGELFF	1
CASSWAGDSTDTQYF	1
CASSWGGAFSYEQYF	1
CASSWGTSGGNEQFF	1
CASSWGTDSYEQYF	1
CASSWGQGSLLGEQYF	1
CASSWGIYEQFF	1
CASSWDRYQETQYF	1
CASSWDRVSTEAFF	1
CASSWTGGVNEKLFF	1
CASSWTGIYNEQFF	1
CASSYYLGGGAHEQFF	1
CASSYPARYEQYF	1
CASSYRGGGETQYF	1
CASSYVEGYGYTF	1
CASSYAQDSSYEQYF	1
CASSYAASYNEQFF	1
CASSYGGAGSGNTIYF	1
CASSYGISYEQYF	1
CASSYGQGFSYEQYF	1
CASSYSGSVAETQYF	1
CASSYNPYSGANVLTF	1
CASSYFWGQGDPYEQYF	1
CASSYFGRYEQYF	1
CASSYLPGEGTQYF	1
CASSYLARGTETQYF	1
CASSYLAGGGTGELFF	1
CASSYLEGAEGYTF	1
CASSYLTAGGAEQFF	1
CASSYSSSGYEQYF	1
CASSYSAGPGLGQYF	1
CASSYSGLVGRTDTQYF	1
CASSYSKGTSGYPSTDTQYF	1
CASSYSKNGDRAFYEQYF	1
CASSYSSGGYTF	1
CASSYSLAGGTQETQYF	1
CASSYSPRGYLYNEQFF	1
CASSYSLGEAYEQYF	1
CASSYSWEVAYEQYF	1
CASSYSRPVGETQYF	1
CASSYSRGLGVEQYF	1
CASSYSGETQYF	1
CASSYSGATGGSLSDEQFF	1
CASSYSIRASRWGKLFF	1
CASSYSISGRNEQFF	1
CASSYSNPTPYYYNEQFF	1
CASSYSKGLGSYQPQHF	1
CASSYSIDRSYEQYF	1
CASSYYRPEAGELFF	1
CASSYYGRETQYF	1
CASSYLVGWGEQFF	1
CASSYPPNEQFF	1
CASSYPRTGGYEQYF	1
CASSYPQRSGSEAFF	1
CASSYPASGGYNEQFF	1
CASSYPLLADYSYNEQFF	1
CASSYPGLAGGPREQYF	1
CASSYRDEGGELFF	1
CASSYRDRAHEQYF	1
CASSYRTSGRNNEQFF	1
CASSYRAGDEQFF	1
CASSYQGRYEQYF	1
CASSYQGGLLRAEAFF	1
CASSYVQSIGRSTEAFF	1
CASSYAAGNSYEQYF	1
CASSYGSQGGEQYF	1
CASSYGWTGHRAGGRPGELFF	1
CASSYGYTSYEQYF	1
CASSYGQKNQPQHF	1
CASSYGVMASGPNEQFF	1
CASSYGGAANSYEQYF	1
CASSYGSPSYNEQFF	1
CASSYGKETQYF	1
CASSYGDQPQHF	1
CASSYINTQGAGETQYF	1
CASSYTQTLSGRGGHNEQFF	1
CASSYTGTGAFNEQFF	1
CASSYTGQEPYEQYF	1
CASSYTGPPGELFF	1
CASSYSYEQYF	1
CASSYRASYNEQFF	1
CASSYRLGYYEQYF	1
CASSLSLADPYEQYF	1
CASSLQTSGQGGELFF	1
CASSLGRRKDTGELFF	1
CASSLSGGSQETQYF	1
CASSLWVQETQYF	1
CASSLATSGRGTQYF	1
CASSLGTSDYNEQFF	1
CASSLGLAGGGWPYNEQFF	1
CASSLGGDTQYF	1
CASSLTGAWGNEQFF	1
CASSLSGQLYEQYF	1
CASSLQPNEQFF	1
CASSLQGTSGRPGELFF	1
CASSLAGPPTYEQYF	1
CASSLGLAGGPAIRSYEQYF	1
CASSPFDGVITEQYF	1
CASSPFSLAEQFF	1
CASSPPGQGTYEQYF	1
CASSPRTGRETQYF	1
CASSPGPGARETQYF	1
CASSPGDIWDSYNEQFF	1
CASSPLEVGETQYF	1
CASSPSGSSYEQYF	1
CASSPYRGDFDEQFF	1
CASSPLLSGLAGEEQFF	1
CASSPLRNEQFF	1
CASSPPRAGGPQTQYF	1
CASSPPVGGGNNEQFF	1
CASSPPGGGRNTGELFF	1
CASSPPDTQYF	1
CASSPRLGSTGGVRSNQPQHF	1
CASSPRTGVDTQYF	1
CASSPRRTSAYEQYF	1
CASSPRQGARENIQYF	1
CASSPHSAGEGEQYF	1
CASSPGWGHNSPLHF	1
CASSPGTFSYEQYF	1
CASSPGTASYEQYF	1
CASSPGTIVYEQYF	1
CASSPGAPSTDTQYF	1
CASSPTPGGSTYEQYF	1
CASSPTGNEQYF	1
CASSPFSRGSLTGELFF	1
CASSPRPGLAANTGELFF	1
CASSPGPASYEQYF	1
CASSPGQGGREYSNQPQHF	1
CASSPDTSYEQYF	1
CASSPDRGCTDTQYF	1
CASSPTGWESLF	1
CASSPRTGLPGKYF	1
CASSPKPRRDFRTYEQYF	1
CASSPLGQGHYEQYF	1
CASSPWDLGSYNEQFF	1
CASSPPPLAYEQFF	1
CASSPRRERFYNEQFF	1
CASSPQGLVITDTQYF	1
CASSPGSSYNEQFF	1
CASSPSGGEQFF	1
CASSRPEAGVQYF	1
CASSRGDRAKNIQYF	1
CASSRPGSAGNEQFF	1
CASSRQSYEQFF	1
CASSRDRLYGYTF	1
CASSRRGSYEQYF	1
CASSRSHEQFF	1
CASSRPGQESYEQYF	1
CASSRGSGLAVATGELFF	1
CASSRGLAGGETQYF	1
CASSRTGGTAEQYF	1
CASSRLRDADYNEQFF	1
CASSRLAGGLPDTQYF	1
CASSRRLGTSGQETQYF	1
CASSRQGSTGELFF	1
CASSRGYEQFF	1
CASSRMTGRSYNEQFF	1
CASSHRLAGGNEQFF	1
CASSHGQVLNTGELFF	1
CASSHKGYEQYF	1
CASSQGSSPLHF	1
CASSQTGDSQKQYF	1
CASSQGPYEQYF	1
CASSQGPKNTGELFF	1
CASSQEVTQYF	1
CASSVVQDGEKLFF	1
CASSVEGANEQFF	1
CASSVGGVATRGYTF	1
CASSVTELYEQYF	1
CASSVLAGGPWSSTGELFF	1
CASSVRKLAGVRTDTQYF	1
CASSVAGGPQETQYF	1
CASSVGGSSYNEQFF	1
CASSARTRDRNNEQFF	1
CASSAGGGGFNYGYTF	1
CASSAGTSFVNEQFF	1
CASSAGTGRTPYEQYF	1
CASSAGTEYNEQFF	1
CASSADRGMDQPQHF	1
CASSAMRISSELAYEQYF	1
CASSATGGLYEQYF	1
CASSATDYGYTF	1
CASSASTSADTQYF	1
CASSALAGGYEQYF	1
CASSAAGGGEQFF	1
CASSAIGYEQYF	1
CASSASKGGTLGTDTQYF	1
CASSARTSGTNIQYF	1
CASSARTGKNEKLFF	1
CASSGLEKGGEDTQYF	1
CASSGTSGSRGAHEQYF	1
CASSGKAGVLFGEQFF	1
CASSGWTGNVAYGYTF	1
CASSGREKLFF	1
CASSGQMGGNQPQHF	1
CASSGGTIAEDSPLHF	1
CASSGDGFTGELFF	1
CASSGEWGWSEQFF	1
CASSGIRDPWDEQYF	1
CASSGTSGTDTQYF	1
CASSGLRGDTQYF	1
CASSGLAGGRGTDTQYF	1
CASSGRSSYNSPLHF	1
CASSDFDQPQHF	1
CASSDLAGFAYEQYF	1
CASSDYLDLNTDTQYF	1
CASSDPLVSDTQYF	1
CASSDDAWETQYF	1
CASSDDTSATYEQYF	1
CASSDFGSGRETQYF	1
CASSDLTYEQYF	1
CASSDWYEQYF	1
CASSDWREARNEQFF	1
CASSDLAGAGDTQYF	1
CASSDPYTYEQYF	1
CASSDPGTVEYEQYF	1
CASSDPRVESQTSGDVRSSYEQYF	1
CASSDDSSRADGYTF	1
CASSDTAYNEQFF	1
CASSDREAGNEQFF	1
CASSELAGTLYEQYF	1
CASSEREEPGELFF	1
CASSEQGRGNTEAFF	1
CASSEVRGYQETQYF	1
CASSEGPKEYTEAFF	1
CASSEGTDPLGSYEQYF	1
CASSEGLAREQYF	1
CASSEEGTYNEQFF	1
CASSEFTGDTEAFF	1
CASSELPGQGAPGYTF	1
CASSELRGTGEETQYF	1
CASSESFQGEAYEQYF	1
CASSESGSGKLVQYF	1
CASSEWVSDYEQYF	1
CASSEHYTAGNEQFF	1
CASSEVAVTSTDTQYF	1
CASSEVVGGLSYNEQFF	1
CASSEVFGLAKNIQYF	1
CASSEVGTNTEAFF	1
CASSEADLNTQYF	1
CASSEAPFTGNEQFF	1
CASSEATLMGQLGYNEQFF	1
CASSEALSGYTF	1
CASSEALAGGSDTQYF	1
CASSEAREYEQYF	1
CASSEAAGHSGNTIYF	1
CASSEAGGPWGYTF	1
CASSEGPSWTQAFKYNYGYTF	1
CASSEGTGGGGETQYF	1
CASSEDSSGVVYEQYF	1
CASSEDRGLSYEQYF	1
CASSERAGPNYGYTF	1
CASSEKWGAEETQYF	1
CASSISYEQYF	1
CASSIGGGAADTQYF	1
CASSIGTSGSGEQYF	1
CASSTTGGLLSSYNEQFF	1
CASSTSGSQETQYF	1
CASSTNSGNSYEQYF	1
CASSTPTVYNEQFF	1
CASSTGFQPQHF	1
CASSTGQKRPYEQYF	1
CASSTDRLGELFF	1
CASSTGGVQPQHF	1
CASSSTDTQYF	1
CASSRRGSLGETQYF	1
CASSRQGNSPLHF	1
CASSRASSGANVLTF	1
CASSNQGALGYGYTF	1
CASSKTSGSHTQYF	1
CASSKPGVETQYF	1
CASSKAYRDRGYYEQYF	1
CASSKMLDRTDTQYF	1
CASSFFEVSSSYNEQFF	1
CASSFFGTSGSGANEQFF	1
CASSFLAQQSGGENEQFF	1
CASSFLGGDGNTIYF	1
CASSFSGGGGYTF	1
CASSFWTSPSTDTQYF	1
CASSFPRGGETQYF	1
CASSFRYRGRPDTQYF	1
CASSFVGGHYEQYF	1
CASSFAHGKGGDEQYF	1
CASSFGAQETQYF	1
CASSFGGQETQYF	1
CASSFGPTYEQYF	1
CASSFGVGGSTDTQYF	1
CASSFGLAGGRTDTQYF	1
CASSFGQGGIDEQYF	1
CASSFEQFF	1
CASSFTTFWEQYF	1
CASSFTRGSVETQYF	1
CASSFFNNEQFF	1
CASSFSPGRAQMDEQFF	1
CASSFSTGGNGYTF	1
CASSFLGRDYEQYF	1
CASSFQTQGTAYEQYF	1
CASSFVGLASGRDTQYF	1
CASSFGLPGHQYF	1
CASSFGGGIEETQYF	1
CASSFGTDYEQYF	1
CASSFGSRETQYF	1
CASSFMWNQGYSPNEKLFF	1
CASSFTSGGQETQYF	1
CASSFTTRTLDTQYF	1
CASSFTGGPSSYNEQFF	1
CASSFRGGGAGDTQYF	1
CASSLSQGYLYNEQFF	1
CASSLWTGGAYEQYF	1
CASSLPWTRWNTGELFF	1
CASSLRDRVLSSSYNEQFF	1
CASSLQTGSYEQYF	1
CASSLVSYQETQYF	1
CASSLVERLAGDCEQYF	1
CASSLVVRDQETQYF	1
CASSLVGGLANEQFF	1
CASSLVRGEYEQYF	1
CASSLATGDYEQYF	1
CASSLAPGQGALIDQPQHF	1
CASSLALYNEQFF	1
CASSLGAGLASYNEQFF	1
CASSLGPRKSYNEQFF	1
CASSLGRETQYF	1
CASSLGQGVTLYNEQFF	1
CASSLGAGDPYNEQFF	1
CASSLGGYEQYF	1
CASSLGGGPSYNEQFF	1
CASSLGTGPSYEQYF	1
CASSLGSGGTDTQYF	1
CASSLGLWGTGELFF	1
CASSLGLADTNTGELFF	1
CASSLDPTGFNEQFF	1
CASSLDSLSYEQYF	1
CASSLEQLEHNEQFF	1
CASSLEANTGTLTYEQYF	1
CASSLIKGTGGYTF	1
CASSLTANYEQYF	1
CASSLTPQVTETQYF	1
CASSLTGANEKLFF	1
CASSLRWTGLYEQYF	1
CASSLREGYEQYF	1
CASSLNGGVGEKLFF	1
CASSLKETQYF	1
CASSLFSSNLGTDTQYF	1
CASSLFRDREFF	1
CASSLSGWGGGGFYNEQFF	1
CASSLSPSGSTDTQYF	1
CASSLSAAETQYF	1
CASSLWSRRDTQYF	1
CASSLYGETQYF	1
CASSLYAGGQQFF	1
CASSLLMIDTQYF	1
CASSLPSDTQYF	1
CASSLPAGNEQFF	1
CASSLRRGGPETQYF	1
CASSLRAGGQETQYF	1
CASSLRDSYGYTF	1
CASSLQGYEQFF	1
CASSLQILRGAQETQYF	1
CASSLVSHEQYF	1
CASSLVVSNQPQHF	1
CASSLVTGGQRISYEQYF	1
CASSLVTSGRYEQYF	1
CASSLVSSGRHTGELFF	1
CASSLVPRETQYF	1
CASSLVGDRGHNEQFF	1
CASSLVLAGVNIQYF	1
CASSLVSDSGGEQFF	1
CASSLVASGRGEQFF	1
CASSLVGDRGRETQYF	1
CASSLVGQGQETQYF	1
CASSLVYGRAMNEQFF	1
CASSLVASLTGELFF	1
CASSLVGGSYNEQFF	1
CASSLVGTGGMNTEAFF	1
CASSLAASGSRAYEQYF	1
CASSLAGNQPQHF	1
CASSLAGTGAADTQYF	1
CASSLARGSANGETQYF	1
CASSLALEGAYNEQFF	1
CASSLALQAQYF	1
CASSLAPSFNEQFF	1
CASSLAQMAGGLYEQYF	1
CASSLAGEVTDTQYF	1
CASSLADYPTEAFF	1
CASSLARGASEQYF	1
CASSLAFGASYNEQFF	1
CASSLALAVRGDQKETQYF	1
CASSLAWTGDEQYF	1
CASSLAYELRYNEQFF	1
CASSLAYNSYEQYF	1
CASSLALLGEQFF	1
CASSLALASGTVQYF	1
CASSLALAAAGGHYEQYF	1
CASSLAPFGGRVLLNTEAFF	1
CASSLAPGDYEQYF	1
CASSLARLPTGELFF	1
CASSLARPSGRTETQYF	1
CASSLARRGRRDSNQPQHF	1
CASSLAGLYGYTF	1
CASSLAGRAEQFF	1
CASSLAGLHYNEQFF	1
CASSLAGLVISYEQYF	1
CASSLADKREYDLVLQFF	1
CASSLATGTEQYF	1
CASSLASDWYNEQFF	1
CASSLAKSYEQYF	1
CASSLAGGGNQETQYF	1
CASSLAGLEGLAPYEQYF	1
CASSLGSGGRNNEQFF	1
CASSLGLSGSSYEQYF	1
CASSLGSRGTGFFNEQFF	1
CASSLGQSYEQYF	1
CASSLGGGIGKLFF	1
CASSLGSWADLAKNIQYF	1
CASSLGRAPNGELFF	1
CASSLGPWGQETQYF	1
CASSLGQGRGEQYF	1
CASSLGVNEQFF	1
CASSLGAGLAKIGEQFL	1
CASSLGGGLGLIAKNIQYF	1
CASSLGMVGREQYF	1
CASSLGTRQGIFDEQYF	1
CASSLGSAEAFF	1
CASSLGSGRPVWGYTF	1
CASSLGLQVLYGYTF	1
CASSLGLAGLQETQYF	1
CASSLGPSLAGAEQFF	1
CASSLGEPLHF	1
CASSLDRVEISYNEQFF	1
CASSLDRGTYEQYF	1
CASSLDRTAGWTGTDNEQFF	1
CASSLDVDRGTDTQYF	1
CASSLDLDRVETQYF	1
CASSLDLLAGGEQFF	1
CASSLDVVLHEQFF	1
CASSLDGSLYEQYF	1
CASSLDRSGEQFF	1
CASSLDRATSEQYF	1
CASSLDRASYEQYF	1
CASSLESNTGELFF	1
CASSLEGSGRPDEQFF	1
CASSLEGLRHNEQFF	1
CASSLEGRDRVPYEQYF	1
CASSLEDSGSRYF	1
CASSLEEGLNGFF	1
CASSLESSLAESSYNEQFF	1
CASSLEPANTGELFF	1
CASSLERGASAEAFF	1
CASSLEVGRGRKSSSYEQYF	1
CASSLIPRENIQYF	1
CASSLIIGTQYF	1
CASSLIKSQETQYF	1
CASSLIALGGEREQYF	1
CASSLIGTGYWQYF	1
CASSLTSGGAQETQYF	1
CASSLTSGSGETQYF	1
CASSLTPGSYEQYF	1
CASSLTGGGGYTF	1
CASSLTDTGSYNSPLHF	1
CASSLTVPNTGELFF	1
CASSLTASGDYEQYF	1
CASSLTGLRFYEQYF	1
CASSLSPGTNTEAFF	1
CASSLSVGATYEQYF	1
CASSLSGGFQPQHF	1
CASSLSGSQAYEQYF	1
CASSLRSRKSTYEQYF	1
CASSLRGGNTGELFF	1
CASSLRVDSRPYEQYF	1
CASSLRGTSGRAWVYEGQYF	1
CASSLRGLGPQPQHF	1
CASSLNGQGGQPQHF	1
CASSLKRDNSPLHF	1
CASSLKFISSYNEQFF	1
CASSLKSRTADQETQYF	1
CASSSYNEQFF	1
CASSSLDRNYGYTF	1
CASSSPTGLNTEAFF	1
CASSSPGTSGGVSSYNEQFF	1
CASSSRDRGVADEQFF	1
CASSSRKTGTAAYEQYF	1
CASSSAGLTSYEQYF	1
CASSSTGQGPVQYF	1
CASSSTTSGRAGELFF	1
CASSSSQSDTQYF	1
CASSSFHGAYNEQFF	1
CASSSLGGMNTEAFF	1
CASSSSPHNWNEQFF	1
CASSSSDEQYF	1
CASSSSTQTSYEQYF	1
CASSSSGGEGIKTNEKLFF	1
CASSSLGLERTGELFF	1
CASSSLDRGLYEQYF	1
CASSSPGSSGRAYNEQFF	1
CASSSPGAGYEEQYF	1
CASSSPQGNEQFF	1
CASSSRLAGTDTQYF	1
CASSSRRATGTYEQYF	1
CASSSHGVKADTQYF	1
CASSSQTGSSDTQYF	1
CASSSVPSGLETQYF	1
CASSSGLLGHEQFF	1
CASSSGLAGDLNNEQFF	1
CASSSGQGYEQYF	1
CASSSNSGGASNEQFF	1
CASSSSPGGEKSEQFF	1
CASSSSRLAGPTDTQYF	1
CASSSWYTQYF	1
CASSSYRDSFYEQYF	1
CASSSLGQGEKLFF	1
CASSSPSTRVDTQYF	1
CASSSPGTGSYEQYF	1
CASSSVGYTF	1
CASSSAPLGLPGLSGTDTQYF	1
CASSSGGHGGEEFF	1
CASSSGQISYEQYF	1
CASSSDSLLYNEQFF	1
CASSSTSGVRETQYF	1
CASSSTRAGNFEQFF	1
CASSSTSGREQYF	1
CASSSTVHEQYF	1
CASSSTGVGDNEQFF	1
CASSSNPGQPTDTQYF	1
CASSSNGGTYNEQFF	1
CASSSKRVIFPNYGYTF	1
CASSSSYSQPQHF	1
CASSSWGTTLAETQYF	1
CASSSYYEQYF	1
CASSSLPGPDPPSNNEQFF	1
CASSSQGETQYF	1
CASSSQVVGQGAPFGGLSKGKTQYF	1
CASSSAGTSSHRDTQYF	1
CASSSGSYEQYF	1
CASSSGDQPQHF	1
CASSSDLRLETQYF	1
CASSSIPSPDTQYF	1
CASSSTGTTPGYEQYF	1
CASSWLLGTDTQYF	1
CASSWRGEAPTDTQYF	1
CASSWVGNYREQYF	1
CASSWADRGVYNEQFF	1
CASSWGARGEIYEQYF	1
CASSWGTSGPYNEQFF	1
CASSWDSWGMDTGELFF	1
CASSWDGHYQETQYF	1
CASSWTGDSYEQYF	1
CASSWKPGTGTYEQYF	1
CASSYGQGYPYEQYF	1
CASSYNNYEQYF	1
CASSYLPSGNSRQYF	1
CASSYPRGRGYYGYTF	1
CASSYRDRQETQYF	1
CASSYREYNEQFF	1
CASSYKPTGNGNEQFF	1
CASSLLAGVDEQYF	1
CASSLRASSSYEQYF	1
CASSLGVIAGEVYEQYF	1
CASSLGTSLYEQYF	1
CASSLTPGGKREQYF	1
CASSLTAEGYTF	1
CASSLSGRETQYF	1
CASSLSTGDIQYF	1
CASSLWTSGTRYNEQFF	1
CASSLLLPGLAGEADTQYF	1
CASSLPRGRSGGYTF	1
CASSLQLETQYF	1
CASSLGGASGGADEQFF	1
CASSLGDRDHEQYF	1
CASSLGTSGGASQETQYF	1
CASSLGQGTDTQYF	1
CASSLGQGALTEAFF	1
CASSLDSGTLKQDEQFF	1
CASSLDRAVEQFF	1
CASSLSSRPQETQYF	1
CASSLRLAGVSPYNEQFF	1
CASSLRAESYEQYF	1
CASSLNSLDNEQFF	1
CASSLRDRGQGQYF	1
CASSLRLAGATGELFF	1
CASSLFGYTF	1
CASSLLGVHEQFF	1
CASSLLAGDRNEQFF	1
CASSLRDRMSFEQFF	1
CASSLRMSGELFF	1
CASSLGHNGKYF	1
CASSLGWNYEQYF	1
CASSLGLASLNEQFF	1
CASSLEQGEASAKNIQYF	1
CASSLELGTGLKREQFF	1
CASSLTTGATDTQYF	1
CASSLTGTYGYTF	1
CASSLSGIGSYGYTF	1
CASSLRQGLTPGYTF	1
CASSLKTGANSPLHF	1
CASSPSLAGNDEQFF	1
CASSPPPTGGADTQYF	1
CASSPPGRTYNEQFF	1
CASSPQETQYF	1
CASSPEGTGNYEQYF	1
CASSPSGGVNEQFF	1
CASSPRTGGFGTDTQYF	1
CASSPRNGTVETQYF	1
CASSPKGGGRQSQETQYF	1
CASSPSWEVGDTQYF	1
CASSPSAGGPYNEQFF	1
CASSPWTSGGNEQFF	1
CASSPYISSYEQYF	1
CASSPPVDSRIGQYF	1
CASSPPTGVPNTGELFF	1
CASSPPLFSYNEQFF	1
CASSPPAVTNTGELFF	1
CASSPRQGQGPLHF	1
CASSPRLTGANVLTF	1
CASSPRQGRDEQYF	1
CASSPRGLYEQYF	1
CASSPHEREILDTQYF	1
CASSPQDWGNEQFF	1
CASSPQSAPWGQYF	1
CASSPVSYYEQYF	1
CASSPVGEAIPGANEQFF	1
CASSPGATYEQYF	1
CASSPGGGSYEQYF	1
CASSPGTSGNNEQFF	1
CASSPGTRSLYEQYF	1
CASSPGTYSYNEQFF	1
CASSPGRISYEQYF	1
CASSPGQGAYNEQFF	1
CASSPEGQIGPGELFF	1
CASSPEAAPSTDTQYF	1
CASSPIPLGYEQYF	1
CASSPTSGVDTQYF	1
CASSPRGETQYF	1
CASSPRGTSVSYEQYF	1
CASSPREGLAGELFF	1
CASSPRRSGTGMNEQYF	1
CASSPSWGGGLVEQFF	1
CASSPSLAFEQYF	1
CASSPSTGDTGELFF	1
CASSPWRSYEQYF	1
CASSPPRRESNEQFF	1
CASSPRVSRETQYF	1
CASSPRTEDTQYF	1
CASSPHGTGAGEQYF	1
CASSPHWTAREAEQYF	1
CASSPGGGGLHEQFF	1
CASSPGHRQETQYF	1
CASSPGQGGTGELFF	1
CASSPDFINYEQYF	1
CASSPDRVYEQYF	1
CASSPDRGEQYF	1
CASSPEIYEQYF	1
CASSPIHLAFGEQFF	1
CASSPTDTPWETQYF	1
CASSPTSGRALGNTGELFF	1
CASSPTGAPYEQYF	1
CASSPSGGGSGELFF	1
CASSPRLGWQYF	1
CASSPRTGGDQPQHF	1
CASSPNRGTDTQYF	1
CASSPFEGRADTQYF	1
CASSPLGTDLYEQYF	1
CASSPWRGQGAIGYTF	1
CASSPPSVAGYEQYF	1
CASSPPTGGDSSYEQYF	1
CASSPRTGSGSPLHF	1
CASSPVGGVYEQYF	1
CASSPAGQVWSETQYF	1
CASSPGVGSSYEQYF	1
CASSPEDSWNIQYF	1
CASSPIPTGGENDQPQHF	1
CASSPTGARYEQYF	1
CASSPSLLDTQYF	1
CASSPRSGTNNEQFF	1
CASSPRQGAYEQYF	1
CASSPNRGPDTQYF	1
CASSRSSGGAGEQFF	1
CASSRWDSPYEQYF	1
CASSRRTSGRALFSEQYF	1
CASSRTYEQYF	1
CASSRRQGDYEQYF	1
CASSRLVGSSQVSYNEQFF	1
CASSRRDRISYEQYF	1
CASSRAKGSPLHF	1
CASSRGRQYSSYEQYF	1
CASSRTRGSYNEQFF	1
CASSRTRPTSSDRNEQFF	1
CASSRKTGDGYTF	1
CASSRSGSGGADTQYF	1
CASSRPVGSETQYF	1
CASSRPVGREGNEQFF	1
CASSRRTSGGTGELFF	1
CASSRGDRTFGELFF	1
CASSRGTEGYNEQFF	1
CASSRGRSAGVSDTQYF	1
CASSRGQGGKANTGELFF	1
CASSRDTLYNEQFF	1
CASSRDTGLRFYYGYTF	1
CASSRMRAPAGALPLTDTQYF	1
CASSRTGWGETQYF	1
CASSRSGGEYEQYF	1
CASSRSLDEQYF	1
CASSRPTGVQETQYF	1
CASSRRDTFGEQYF	1
CASSRRTSGSSYNEQFF	1
CASSRRTGADQETQYF	1
CASSRRISGPTGDTQYF	1
CASSRVASSYNEQFF	1
CASSRVVAENTDTQYF	1
CASSRGSTGTDEQYF	1
CASSRGPSRVGEQFF	1
CASSRDRGPYEQYF	1
CASSRERSYNEQFF	1
CASSRTPRGETQYF	1
CASSRTSGTGWDEQFF	1
CASSRTDRGYWGDTQYF	1
CASSRRKHGTEQYQETQYF	1
CASSRKGQGAYNEQFF	1
CASSHLGQRGRRADTQYF	1
CASSHSLTSDETQYF	1
CASSHSAGGQETQYF	1
CASSHYSEETQYF	1
CASSHTSNEQFF	1
CASSHTPDNNEQFF	1
CASSHSGTAYQETQYF	1
CASSHSTTGGNYGYTF	1
CASSHSAGLASIYYEQYF	1
CASSHLGGEEQLFF	1
CASSHLTYEQYF	1
CASSHQEERTQETQYF	1
CASSHEVGTGVYNEQFF	1
CASSHTSGRVNEQFF	1
CASSQLLGNEQFF	1
CASSQPGTHELYEQYF	1
CASSQREARFRTQYF	1
CASSQVTGTNIIDEQFF	1
CASSQAPRGPRRGWEQFF	1
CASSQAGTSSNEQFF	1
CASSQGRLAHATQYF	1
CASSQGRLALPIF	1
CASSQGQYYEQYF	1
CASSQDRGGNQPQHF	1
CASSQDRKIYNEQFF	1
CASSQDKNYNEQFF	1
CASSQTSVRETQYF	1
CASSQTSGGADTQYF	1
CASSQRTGGQSGYTF	1
CASSQNRGGSSYNEQFF	1
CASSQYRGSTDTQYF	1
CASSQLASYNEQFF	1
CASSQLAGAYEQYF	1
CASSQPNYGYTF	1
CASSQPGSDTQYF	1
CASSQHGRVYEQFF	1
CASSQQILAGVSGQYF	1
CASSQVASGGRGEQYF	1
CASSQVGGVENNEQFF	1
CASSQVGGDSRKLFF	1
CASSQVNFDNEQFF	1
CASSQVLGAYEQYF	1
CASSQVTSAGAWNEQFF	1
CASSQVSGSFQETQYF	1
CASSQAGYEQFF	1
CASSQASSGGDTDTQYF	1
CASSQARGFTDTQYF	1
CASSQASGHEQFF	1
CASSQGFSSYNEQFF	1
CASSQGSGRWNNEQFF	1
CASSQGVYLNYNEQFF	1
CASSQGLGQYTYEQYF	1
CASSQGQHNQPQHF	1
CASSQGVAGEGLLAKNIQYF	1
CASSQGVGLTGELFF	1
CASSQGVLDKKTYEQYF	1
CASSQGAIAGGHIDTQYF	1
CASSQGDRANYEQYF	1
CASSQGEVDQPQHF	1
CASSQGTRDLSRYEQYF	1
CASSQGTVDYGYTF	1
CASSQGLAGPLPKTQYF	1
CASSQGPPGLSSYNEQFF	1
CASSQDFLATTDTQYF	1
CASSQDSGLKETQYF	1
CASSQDSHEQFF	1
CASSQDLAPSGYTF	1
CASSQDPAGNYGYTF	1
CASSQDPGVWGYTF	1
CASSQDVTSGSETQYF	1
CASSQDEFAQIPQETQYF	1
CASSQDSSGPYNEQFF	1
CASSQDRDPGPRESYNEQFF	1
CASSQDRGPYEQYF	1
CASSQDNQPQHF	1
CASSQEQALAGGGELFF	1
CASSQEGTRGETQYF	1
CASSVGQGSGSPLHF	1
CASSVNPYNEQFF	1
CASSVWAGGLPGSYNEQFF	1
CASSVGGISYNEQFF	1
CASSVDLSQGNEQFF	1
CASSVEADTGVQFF	1
CASSVGQGSYEQYF	1
CASSVTSGKNIQYF	1
CASSVVSGRAANEQFF	1
CASSVAVGTTYEQYF	1
CASSVANGALPTDTQYF	1
CASSVAGAYNEQFF	1
CASSVGTSGAEIPYEQYF	1
CASSVGSHQPQHF	1
CASSVGRTEETQYF	1
CASSVESLAGSEDTQYF	1
CASSVEVGGGSYNEQFF	1
CASSVETGGVQFF	1
CASSASSADSYNEQFF	1
CASSASGTTSDTIYF	1
CASSAWTSWTYNEQFF	1
CASSARAGVDTQYF	1
CASSAAGGLAGGATSYNEQFF	1
CASSAGPDSNQPQHF	1
CASSAGTSGNYNEQFF	1
CASSAGREGGEKLFF	1
CASSAGQGLLIYEQYF	1
CASSAGQSHNEQFF	1
CASSATVGVDTQYF	1
CASSASGINNEQFF	1
CASSALAGVTYEQYF	1
CASSAGGPRDEQYF	1
CASSAIAGGRNEQFF	1
CASSGPGAPTDTQYF	1
CASSGLGPVTSTDTQYF	1
CASSGLADSYEQYF	1
CASSGPPPTNEKLFF	1
CASSGGSNYGYTF	1
CASSGGQGGGQPQHF	1
CASSGTGYNEQFF	1
CASSGQVWYGYTF	1
CASSGEHLSYNEQFF	1
CASSDLTSGRETQYF	1
CASSDLFGQGSVGELFF	1
CASSEHGRGYTF	1
CASSEEGLAGDEQYF	1
CASSEIGQLYEQYF	1
CASSETLLGVVSSYNEQFF	1
CASSIKGADTQYF	1
CASSIGLAGRYNEQFF	1
CASSITSGGGQFF	1
CASSMLDRAGNTIYF	1
CASSMGVSSYEQYF	1
CASSMTSASNEQFF	1
CASSIETVRLYEQYF	1
CASSIIGTSGQETQYF	1
CASSITSGGYNEQFF	1
CASSTYRGHNEKLFF	1
CASSTHGRRNEQFF	1
CASSTRTGEETQYF	1
CASSTGTSGTDTQYF	1
CASSTGQNTEAFF	1
CASSTTSGSAETQYF	1
CASSTGGTRRETQYF	1
CASSSRQGYEQYF	1
CASSSDSGGLKDTQYF	1
CASSSRQGAMTDTQYF	1
CASSRSQGPDTQYF	1
CASSREGSITYEQYF	1
CASSRTSGVPDTQYF	1
CASSRLAGVGNEQFF	1
CASSRSEGYEQYF	1
CASSNVGGRTPLVNEQFF	1
CASSNPGVPFHEQFF	1
CASSNGLGEAGELFF	1
CASSNTGTGYYEQYF	1
CASSNTGNTYEQYF	1
CASSKLTSEEQYF	1
CASSKQVGYEQYF	1
CASSKQSSTDTQYF	1
CASSKGQEKNIQYF	1
CASSKEQITGQGAYEQYF	1
CASRLDSIYEQYF	1
CASRLTGAGETQYF	1
CASRSSGSSYEQYF	1
CASRSGTSGYLYNEQFF	1
CASRSGQLLEQYF	1
CASRWGRGRGRTDTQYF	1
CASRPLQGRAGELFF	1
CASRPPGTGNTGELFF	1
CASRPQSYGYTF	1
CASRPAGSSNYGYTF	1
CASRPGPTTPNEQFF	1
CASRPLTREGTDTQYF	1
CASRPVDTDTQYF	1
CASRPGQGAYNEQFF	1
CASRRLTGGDYGYTF	1
CASRRDSDTQYF	1
CASRRTASYEQYF	1
CASRRLAGYNEQFF	1
CASRAQNNNEQFF	1
CASRGFPGDRGGETQYF	1
CASRGYGYTF	1
CASRGKVNQPQHF	1
CASRGAAETQYF	1
CASRGERGSIGELFF	1
CASRGISRVTPRDTQYF	1
CASRGMMNTGELFF	1
CASRGTSGGALYNEQFF	1
CASRGQGVGNQPQHF	1
CASRGGASSYNSPLHF	1
CASRDGRRTAGEAFF	1
CASRDSFTSYEQYF	1
CASRDRVHNEQFF	1
CASRERDGLNEQYF	1
CASRIGLSPTDTQYF	1
CASRMAPGGTEAFF	1
CASRMGTGQYEQYF	1
CASRTSGGAGETQYF	1
CASRTSGDTQYF	1
CASRTSGQETQYF	1
CASRTPGEGNTEAFF	1
CASRTDVSSYNEQFF	1
CASRTTAYNEQFF	1
CASRTGWNTEAFF	1
CASRTGLAGNEQFF	1
CASRTTGTSGDEQYF	1
CASRSLLWAGGPTDTQYF	1
CASRSLAGGTVYNEQFF	1
CASRSPTSGSNQQYF	1
CASRRDRGGGYTF	1
CASRRTGRNQPQHF	1
CASRRQGIGELFF	1
CASRKSGGVGYEQYF	1
CASRFGQGNQPQHF	1
CASRLGALSYEQYF	1
CASRSDSYSGNTIYF	1
CASRSIEGAGQPQHF	1
CASRSIFGTGGDEQYF	1
CASRSRVANVLTF	1
CASRLSGSSGEQFF	1
CASRLPGTESNQPQHF	1
CASRLAGRGAQYF	1
CASRLAGANTGELFF	1
CASRPPGGGREQYF	1
CASRPALFLSNYGYTF	1
CASRPGTKETQYF	1
CASRPTSGRPSGYEQFF	1
CASRPGQGVIEQYF	1
CASRPTANTGELFF	1
CASRRGELAGVSGSYEQYF	1
CASRRDPQVTDTQYF	1
CASRRTGSYNEQFF	1
CASRRQGSEYEQYF	1
CASRHLTHHNEQFF	1
CASRQRGLGETQYF	1
CASRQKNRVQETQYF	1
CASRASGLPGPETQYF	1
CASRGGGQGSTDTQYF	1
CASRGTSGLVYEQYF	1
CASRGSGGAFGELFF	1
CASRGQNTDTQYF	1
CASRGSIWGTDTQYF	1
CASREGLAAYEQYF	1
CASRERLAGLRNEQFF	1
CASRIRGGTEAFF	1
CASRIGTAYNEQFF	1
CASRTFAGDINEQFF	1
CASRTGGGETQYF	1
CASRSSGMGLYEQYF	1
CASRSQYEQYF	1
CASRKPLGLASGMTVGNEQFF	1
CASRKQDPKTQYF	1
CASRKMTGTGSEQYF	1
CASNPRPGEQYF	1
CASNHRDNYNEQFF	1
CASNGKRGEQYF	1
CASNGDSYEQYF	1
CASNKGGGRGFFEQYF	1
CASNSIPGQNYGYTF	1
CASNSRNEQFF	1
CASNSDRGYNEQFF	1
CASNLPGLLYEQYF	1
CASNRDAAGGSHEQFF	1
CASNAEFGREQYF	1
CASNGGGGLAGVQETQYF	1
CASNDRSSSYEQYF	1
CASNTSPGLAGAGTQYF	1
CASNTGFVVLTGELFF	1
CASKVLRGANHEQFF	1
CASKVRGRFYEQYF	1
CASKADRWDSPLHF	1
CASKGRWGEETQYF	1
CASKFGGAGYNSPLHF	1
CASKLGGGASYEQYF	1
CASKLRPDRGEEQYF	1
CASKPQAINEQFF	1
CASKVGPRESDTQYF	1
CASKGTVEVHEQFF	1
CASKDRGLSGNEQFF	1
CASKTGPGSAGELFF	1
CASKNDGEQYF	1
CAREAGVDNEQFF	1
CANRAAGGNEQFF	1
CAALSEGYEQYF	1
CASSRKTEPTKNIQYF	1
CGTRGGVGNEQYF	1
CAASRGAGTDTQYF	1
CATQGVSGITDTQYF	1
CASHKTREGNEQFF	1
CASQVGLQYNEQFF	1
CASLGTGWNEQFF	1
CASSRNRQFF	1
CASSEGFSVNEQFF	1
CASWGLAGNTDTQYF	1
CASYPLTSDTQYF	1
CASLGTSGPNTGELFF	1
CASLQALDTDTQYF	1
CASRQREIDTQYF	1
CASRQGGDSPLHF	1
CASRGATSEYEQFF	1
CASGTSGSYNEQFF	1
CASGQGRHEQYF	1
CASGLAFTDEQFF	1
CASEGYQGASGGASYNEQFF	1
CASITVQETQYF	1
CASMFETTNTGELFF	1
CASMIGSAYNEQFF	1
CASTSGLDETYEQYF	1
CASTTGRPNSYEQYF	1
CASTYQIETNNEQFF	1
CASTPGGLVLEQFF	1
CASTHMVKDEQFF	1
CASTILAGGYNEQFF	1
CASTRDRSYEQYF	1
CASSSLTDTQYF	1
CASSLDQETQYF	1
CASSPVLEGFGQYF	1
CASSRGETQYF	1
CASSRGPEIRQETQYF	1
CASSRISPMWGETQYF	1
CASSHAAGTSGRAAGELFF	1
CASSVGGIGYNEQFF	1
CASSAGINEQFF	1
CASSDEGQGWRVYEQYF	1
CASSESARAGVSYEQYF	1
CASSESGVYNEQFF	1
CASSERESNEQFF	1
CASSETGTIRTQYF	1
CASSFLGLAVSYNEQFF	1
CASSFRLAGGVNEQFF	1
CASSFQGALDYGYTF	1
CASSFAGFEQFF	1
CASSFAGGTDTQYF	1
CASSFAGQLDEQYF	1
CASSFGSSGRADYNEQFF	1
CASSFGRSSTDTQYF	1
CASSFGGQQETQYF	1
CASSFGRGRTDTQYF	1
CASSFGAGTDTQYF	1
CASSFDRSYEQYF	1
CASSFIKGLAVYNEQFF	1
CASSFTSGSYDGYTF	1
CASSFTGQNIQYF	1
CASSFNRGEVPFTDTQYF	1
CASSFYNQETQYF	1
CASSFLAGGSTYEQYF	1
CASSFPLNLQGPTHNEQFF	1
CASSFPGTSSGELFF	1
CASSFQGRTNEKLFF	1
CASSFAPIRRGNEQYF	1
CASSFAGGTYEQYF	1
CASSFGQPRLYEQYF	1
CASSFGTRGRSTDTQYF	1
CASSFGTGVIEQYF	1
CASSFSQGYAEQYF	1
CASSLFRDGEQYF	1
CASSLSSAGYADTQYF	1
CASSLSGLTSNEQFF	1
CASSLSTVNTGELFF	1
CASSLSHGSLREQYF	1
CASSLWGFDTGELFF	1
CASSLWGEKNYYEQYF	1
CASSLYRDSGYEQYF	1
CASSLLAGDLYNEQFF	1
CASSLLARMNTGELFF	1
CASSLPQTYTDTQYF	1
CASSLRGGRITYNEQFF	1
CASSLREWRTEAFF	1
CASSLRPTQYF	1
CASSLRDSGGYTF	1
CASSLHRGRAADTQYF	1
CASSLQGLAGDTQYF	1
CASSLVFGVVDTEAFF	1
CASSLVGGETQYF	1
CASSLVGHTTDTQYF	1
CASSLVGDTYEQYF	1
CASSLVGTNTDTQYF	1
CASSLVGTSTGPYEQYF	1
CASSLVKYGLAGVTEQFF	1
CASSLVAAEQYF	1
CASSLVLGTSYEQYF	1
CASSLVLSGTGGTGELFF	1
CASSLVASGYNEQFF	1
CASSLVAGGGGELFF	1
CASSLVASYNEQFF	1
CASSLVGQNYEQYF	1
CASSLVEGAYNEQFF	1
CASSLVVQGAGEQFF	1
CASSLALHAYEQYF	1
CASSLASSGIRYNEQFF	1
CASSLASRVRNYGHTF	1
CASSLARDREDAGELFF	1
CASSLAQAGVTSTDTQYF	1
CASSLAGSQGNTIYF	1
CASSLAGRNEQFF	1
CASSLARDTQYF	1
CASSLASGGDTQYF	1
CASSLAGPQETQYF	1
CASSLAGGDSYEQYF	1
CASSLAGSISYEQYF	1
CASSLAGANTGELFF	1
CASSLGPQGARNQPQHF	1
CASSLGQGPYEQYF	1
CASSLGQGQVEQFF	1
CASSLGDPGLAGVPGELFF	1
CASSLGDRSNEQFF	1
CASSLGSGNAYEQYF	1
CASSLGPLNEQFF	1
CASSLGGGTYNEQFF	1
CASSLGGELFF	1
CASSLGEGQSTDTQYF	1
CASSLGSSYEQYF	1
CASSLGSASSYEQYF	1
CASSLGSKTTYEQYF	1
CASSLGNEQFF	1
CASSLGLLAGSYEQYF	1
CASSLGSGTYEQYF	1
CASSLGQGSNEQFF	1
CASSLGATGDEQFF	1
CASSLGGPTDTQYF	1
CASSLGDSSYEQYF	1
CASSLGDRPWDRSYEQYF	1
CASSLGDRAAEKLFF	1
CASSLGIPPREQFF	1
CASSLGTSGSYNEQFF	1
CASSLGSWEYRYNEQFF	1
CASSLGWGRGNEQYF	1
CASSLGLAGAPTYEQYF	1
CASSLGLAEDEQFF	1
CASSLGPSGRTDTQYF	1
CASSLGQGGYSYNEQFF	1
CASSLGQTTDTQYF	1
CASSLGIAGIVEQFF	1
CASSLDLWRLEGTEAFF	1
CASSLDLGGVFF	1
CASSLDRRGYEQYF	1
CASSLDGQLHQPQHF	1
CASSLDRVSTDTQYF	1
CASSLDRADGELFF	1
CASSLDRGEQYF	1
CASSLDRGLAYEQFF	1
CASSLDRLAGVGMNYEQYF	1
CASSLDKFPSYNEQFF	1
CASSLELGPYEQYF	1
CASSLEALGGELFF	1
CASSLEGTQQFF	1
CASSLEGTGGYNEQFF	1
CASSLEGQGYEQYF	1
CASSLEDRVGYEQYF	1
CASSLESEDTQYF	1
CASSLELAGSRPTYNEQFF	1
CASSLEYGASYEQYF	1
CASSLERPPADTQYF	1
CASSLEQGKDEQFF	1
CASSLEGYPGTDTQYF	1
CASSLEGHSNQPQHF	1
CASSLEIRSGANEQFF	1
CASSLETGSDEQYF	1
CASSLIPGQGMTIGELFF	1
CASSLTSGADTQYF	1
CASSLTSGSLYEQFF	1
CASSLTSGAYEQYF	1
CASSLTGTHGSYEQYF	1
CASSLTKNSGRVYEQYF	1
CASSLTGLNTEAFF	1
CASSLSLGTSGSYEQFF	1
CASSLRDRANSLGYNEQFF	1
CASSLRTGKGTYEQYF	1
CASSLRGTSGVDPRRGLPEQFF	1
CASSLNGGREQYF	1
CASSLSSGTNEQFF	1
CASSLSGGPTDTQYF	1
CASSLPWSGEGNEQFF	1
CASSLPGASEQYF	1
CASSLQYSRTHEQYF	1
CASSLVSGTDTQYF	1
CASSLVGTGELFF	1
CASSLADPPYEQYF	1
CASSLAILAGGNNEQFF	1
CASSLGLAGLTDTQYF	1
CASSLGHNSYEQYF	1
CASSLISTQPTDTQYF	1
CASSLIQGPKNIQYF	1
CASSLKTSSTDTQYF	1
CASSSLDGASSGEQYF	1
CASSSPNTGELFF	1
CASSSGLVRTGELFF	1
CASSSSSGRGYGYTF	1
CASSSRGGEQFF	1
CASSSYGQSTNEKLFF	1
CASSSLSGLGSGRPSSYNEQFF	1
CASSSLLGNNEQFF	1
CASSSLRQDRGYTF	1
CASSSQETSDSGELFF	1
CASSSGTNTGELFF	1
CASSSGTGWINPYEQYF	1
CASSSGSSYNEQFF	1
CASSSGLAGGDEQYF	1
CASSSDGTGELFF	1
CASSSTLGGDLYGYTF	1
CASSSRGLVYNEQFF	1
CASSSNRGPNNEQFF	1
CASSSKGVPSISSYNEQFF	1
CASSSWGLAGSDTQYF	1
CASSSGTTTDTQYF	1
CASSSGLAGGSYEQYF	1
CASSSGLGGYNEQFF	1
CASSSGQYYTF	1
CASSSGQRSSYEQYF	1
CASSSGQGPKTNEQFF	1
CASSSETSGNTDTQYF	1
CASSSTSGRKNEQFF	1
CASSSRGEQYF	1
CASSSWGGPATDTQYF	1
CASSSASGRTEQYF	1
CASSSGGGELFF	1
CASSSGTSSTDTQYF	1
CASSSGQGAGDTQYF	1
CASSSMWTSGYNEQFF	1
CASSWLRQANTGELFF	1
CASSWARGNTEAFF	1
CASSWGQAGYNEQFF	1
CASSWDGTSGRF	1
CASSWTSGSSYEQYF	1
CASSYLGRGTYEQYF	1
CASSYRTLVNSPLHF	1
CASSYRTPYRDTGELFF	1
CASSYRQVSSYEQYF	1
CASSLRQGFSYEQYF	1
CASSLSGGVVFGEQFF	1
CASSLLQGSGGYTF	1
CASSLPQGIQYF	1
CASSLRSEGQANEQFF	1
CASSLGTSGGGHLETQYF	1
CASSLGLVNEQFF	1
CASSLTQGAHNEQFF	1
CASSLDRSNEQFF	1
CASSLESGTGELFF	1
CASSLRTGNDEQYF	1
CASSLHQPQHF	1
CASSLQDPGRHEQYF	1
CASSPLWASEIANTGELFF	1
CASSPLGEGEGPHEQFF	1
CASSPRTGKYYNEQFF	1
CASSPRLLPPYNEQFF	1
CASSPRAEGETQYF	1
CASSPTGGSDTQYF	1
CASSPKGLAGGFYEQYF	1
CASSPLSPGLDNEQFF	1
CASSPRLDRGRLNTEAFF	1
CASSPQRSSYNEQFF	1
CASSPQRAASYNEQFF	1
CASSPVPTSGADNEQFF	1
CASSPAGTSAYYNEQFF	1
CASSPAGGLETQYF	1
CASSPGPRAGPHNEQFF	1
CASSPGTLGTNNEQFF	1
CASSPTSGNYNEQFF	1
CASSPTRPGQTYEQYF	1
CASSPNPRYNEQFF	1
CASSPSSGAGEQFF	1
CASSPSIAGATQYF	1
CASSPAGTGSSYEQYF	1
CASSPAATGTGELFF	1
CASSPGDGANTGELFF	1
CASSPGTRDSYEQYF	1
CASSPGRGGPNYEQYF	1
CASSPKGQGSYEQYF	1
CASSPPTGDGDEQYF	1
CASSPGEGVLNPHNEQFF	1
CASSPTPVTSGSPNEQFF	1
CASSPRRHEQYF	1
CASSRSGETQYF	1
CASSRWLAGDTHEQYF	1
CASSRIAGGYNEQFF	1
CASSRTPAYTDTQYF	1
CASSRRTSGSHNEQFF	1
CASSRYGTGELFF	1
CASSRGLAGFDEQFF	1
CASSHAGTEETQYF	1
CASSHTQGVDNEQFF	1
CASSHPTDRRISYEQYF	1
CASSHPPYEQYF	1
CASSHGTGLTYEQYF	1
CASSHGNEEEQYF	1
CASSHGLAGGPGELFF	1
CASSQQGTGVADTQYF	1
CASSQGQRVDEQYF	1
CASSQTNEQFF	1
CASSQFFRFVGTGSREQYF	1
CASSQFREETQYF	1
CASSQSLEGDEQYF	1
CASSQPLAGARNTQYF	1
CASSQPAVGVMETQYF	1
CASSQRPRGDRDNYGYTF	1
CASSQHGNTEAFF	1
CASSQVQGYGYTF	1
CASSQVAVPNNEQFF	1
CASSQVGLPHYNEQFF	1
CASSQARASGSFTYEQYF	1
CASSQAGTGLYEQYF	1
CASSQAAPLAKNIQYF	1
CASSQAAGLAGHSYNEQFF	1
CASSQAGFEGGSYNEQFF	1
CASSQARVERGASYEQYF	1
CASSQGLLGQGVGSNEQFF	1
CASSQGSASADTQYF	1
CASSQGGGSAYEQYF	1
CASSQGRAYRAAEQYF	1
CASSQGYNEQFF	1
CASSQGRMRDSGYEQYF	1
CASSQGISTGAYQETQYF	1
CASSQGSQETQYF	1
CASSQDLLAGVSDTQYF	1
CASSQDPLWSSYNEQFF	1
CASSQDRSTSTDTQYF	1
CASSQDRYQPQHF	1
CASSQDHWQAYEQYF	1
CASSQDGQVAGPFVWYNEQFF	1
CASSQDTGKETQYF	1
CASSQDRITGNEQFF	1
CASSQDLDSGEQFF	1
CASSQDWTQNNEQFF	1
CASSQDRGRAIYYEQFF	1
CASSQDRLGTGPYEQYF	1
CASSQDAGLDNNNEQFF	1
CASSQEGSGETQYF	1
CASSQENRGYEQYF	1
CASSQEDNLNYGYTF	1
CASSQERSLAGIQETQYF	1
CASSQTTRDEQFF	1
CASSQTSGRHQETQYF	1
CASSQRQGGENEQYF	1
CASSQRTGMRRYTF	1
CASSQKDAGTGPQTYEQYF	1
CASSVQARGISYEQYF	1
CASSVQGYEQYF	1
CASSVGTAVGETQYF	1
CASSASGSTDEQFF	1
CASSAADYLNTGELFF	1
CASSAGTGLETQYF	1
CASSAGDGTRFF	1
CASSGAPYEQYF	1
CASSGGLAGGRTYEQYF	1
CASSGRTGGLNEQYF	1
CASSGRTGSSGNTIYF	1
CASSGAPGTGRGNEQFF	1
CASSGGTGRGSNEQYF	1
CASSGEENIQYF	1
CASSDQGLIEQFF	1
CASSDYNEQFF	1
CASSEQGLASYEQYF	1
CASSEGSTDTQYF	1
CASSIGTSGAVDTQYF	1
CASSIGTQNTEAFF	1
CASSMVLAGGQFF	1
CASSISRDTQYF	1
CASSTGLLNEQFF	1
CASSTRDSNRNTEAFF	1
CASSTAGNTEAFF	1
CASSTGRWTGGTGELFF	1
CASSTGLAGVPSTDTQYF	1
CASSTTGFQETQYF	1
CASSSTGTGIYEQYF	1
CASSSTGGRSGELFF	1
CASSRTGPTYEQYF	1
CASSNFPGTDTQYF	1
CASSNPAGGPHEQFF	1
CASSKSRVPTPNEQFF	1
CASSKGGGTGSDEQFF	1
CASRYNRDSNHEQYF	1
CASRPSSGRFNEQFF	1
CASRAGQGDNTGELFF	1
CASRGGGRTDTQYF	1
CASRDGHSSYEQYF	1
CASRFAGIPPDTQYF	1
CASRQLPDTYGYTF	1
CASRIPSLSGELFF	1
CASRKSGQGTDTQYF	1
CASNPQGRTIAKNIQYF	1
CASNPRTSGSGADTQYF	1
CASNEPGASNYEQYF	1
CASNNAGEGEQYF	1
CASNKDRVKGYTF	1
CASKSEPSYEQYF	1
CASKEGQGAQTEAFF	1
CASKNTDTQYF	1
CSPLAGGPYEQYF	1
CSVLVPRETQYF	1
CSVPGVRIGYTF	1
CSVDSTAASTKTQYF	1
CSVTGVKGTGQETQYF	1
CSVTGSSYNEQFF	1
CSAFPGYNEQFF	1
CSAFISGGSSYEQYF	1
CSASVLGTYEQYF	1
CSALTGKNGQYF	1
CSAPGRYFSYEQYF	1
CSAPTGLNYNEQFF	1
CSAPRRGAETQYF	1
CSAPPPGTSGGELFF	1
CSAPRTSLGYEQYF	1
CSARSGARGNEQFF	1
CSAQSPGLAEYNEQFF	1
CSAAKVGVGPAYEQYF	1
CSAATRSGRESEQYF	1
CSAGSLEETQYF	1
CSAGETQGARGEQYF	1
CSAGATPWSYEQYF	1
CSAGAGEDIQYF	1
CSAGGSRSSYNEQFF	1
CSAGLAGGPPLASYEQYF	1
CSADKPGLAGVSEQYF	1
CSAIFGILDEQYF	1
CSAMGRVEEEQYF	1
CSAMGQIAEQYF	1
CSAIVFRAPSYEQYF	1
CSATSGSRHEQYF	1
CSATLAGRNTDTQYF	1
CSATGTSGPETYEQYF	1
CSATRAGQGFSYEQYF	1
CSATGRDSYEQYF	1
CSATESQETQYF	1
CSASFGGPQDTQYF	1
CSASFTQGRGGYTF	1
CSASSSGILNEQFF	1
CSASLYPRESTYEQYF	1
CSASVVAPPYEQYF	1
CSASGDSNSYEQYF	1
CSASRGNEQYF	1
CSASRTGINEQFF	1
CSASPFGASSYEQYF	1
CSASTPRRGLETQYF	1
CSASRDSRSGANVLTF	1
CSARFLAGLTDTQYF	1
CSARGDREATYEQYF	1
CSARGTEYNEQFF	1
CSARGQVVIYEQYF	1
CSARGGGGVTQYF	1
CSARGGRDTEAFF	1
CSARGENTYNEQFF	1
CSARDPGTPGELFF	1
CSARERGHWDNEQFF	1
CSAREGRIYGEQYF	1
CSARKIPPIKYRQGEDIQYF	1
CSARFDSGRQETQYF	1
CSARLGLGYYGYTF	1
CSARSSLWEPNQPQHF	1
CSARYLRSSGSQQYF	1
CSARPSAGLVINEQFF	1
CSARPYTRDQYF	1
CSARRVTSYEQYF	1
CSARRGERGYEQYF	1
CSARVPTSPYEQYF	1
CSARVRDRGSYEQYF	1
CSARVGAGTYNEQFF	1
CSARVTVSTDTQYF	1
CSARVGPAGPGEQYF	1
CSARVGGLGEQYF	1
CSARVTSAPGEQYF	1
CSARVAGGRHNEQFF	1
CSARVTGSGYNEQFF	1
CSARASLGGLAYNEQFF	1
CSARAGGGTDTQYF	1
CSARAPEAGYNEQFF	1
CSARAPAFYEQYF	1
CSARGLTMPYNEQFF	1
CSARGGLAGGRTYNEQFF	1
CSARGPRGPGDEQFF	1
CSARGQKETQYF	1
CSARGGSGSYWETQYF	1
CSARDFDWGRDTGELFF	1
CSARDSRSSNEQFF	1
CSARDWYSHGYTF	1
CSARDLGGSLNQPQHF	1
CSARDLHTGTRAEQYF	1
CSARDPRLAGGVNTGELFF	1
CSARDPRQGDRDTQYF	1
CSARDPTGLLGYGYTF	1
CSARDPKASQETQYF	1
CSARDPGYGETQYF	1
CSARDHHGGTYEQYF	1
CSARDIAQETQYF	1
CSARDSAATDTQYF	1
CSARDNWGGDPQETQYF	1
CSARDKGESTDTQYF	1
CSARDAGGRTGELFF	1
CSARDSGGYNEQFF	1
CSARDRNKNIQYF	1
CSAREGGNIQYF	1
CSARESAIEKLFF	1
CSARESGETQYF	1
CSAREQELNYGYTF	1
CSAREQIRTLDNEQFF	1
CSAREGTEYNEQFF	1
CSARIRSSYEQYF	1
CSARTGEGQPQHF	1
CSARSGDSYEQYF	1
CSARRGAGTEETQYF	1
CSARKLLFTDTQYF	1
CSANLAGGRLTYEQYF	1
CSAKIGDQQETQYF	1
CSAKNAGILSREQYF	1
CSAYSGESSYEQYF	1
CSALDRGSETQYF	1
CSALPERYEQYF	1
CSALAGEDSSYEQYF	1
CSAPLRGRLETQYF	1
CSAHHRPQSYEQYF	1
CSAQDRGRIGPSGRNRF	1
CSAQRVDRGNTGELFF	1
CSAGNPGQGHSPLHF	1
CSAGTGIHPGLAGQETQYF	1
CSATAGGPRDTQYF	1
CSATPGGPYNEQFF	1
CSATGLAGVYNEQFF	1
CSATDRGPYEQYF	1
CSARSRRDTQYF	1
CSARDRAEYEQYF	1
CSALRSSRHTDTQYF	1
CSAPSRSYNEQFF	1
CSAHLLQGAYEQYF	1
CSAATSGSFEQFF	1
CSAGSGGMNTEAFF	1
CSATDRGDRGEQFF	1
CSARGTASSYEQYF	1
CSAPLYNEQFF	1
CSAHSGSSFYEQFF	1
CSAGGLEETQYF	1
CSANKPDRSDTQYF	1
CSAKGLADYEQYF	1
CSAKTGPGLAGEPSYNEQFF	1
CSAKRAPGGTQYF	1
CSGTTGTGGYEQYF	1
CSVLGLAAPSSYNEQFF	1
CSVWDRVNEQFF	1
CSVLRDVNEQFF	1
CSVLGGVGYTF	1
CSVPSGGTEQYF	1
CSVVLTGSTYEQYF	1
CSVVGGVGEQYF	1
CSVVKDSRNEQYF	1
CSVVVSQETQYF	1
CSVASGAYNEQFF	1
CSVAPGALYYEQYF	1
CSVAQRASYEQYF	1
CSVADGPQETQYF	1
CSVADHYGYTF	1
CSVGYRKGYTF	1
CSVGHRSGGGETQYF	1
CSVDLLRWYGLAVNEQFF	1
CSVDPGVRETQYF	1
CSVDPGGYEQYF	1
CSVDGQTDEQYF	1
CSVDEGQGMETQYF	1
CSVDMEETQYF	1
CSVDSGRAYEQYF	1
CSVESRADTQYF	1
CSVEDLLAGGIDEQFF	1
CSVEDLRTSNTQYF	1
CSVEIAYNEQFF	1
CSVERDDRYEQYF	1
CSVENPGQGRYEQYF	1
CSVSRGPGDTQYF	1
CSVSGTARQTNTEAFF	1
CSVRDPQGKLFF	1
CSVRDRVYEQYF	1
CSVAPGPYNEQFF	1
CSVNNMNTEAFF	1
CSVADSRSYEQYF	1
CSVGPRILQNEQFF	1
CSVTTGGSYEQYF	1
CSVNTGLAGGVYEQYF	1
CSVYLMDEQYF	1
CSVPYSGKVDEQFF	1
CSVRPRFTNEQFF	1
CSVRDGYNEQFF	1
CSAQGARGSEAFF	1
CSAVGHVGYNEQFF	1
CSAGTAIVNTEAFF	1
CSAEGTPGLAWNEQFF	1
CSATGTGGQPVYYNEQFF	1
CSATGLQQETQYF	1
CSATRGGRETQYF	1
CSATGLADNEQFF	1
CSATRLADNEQFF	1
CSARTGNTYEQYF	1
CSGGDFSYEQYF	1
CSGKTATGELFF	1
CSGKTGAYNEQFF	1
CSSRGRDFPGSEQYF	1
CSRGTSGGARYF	1
RASTPGAQRWYEQYF	1
RASSYRGRSEAFF	1
RASSLTCAVRLAGNNEQFF	1
RASSSTGQGGYEQYF	1
RASSSSPTSGREGDTQYF	1
RASSSLDNRGTEAFF	1
RASSPRGSGKDTQYF	1
RASSRAASGGLFSPDTQYF	1
CAISVGGGAGANVLTF	2
CATLLPAGDQLKYF	2
CASKGGELIEQYF	2
CASSFPAQGTDTQYF	2
CASSLQGFGADTQYF	2
CASSLVPGGGYNEQFF	2
CASSLSSPGELFF	2
CASSEDSSGANVLTF	2
CASSFGAQETQYF	2
CASSLAPDTQYF	2
CASSLDNNEQFF	2
CASSPRGRVLYNEQFF	2
CASSPTGEISGANVLTF	2
CASSLSGPAETQYF	2
CASSLDGDEQFF	2
CASSLSGAYQETQYF	2
CASSRAGANVLTF	2
CASSRGGFAGANVLTF	2
CSATTGTLYLVSGANVLTF	2
CSTSRDSRPLDTQYF	1
CASGLYGSSYNEQFF	1
CASSRLAGDNEQFF	1
CASSSDRGNTIYF	1
CASSLGLQETQYF	1
CASSRGTSGRSAEQFF	1
CASSAGLAGVDEQYF	1
CASQGWGTYNEQFF	1
CASEPDRGLDEKLFF	1
CASKQGSGELFF	1
CACRAGNTIYF	1
CAWAENYGYTF	1
CAWGGKAQYF	1
CAWTLSSGRGGGELFF	1
CAWTTLGGNSYGYTF	1
CAWTARVQSPLHF	1
CAWSPGGTGQNSQHF	1
CAWSRLAGGLDEQFF	1
CAWSVSRTFGPQHF	1
CAWSVTGGGQPQHF	1
CAWSVFYSPLHF	1
CAWSVSTSTDTQYF	1
CAWSGGGTGHQPQHF	1
CAWSGERPSYNEQFF	1
CAWSGTGIEAFF	1
CAWSDSYEQYF	1
CAWSEGSLNYGYTF	1
CAWSIPREQYF	1
CAWSRSQEAFF	1
CAWSDPLTRDSRAGYTF	1
CAWRVWPPGDSPLHF	1
CAWRGGTGAYNEQFF	1
CAWRDSYTEQYF	1
CAWRMRRDTGELFF	1
CAWRQSYEQYF	1
CAWNLGGRAGDTQYF	1
CAWNPTGTRAFF	1
CAWNRGSYNEQFF	1
CAWKSTVEQFF	1
CAANSGTKNTGELFF	1
CAGLRGDTGELFF	1
CAGSDTGSTDTQYF	1
CAGGRGEQYF	1
CADRTGEGDTQYF	1
CAICNFSSGYEQYF	1
CAILPGTGSYNEQFF	1
CAIQSRAETYEQYF	1
CAIVVEGNEQYF	1
CAIAEGANEQYF	1
CAIMPRGPRTDTQYF	1
CAITDGGIRVRRGYTF	1
CAITTSGATRGAYNEQFF	1
CAISSGTNSYNEQFF	1
CAISYDPGLFGSYNEQFF	1
CAISVQGNEQYF	1
CAISASGLSSYEQYF	1
CAISGGLADTYNEQFF	1
CAISGGRTDSGNTIYF	1
CAISDGRGHEQFF	1
CAISDREETQYF	1
CAISESAASTDTQYF	1
CAISESALRQETQYF	1
CAISESGAYEQYF	1
CAISESGKGGQSYEQYF	1
CAISESIFTGGETDTQYF	1
CAISESTVQETQYF	1
CAISEAYPGQGWDEQYF	1
CAISETSLAYEQYF	1
CAISERAGTPGGETQYF	1
CAISEPDRAGQREAYNEQFF	1
CAISEPSGGAGEQFF	1
CAISEPRGGHNEQFF	1
CAISEISRSYEQYF	1
CAISERDTYGYTF	1
CAISERQGPSTDTQYF	1
CAISSGQGDEQYF	1
CAISPGLALETQYF	1
CAISQPDRDEETQYF	1
CAISQDYEQYF	1
CAISGLLSVQYF	1
CAIRETSPSSYNEQFF	1
CAIRRREEYNEQFF	1
CAIRAVGTDTQYF	1
CAINSGTGWNNEQFF	1
CAINTGTGLSYNEQFF	1
CAISSGSPDTQYF	1
CAIAGEGNEQFF	1
CATSLSAGNTGELFF	1
CATLLVSNQPQHF	1
CATLTRDRIYGYTF	1
CATLAGSYNEQFF	1
CATRGGAYNEQFF	1
CATRQGVNEQYF	1
CATQDGGAGGTQYF	1
CATQFDRGLGNEQFF	1
CATAREEGNEQFF	1
CATTDRSTDTQYF	1
CATTDTTGNEQFF	1
CATTDQGTYNEQFF	1
CATSVGGNTGSYEQYF	1
CATSVGGVQETQYF	1
CATSAPGSPAGSSYNEQFF	1
CATSGSDTQYF	1
CATSGPVGSGSEETQYF	1
CATSGRGDGYTF	1
CATSDFHRERTDTQYF	1
CATSDLSGILYEQYF	1
CATSDLPGLHTTGEQFF	1
CATSDLTGAGNEQFF	1
CATSDLRGAGEQFF	1
CATSDLMGAGEQFF	1
CATSDLRDSYNEQFF	1
CATSDSDWGDDTQYF	1
CATSDSRNQPQHF	1
CATSDSDRGFEQFF	1
CATSDSPDLTYNEQFF	1
CATSDPGSAAQETQYF	1
CATSDPKELVAYEQYF	1
CATSDPSGGYNEQFF	1
CATSDPGAGSNQPQHF	1
CATSDPDRAFNQPQHF	1
CATSDRLTGFQETQYF	1
CATSDHRLAGGGNEQFF	1
CATSDAGQGKETQYF	1
CATSDARVASYNEQFF	1
CATSDGDDFQPQHF	1
CATSDETSGRQDTQYF	1
CATSDTRGSGQPQHF	1
CATSDRGSSGNEQFF	1
CATSDTGLADHNEQFF	1
CATSEPGTSSRETQYF	1
CATSEQPYNEQFF	1
CATSEVGINYGYTF	1
CATSEDPGQGVTYNEQFF	1
CATSETSGHEQFF	1
CATSETSFGIPGSSYNEQFF	1
CATSLTGTGEDTQYF	1
CATSSPDRGKDTQYF	1
CATSTTGAGNNEQFF	1
CATSTTGGNTGELFF	1
CATSRPRGETQYF	1
CATSRVTERWGYTF	1
CATSRDVGRVEETQYF	1
CATSRDASLGVSYEQYF	1
CATSREGQGVGNEQYF	1
CATSPANTGELFF	1
CATRQGSKSYNEQFF	1
CATAGLAGGETQYF	1
CATQGLPNEQFF	1
CASYSSGRARYNEQFF	1
CASLGTSGSYEQYF	1
CASLDRGGPTYEQYF	1
CASPAGRSNEQYF	1
CASRDGSYTGELFF	1
CASRTSGRSVPFNEQFF	1
CASRTPSSYNEQFF	1
CASVRKGVYEQYF	1
CASGRLETQYF	1
CASDPGWGLNQETQYF	1
CASDDGVQETQYF	1
CASTRGGIPRELFF	1
CASTIRGVGNQPQHF	1
CASSVDRGLSNEQFF	1
CASSGWRTPVPKQMNTEAFF	1
CASSIILSGIGNQPQHF	1
CASSIPDTKNIQYF	1
CASSIGGAGTQYF	1
CASSMQQYNEQFF	1
CASSMGRGSSYEQYF	1
CASSTRLNNEQFF	1
CASSKLASSYNEQFF	1
CASSLGTLLYYGYTF	1
CASSGTYNEQFF	1
CASSEGPLWDTEAFF	1
CASSIGRLNTEAFF	1
CASRGNSNQPQHF	1
CASNLQGASNQPQHF	1
CASNPLGVRTPDTQYF	1
CASFRAGGRDTQYF	1
CASLRQGEYEQYF	1
CASSQGQGSDTQYF	1
CASSYFPGQGLVPDTQYF	1
CASSPTDTQYF	1
CASSPAGQETQYF	1
CASSPGGGGLNTEAFF	1
CASSREASYIKGYNEQFF	1
CASSQQGVDSYEQYF	1
CASSSRYGVYEQYF	1
CASSYRKDTQYF	1
CASSPQGNTEAFF	1
CASSPLNRDRLYEQYF	1
CASSPGGGNPYEQYF	1
CASSPTAGGNIQYF	1
CASSPTDRGNNEQFF	1
CASSPREHGELFF	1
CASSPPATDEQFF	1
CASSPQVSSYNEQFF	1
CASSPEGRGNQPQHF	1
CASSPILRGSTDTQYF	1
CASSPIYRTGTGGFNEQFF	1
CASSPRGGLVGQETQYF	1
CASSHPGDTQYF	1
CASSQSGRTTYEQYF	1
CASSAPWTGKETQYF	1
CASSGTGDQPQHF	1
CASSGTESYEQYF	1
CASCPQTGFLTDTQYF	1
CASLLAGSGLYEQYF	1
CASLRGLGSYNEQFF	1
CASLRQGEDYGYTF	1
CASRWLTDRGRSYNEQFF	1
CASRNPGTGNQPQHF	1
CASRPRDRDYNEQFF	1
CASRNQPTETQYF	1
CASHQRGAVQEQYF	1
CASHTLKQAAEQYF	1
CASQAVQGTDEQFF	1
CASQGVLSEQYF	1
CASQPSGGDTQYF	1
CASQVGGFLEEQYF	1
CASVLHLGWDTDTQYF	1
CASVERETQYF	1
CASVSNTESYNEQFF	1
CASASGRNTGELFF	1
CASAGQGDTDTQYF	1
CASARASWRDEQFF	1
CASAVGQASSYEQYF	1
CASAAESSYEQYF	1
CASGLAGYGVGADTQYF	1
CASGPGQGSYEQYF	1
CASGRGRGYEQYF	1
CASGREIAVSDTQYF	1
CASGQDVRAPKQYF	1
CASGTRRVSSLCGRDEQFF	1
CASGTGSFRSPPQHF	1
CASGRTRGGNTEAFF	1
CASGLTGEGGNAEAFF	1
CASGLGGREQYF	1
CASGQLERNTEAFF	1
CASGSLRTGGPSSYNEQFF	1
CASGSGREADTQYF	1
CASGRASQSNTGELFF	1
CASGSLDPPHAYEQYF	1
CASGPGGRVTDTQYF	1
CASGQLNQPQHF	1
CASGQGALKNEQFF	1
CASGQGGTYEQYF	1
CASGGPGLAGNEQFF	1
CASDPWRGGAYRRDGYEQYF	1
CASDRRQGQETQYF	1
CASEPTGAAGNEQFF	1
CASILSWGVYEQYF	1
CASIPAGAVSDEQYF	1
CASIQDRVNEQFF	1
CASIFRGAGQETQYF	1
CASIPLWGESYNEQFF	1
CASIGAASFSGANVLTF	1
CASIGSRDWYNEQFF	1
CASIDDRGDNEQFF	1
CASITGAQETQYF	1
CASIKGASDSYEQYF	1
CASMYQETDTQYF	1
CASMLGDKYYEQYF	1
CASMQTANTGELFF	1
CASMGLAGGIEFF	1
CASMRLAGSTTQYF	1
CASMRRREVGYEQYF	1
CASIPRAGGLTYEQYF	1
CASIRLYQETQYF	1
CASTLDYPSTDTQYF	1
CASTSTGDEQFF	1
CASTPWGMNRRTGELFF	1
CASTPERRGRDEQFF	1
CASTPRQTHQETQYF	1
CASTHAGHGETQYF	1
CASTQGGGNEQFF	1
CASTGTSENTQYF	1
CASTRNARGLSVGHEQYF	1
CASTSDRGGEQYF	1
CASTSSGLAKHQYF	1
CASTWDRGSNQPQHF	1
CASTYSGRGYNEQFF	1
CASTLLPGREGTDTQYF	1
CASTLHRGRLGGYTF	1
CASTLTGGAAEQYF	1
CASTLEGTSSYNEQFF	1
CASTPGFPYHEQYF	1
CASTPLGSASYPEQFF	1
CASTPWGAGYNEQFF	1
CASTPVSGSNQPQHF	1
CASTRGAGGPGPTDTQYF	1
CASTRGDRTETYEQYF	1
CASTRTPVYEQYF	1
CASTHPAGAKNIQYF	1
CASTQAAGNTGELFF	1
CASTAGVGENESKNIQYF	1
CASTIQGINQPQHF	1
CASTTQSLGLAGHNEQFF	1
CASTTETGGGSPLHF	1
CASTTRAEQFF	1
CASTTGGTDTQYF	1
CASTTRKRESTDTQYF	1
CASTNQGVVGELFF	1
CASTPTGANYGYTF	1
CASTQTSGGAHSYNEQFF	1
CASTTSGNTIYF	1
CASTTGAGEQYF	1
CASTSRGGQETQYF	1
CASTPGRVMGPQHF	1
CASTVTAKLANYGYTF	1
CASTGQGEDEKLFF	1
CASSFFWREGTRETQYF	1
CASSFFPSGSFRETQYF	1
CASSFFPGDHEQFF	1
CASSFSPELFF	1
CASSFSFTEVEGETQYF	1
CASSFSPAAGELFF	1
CASSFSGRASGNTIYF	1
CASSFSIVEQYF	1
CASSFSYTSGSPDYNEQFF	1
CASSFSGLARTDTQYF	1
CASSFSYTGNSYNEQFF	1
CASSFWVLYEQYF	1
CASSFWTSPNTDTQYF	1
CASSFLAGHQGNNEQFF	1
CASSFPGGSGTQYF	1
CASSFPGGERHLTDTQYF	1
CASSFRQETDTQYF	1
CASSFHQGRDYNEQFF	1
CASSFQGSSYEQYF	1
CASSFVLVVDTQYF	1
CASSFVGELFF	1
CASSFVTVGTEAFF	1
CASSFALAQTYEQYF	1
CASSFADQSTNYEQYF	1
CASSFGGTSGVQETQYF	1
CASSFGLETQYF	1
CASSFGSGGDYEQYF	1
CASSFGPAYEQYF	1
CASSFGVALGHEQFF	1
CASSFGARATGELFF	1
CASSFGGTQYF	1
CASSFGSQGETQYF	1
CASSFGQDLSYEQYF	1
CASSFEGLSSYNEQFF	1
CASSFESSYNSPLHF	1
CASSFIYGDPYEHYF	1
CASSFIGPSTSYNEQFF	1
CASSFISLAGTTDTQYF	1
CASSFTPSGRHEQYF	1
CASSFSGIYEQYF	1
CASSFRASGSSSYEQYF	1
CASSFRIFRGEEAYTEAFF	1
CASSFNGGSDTQYF	1
CASSFKLVGREQETQYF	1
CASSFKVKWFGGYTF	1
CASSFKGPQYF	1
CASSFSRAYNEQFF	1
CASSFSASGSHNEQFF	1
CASSFSAGEGNEQFF	1
CASSFSIRTDTQYF	1
CASSFSADPMETQYF	1
CASSFWRGVSYEQYF	1
CASSFWEGEWNTEAFF	1
CASSFLLDRVDTDTQYF	1
CASSFLNEHEQFF	1
CASSFLAVSVRDGDEQFF	1
CASSFPSGIYKDTQYF	1
CASSFPLGNYGYTF	1
CASSFPIAGYLSFLDTQYF	1
CASSFRGGRPYEQYF	1
CASSFRGLYNEQFF	1
CASSFRDRSYEQYF	1
CASSFHFSGSAGYHRELFF	1
CASSFQGVGYGYTF	1
CASSFVGGVRNNEQFF	1
CASSFVRVAEAFF	1
CASSFGLGGLILTGELFF	1
CASSFGGDTQYF	1
CASSFGTGSGGQETQYF	1
CASSFGSEETQYF	1
CASSFGRGAGNEQFF	1
CASSFGVSFPNSYEQYF	1
CASSFGVGLGGDEQFF	1
CASSFGGGSGEYEQYF	1
CASSFGTNRPASTDTQYF	1
CASSFGTQRTYEQYF	1
CASSFGTAYNEQFF	1
CASSFGTANSPLHF	1
CASSFDTNSGNTIYF	1
CASSFTGSRTDTQYF	1
CASSFTGQRWTPPYEQYF	1
CASSFSGNEQFF	1
CASSFRLAGATGELFF	1
CASSFKGGIGQYF	1
CASSLLAVDRRAFF	1
CASSLLAGDTQYF	1
CASSLRGVQDEQFF	1
CASSLVPGVVETQYF	1
CASSLAAWGFRSTGELFF	1
CASSLAQGATGELFF	1
CASSLAPELYEQYF	1
CASSLAGEADTQYF	1
CASSLARGAYNEQFF	1
CASSLGDTQYF	1
CASSLGGAPNEQFF	1
CASSLGTSISGETQYF	1
CASSLGTSGNTYEQYF	1
CASSLGNYEQYF	1
CASSLGQVAYEQYF	1
CASSLGQGNEQYF	1
CASSLGQGVGEQYF	1
CASSLGISQPQHF	1
CASSLGRYRFF	1
CASSLDSRQETQYF	1
CASSLDSSRTDTQYF	1
CASSLIAGTGGTQQYF	1
CASSLTSGGTSEQFF	1
CASSLTSGRADEQFF	1
CASSLTREYNEQFF	1
CASSLTAGTYEQYF	1
CASSLTGQETQYF	1
CASSLTDYEQYF	1
CASSLSGRAGEQYF	1
CASSLRRAQETQYF	1
CASSLRQIYRNTGELFF	1
CASSLKGTGELFF	1
CASSLKGANEQFF	1
CASSLFTRGPTEETQYF	1
CASSLFPANYEQYF	1
CASSLFQGYEQYF	1
CASSLFGGANTEAFF	1
CASSLFGGINADTQYF	1
CASSLFGQANSPLHF	1
CASSLFRTQETQYF	1
CASSLLGGEETQYF	1
CASSLLSPETQYF	1
CASSLSGRGETQYF	1
CASSLSLASGATQYF	1
CASSLSLAESSYEQYF	1
CASSLSVHQETQYF	1
CASSLSAGGRVNEQFF	1
CASSLSGGFYEQYF	1
CASSLSTPDTQYF	1
CASSLSRIGNEQYF	1
CASSLSLGDDTQYF	1
CASSLSQPSYGYTF	1
CASSLSTGPSSYNEQFF	1
CASSLWRGGKETQYF	1
CASSLWGQGALNEQYF	1
CASSLWDRGGEQYF	1
CASSLYSESSYNEQFF	1
CASSLYGRTSYLFNSPLHF	1
CASSLYTEAFF	1
CASSLYRTNEQFF	1
CASSLYIGQQFF	1
CASSLLPQETQYF	1
CASSLLAAGNTDTQYF	1
CASSLLAGGPGELFF	1
CASSLPYAGGRGELFF	1
CASSLPSGETQYF	1
CASSLRTPLEQYF	1
CASSLRQAYNEQFF	1
CASSLHLRPRGYNEQFF	1
CASSLHLRAGVSYEQYF	1
CASSLHGSADTQYF	1
CASSLHRAYEQYF	1
CASSLQRRDTQYF	1
CASSLVSVETQYF	1
CASSLVTGFQPQHF	1
CASSLVQSSYEQYF	1
CASSLVGGVNEQYF	1
CASSLVRGAGELFF	1
CASSLVAGVRSDTQYF	1
CASSLVAGGINEQFF	1
CASSLVADRVYEQYF	1
CASSLVIKGGETQYF	1
CASSLARGKNTGELFF	1
CASSLASLAKNIQYF	1
CASSLAEWVQGYEQYF	1
CASSLATNSYNEQFF	1
CASSLARDDTQYF	1
CASSLAAVETQYF	1
CASSLARLAGLTDTQYF	1
CASSLAGINGDYEQYF	1
CASSLGFAGYNEQFF	1
CASSLGHSDQPQHF	1
CASSLGAESFYEQYF	1
CASSLGGNTIYF	1
CASSLGLTRGYGYTF	1
CASSLGVPYEQYF	1
CASSLGGFSQPQHF	1
CASSLGGAGGQETQYF	1
CASSLGGGISYEQYF	1
CASSLGGSYEQYF	1
CASSLGIAGAKETQYF	1
CASSLGMGGVYEQYF	1
CASSLGAGKETQYF	1
CASSLGGWEQFF	1
CASSLDLGRNYEQYF	1
CASSLDPQAYEQYF	1
CASSLDSKETQYF	1
CASSLDREEYQFF	1
CASSLEFRASQETQYF	1
CASSLELGRSGGYTF	1
CASSLEVWNNSPLHF	1
CASSLEVTGHEQYF	1
CASSLESGHSSYEQYF	1
CASSLEQLSEQFF	1
CASSLIVWGEEQETQYF	1
CASSLIGTATQETQYF	1
CASSLINYHPGELFF	1
CASSLIPAELFF	1
CASSLMTGGNTEAFF	1
CASSLTGLADSYEQYF	1
CASSLTERADTQYF	1
CASSLRSGELFF	1
CASSLRLAGGGEQFF	1
CASSLRGYYGYTF	1
CASSLRTVAYNEQFF	1
CASSLRRLAVKIYTDTQYF	1
CASSLRPLAGGMIYEQYF	1
CASSLNPGLEGYTF	1
CASSLNGAGRQYF	1
CASSLNRANQPQHF	1
CASSLKQILHNEQFF	1
CASSSYKSSDQPQHF	1
CASSSLSYEQYF	1
CASSSLWATPEAFF	1
CASSSPVGGLYNEQFF	1
CASSSPSLYEQYF	1
CASSSSFYRDREVDQYF	1
CASSSSGGPYNEQFF	1
CASSSFRLAGAYNEQFF	1
CASSSWTSGVSQETQYF	1
CASSSWTPYQETQYF	1
CASSSWSSEGNEQFF	1
CASSSLKQGRRAGELFF	1
CASSSLKAGGGSTDTQYF	1
CASSSPANPRTSQYEQYF	1
CASSSPGTGVNSPLHF	1
CASSSRGGGETQYF	1
CASSSRTSSGSYNEQFF	1
CASSSRQGFNYEQYF	1
CASSSQAGIYEQYF	1
CASSSQGQGVLKGDGNYGYTF	1
CASSSVAGPDTQYF	1
CASSSVMTGPGANVLTF	1
CASSSGPRGDTGELFF	1
CASSSGTGTLYQETQYF	1
CASSSSSEQYF	1
CASSSNLWNGYTF	1
CASSSFGGTYEQYF	1
CASSSSGTVSYEQYF	1
CASSSRLAGVGTGELFF	1
CASSSVDALNTEAFF	1
CASSSALGVSGYTF	1
CASSSAGTYEQYF	1
CASSSGGRGRNNEQFF	1
CASSSDSRGGEEQYF	1
CASSSSPGTVQETQYF	1
CASSSLASGREFF	1
CASSSGGPETQYF	1
CASSSGDLVALQYF	1
CASSSGTPHTDTQYF	1
CASSSGQGRLETQYF	1
CASSSDLETVEGMVAFF	1
CASSSMTFRGETQYF	1
CASSWSNRGPQETQYF	1
CASSWALAEPYNEQFF	1
CASSWGLAGMSSYNEQFF	1
CASSWGGLDKNIQYF	1
CASSWGDSRRTDTQYF	1
CASSWGQGRDTQYF	1
CASSWGQGDTHYGYTF	1
CASSWDREGETQYF	1
CASSWTSSYDEQYF	1
CASSWSLTGGDSPLHF	1
CASSYSRLASTDTQYF	1
CASSYSGQAYNEQFF	1
CASSYWKRSGAYEQYF	1
CASSYPGQWETQYF	1
CASSYVGLAGNEQFF	1
CASSYGPGELFF	1
CASSYGTGQFF	1
CASSYEGRGETQYF	1
CASSYRVSYNEQFF	1
CASSYFAQITTKASGGAHEQFF	1
CASSYFGLAGGGEQFF	1
CASSYLPSGSLYEQYF	1
CASSYLRNYEQYF	1
CASSYSFLAGSNEQFF	1
CASSYSPGTAATNEKLFF	1
CASSYSAHPGNTEAFF	1
CASSYSPGNPDTQYF	1
CASSYSRGGGGYTF	1
CASSYSGRPEQYF	1
CASSYSGRQPQHF	1
CASSYSGSDDGYTF	1
CASSYSTGPQETQYF	1
CASSYSTGYNSYEQYF	1
CASSYSSSVLTDTQYF	1
CASSYSRVNQPQHF	1
CASSYSRGGGAKAYEQYF	1
CASSYSRTGTYEQYF	1
CASSYSRGDEQFF	1
CASSYSRRFLTEQFF	1
CASSYYIAMRGSGANVLTF	1
CASSYYGGGLEKLFF	1
CASSYLSSGRGNEQFF	1
CASSYLQGLQETQYF	1
CASSYPRDGETQYF	1
CASSYPRGGLADSPTYEQYF	1
CASSYPPRQESSYEQYF	1
CASSYRETQYF	1
CASSYQRRDEQYF	1
CASSYQTGVTGELFF	1
CASSYVVGIDEQFF	1
CASSYARRGGRNEQFF	1
CASSYAPQGGQETQYF	1
CASSYAGGPNEQFF	1
CASSYGPDSNQPQHF	1
CASSYGTSGRAGDTQYF	1
CASSYTPLAASYNEQFF	1
CASSYTTSAQETQYF	1
CASSYSSEGMETQYF	1
CASSYSDTGELFF	1
CASSYKISGANVLTF	1
CASSLQAISYEQYF	1
CASSLGGTQSYEQYF	1
CASSLSGQADQPQHF	1
CASSLRQGANEKLFF	1
CASSLNYEQYF	1
CASSLRDRFTDTQYF	1
CASSLRAGPTDTQYF	1
CASSLRGTIQGKNEQFF	1
CASSLQGSGELFF	1
CASSLDLRGETQYF	1
CASSLNTGELFF	1
CASSLKRTGGWSGELFF	1
CASSPPPGYNEQFF	1
CASSPPRPPNNEQFF	1
CASSPPSGRGHTGELFF	1
CASSPPAQTGELFF	1
CASSPQWREDSEQFF	1
CASSPQDTLAGVEQYF	1
CASSPGERRNYNEQFF	1
CASSPGQDLSYEQYF	1
CASSPSGGGYEQYF	1
CASSPSGRAYNEQFF	1
CASSPSISGGGYNEQFF	1
CASSPWTGGFYEQYF	1
CASSPLNGELFF	1
CASSPLAGSSYEQYF	1
CASSPPGGRKYNEQFF	1
CASSPPGTFYEQYF	1
CASSPRRGNAIEQFF	1
CASSPRGSQETQYF	1
CASSPRDFEQYF	1
CASSPRLAGPYEQYF	1
CASSPHPSTTYEQYF	1
CASSPQGAETQYF	1
CASSPQGTNSPLHF	1
CASSPGTSYQETQYF	1
CASSPGTSGSYEQYF	1
CASSPGTSGRILQETQYF	1
CASSPGTSGRRGFGYEQYF	1
CASSPGTGDLSKNIQYF	1
CASSPGQGTDTQYF	1
CASSPDSGPKDQETQYF	1
CASSPTIGQGNEKLFF	1
CASSPSGSWSYEQYF	1
CASSPFLGGTGELFF	1
CASSPSPAEQYF	1
CASSPLAGPGGTDTQYF	1
CASSPHLSGTDTQYF	1
CASSPASGVSYNEQFF	1
CASSPGTSGGTDTQYF	1
CASSPGLAASTDTQYF	1
CASSPGLAGVPYEQYF	1
CASSPGLAGADTQYF	1
CASSPGQGGNEQFF	1
CASSPGQEIEQYF	1
CASSPGQPEETQYF	1
CASSPEGIEQYF	1
CASSPIVEKTQYF	1
CASSPTSGMSHEQFF	1
CASSPTSGRASWDEQFF	1
CASSPRTGSDEQYF	1
CASSPRGLGPHNEQFF	1
CASSPSRGESYNEQFF	1
CASSRTTHRVFSYEQYF	1
CASSRIVETQYF	1
CASSRSRTSSYNEQFF	1
CASSRYFTDTQYF	1
CASSRLAEETQYF	1
CASSRTSGRFNEQFF	1
CASSRTGGVRSYEQYF	1
CASSRTDGQPQHF	1
CASSRRGEETQYF	1
CASSRPWTSGGAVTQYF	1
CASSRRVSYEQYF	1
CASSRQGGNEQFF	1
CASSRQGRETQYF	1
CASSHRLTAANEKLFF	1
CASSHRTVNQPQHF	1
CASSHKGGGPTYEQYF	1
CASSHRGDLGETQYF	1
CASSHRQGSRYEQYF	1
CASSQALSGELFF	1
CASSQEPSLADGYTF	1
CASSQTSGGETQYF	1
CASSQNYEQYL	1
CASSQPGTSEDEQFF	1
CASSQVNYGYTF	1
CASSVRDYRTYEQYF	1
CASSVLEQYEQYF	1
CASSVQNEQFF	1
CASSVHRDRETQYF	1
CASSVGVSGGLNIQYF	1
CASSVTSGSYEQYF	1
CASSASGQETQYF	1
CASSAKTGLSYEQYF	1
CASSARGGTQYF	1
CASSAGTGDLQQYF	1
CASSAPDRILETQYF	1
CASSAGAGRSGELFF	1
CASSAESSSYNEQFF	1
CASSASGSSYNEQFF	1
CASSAGGNGYTF	1
CASSGRGGFRRETQYF	1
CASSGPDWGLFNEQFF	1
CASSGSPSAYNEQFF	1
CASSGGPQETQYF	1
CASSGGPGQGWGEQFF	1
CASSGGQGYEQYF	1
CASSGDGPLFETQYF	1
CASSGDRGPYNEQFF	1
CASSGGWGTQYF	1
CASSDAWGGVAHF	1
CASSDGEGPYNEQFF	1
CASSDGLGAAETQYF	1
CASSDTYEQYF	1
CASSDGSLNNEQFF	1
CASSDTRAHPYFDEQFF	1
CASSDRGYGKNIQYF	1
CASSEFPQGNEAFF	1
CASSELSGGYEQYF	1
CASSEARNTGELFF	1
CASSEELAGNTDTQYF	1
CASSEIAEGQETQYF	1
CASSENTGTRNDYEQYF	1
CASSESMGGRNSPLHF	1
CASSEYRDRTQETQYF	1
CASSEYGTEQYF	1
CASSELAGTQYF	1
CASSEPLSGGAAFSDTQYF	1
CASSEVAQNYGYTF	1
CASSEALQNTGELFF	1
CASSEAPGQGSHEQYF	1
CASSEAQTAYEQYF	1
CASSEAKTTNEKLFF	1
CASSEAFWSYEQYF	1
CASSEAWGRWETQYF	1
CASSEALVLNTEAFF	1
CASSEALAGGTDTQYF	1
CASSEAGGTVEQFF	1
CASSEAGGYETQYF	1
CASSEGLGRRSYGYTF	1
CASSEGWDRNNEQFF	1
CASSEGLAGTLSPGEQFF	1
CASSEIVGGSSDTQYF	1
CASSEMWTQYF	1
CASSESGTSGTNTLENEQFF	1
CASSIKGISEQYF	1
CASSIKDRGFYEQYF	1
CASSTGPFNYGYTF	1
CASSTGDRANSYEQYF	1
CASSTFLKQPLGGNTIYF	1
CASSTHESGGLETQYF	1
CASSTQTGAIGEQYF	1
CASSTTRRFSYNEQFF	1
CASSTGGNYNEQFF	1
CASSTTFGTGGMGYTF	1
CASSTPGRFGTDTQYF	1
CASSTPGTGVGEQYF	1
CASSTAESAYEQYF	1
CASSTTGTEQYF	1
CASSSPTPPSGNTIYF	1
CASSRAGQETQYF	1
CASSRGTSSYEQYF	1
CASSRQGPDTQYF	1
CASSRGGTSTDTQYF	1
CASSNRGYEQYF	1
CASSKDTSSYEQYF	1
CASSKPPGPGNTGELFF	1
CASSKTDTQYF	1
CASSKKPVGYSYNEQFF	1
CASSFFPTDGLSSYNEQFF	1
CASSFSSEGYNEQFF	1
CASSFWVLPSTDTQYF	1
CASSFPGATYEQYF	1
CASSFRFADTQYF	1
CASSFRDSRYEQYF	1
CASSFGTSGRWYNEQFF	1
CASSFGPAVGYEQYF	1
CASSFGIAGGKHEQYF	1
CASSFIGDGYEQYF	1
CASSFSLAGNIQYF	1
CASSFSASYNEQFF	1
CASSFSRLTSGSYEQFF	1
CASSFWTQYNEQFF	1
CASSFYRRGGETQYF	1
CASSFLQPGPYEQYF	1
CASSFLAGYTDTQYF	1
CASSFLAGASTDTQYF	1
CASSFPPGLGSSYNEQFF	1
CASSFPQTSGSGTDTQYF	1
CASSFPAGDSHYNEQFF	1
CASSFPGQDSTDTQYF	1
CASSFPRLAVLYNEQFF	1
CASSFRGLASYNEQFF	1
CASSFRTGLGYEQYF	1
CASSFHRDTSSYEQYF	1
CASSFATSGGASYNEQFF	1
CASSFGGSHNNEQFF	1
CASSFGRTYEQYF	1
CASSFGLAGDYEQYF	1
CASSFDRHNEQFF	1
CASSFSRGNYGYTF	1
CASSFRVQETQYF	1
CASSFNPGQGFYYEQYF	1
CASSFKGGTGELFF	1
CASSLFWTDPNQPQHF	1
CASSLFYSLAAPSEQYF	1
CASSLSGFWYGGELFF	1
CASSLSGLAAPDTQYF	1
CASSLSAGGSSYNEQFF	1
CASSLYVGMAQETQYF	1
CASSLLAMTSTDTQYF	1
CASSLPGKAYEQYF	1
CASSLRGAGQPQHF	1
CASSLRGGRAAVNTEAFF	1
CASSLRQGAPIRNEQFF	1
CASSLQGSYNEQFF	1
CASSLVPGFANTGELFF	1
CASSLVLADNNEQFF	1
CASSLVSRRDYSYNEQFF	1
CASSLVTGGGQPQHF	1
CASSLASGQGTGELFF	1
CASSLALAGPLLRGAGEQYF	1
CASSLAVGDSQTFSYNEQFF	1
CASSLAVGAGGTETQYF	1
CASSLAAWGSSSYEQYF	1
CASSLAIYGYTF	1
CASSLAVAEAFF	1
CASSLARDSSYNEQFF	1
CASSLAIRGAASFF	1
CASSLGRSYEQYF	1
CASSLGGSAYEQYF	1
CASSLGDGDEQFF	1
CASSLGRTRGTQYF	1
CASSLGGSYSYEQYF	1
CASSLGATGETQYF	1
CASSLGRHRRGHNLYEQYF	1
CASSLGQGEYEEQYF	1
CASSLGGLPNEQFF	1
CASSLDFGRGTQYF	1
CASSLDSRVGFEQYF	1
CASSLDLALYEQYF	1
CASSLDQVEPQHF	1
CASSLDRSTDTQYF	1
CASSLESGVGSYNEQFF	1
CASSLELSRGADTQYF	1
CASSLMSSGSYGNEQFF	1
CASSLMSLTTL	1
CASSLMGRADNEQFF	1
CASSLTRQPLSSTDTQYF	1
CASSLRPGLASDIQYF	1
CASSLFQNRYF	1
CASSLLAENTGELFF	1
CASSLLTSGIYNEQFF	1
CASSLSLSSYNEQFF	1
CASSLSPQANQPQHF	1
CASSLSALAGGASYNEQFF	1
CASSLSTGVAGELFF	1
CASSLSNSGRADTQYF	1
CASSLWTGTYEQYF	1
CASSLYRGPRNYEQYF	1
CASSLLASRAAQYF	1
CASSLLGTASTDTQYF	1
CASSLLGLETQYF	1
CASSLPPGQGYNEQFF	1
CASSLPGGELFF	1
CASSLPGPGPPDTQYF	1
CASSLPQGAFETQYF	1
CASSLQETQYF	1
CASSLVSSGRAFDSYNEQFF	1
CASSLVRSSISYNEQFF	1
CASSLVQAGGRNEQFF	1
CASSLVAGFYPSQETQYF	1
CASSLVAGGSDTQYF	1
CASSLVGHAADTQYF	1
CASSLVGVIYSYEQYF	1
CASSLVSGSYEQYF	1
CASSLVSAFSYNEQFF	1
CASSLVSGGPTDTQYF	1
CASSLVPGLAGEGEQYF	1
CASSLVGPAGGSYEQYF	1
CASSLVGRGLINSPLHF	1
CASSLVTGGWYNEQFF	1
CASSLVYGTGGFDNEQFF	1
CASSLVRIRNTEAFF	1
CASSLVGATYEQYF	1
CASSLVGGPGGRLAQYF	1
CASSLVNPVYGYTF	1
CASSLVLRATKLESHGELFF	1
CASSLVLAGGTKSYEQYF	1
CASSLVAGPYNEQFF	1
CASSLVAGEGETQYF	1
CASSLVGQGNIYEQYF	1
CASSLVIPHPGTDTQYF	1
CASSLVRYEQYF	1
CASSLAGGTGPNEQYF	1
CASSLAGEGDNEQFF	1
CASSLAYEQYF	1
CASSLAPKGAQETQYF	1
CASSLAVTSGRADTQYF	1
CASSLALVGNQPQHF	1
CASSLAPQRNVFYNEQFF	1
CASSLARVGTSGGNNEQFF	1
CASSLAHRGPYQETQYF	1
CASSLAAGVQETQYF	1
CASSLAAEAYEQYF	1
CASSLAAEYRGHEQYF	1
CASSLAGEQFF	1
CASSLAGGRHNEQFF	1
CASSLAGTSALEQYF	1
CASSLAGGDNEQFF	1
CASSLATGQGYGSYNSPLHF	1
CASSLASVADTQYF	1
CASSLAGTALGEQYF	1
CASSLAGLAGGMEQYF	1
CASSLGYSGGLYNEQFF	1
CASSLGGGGGAETQYF	1
CASSLGSTGGGNEQFF	1
CASSLGLAGGLSYEQYF	1
CASSLGPDSISYEQYF	1
CASSLGQGDQPQHF	1
CASSLGGWANEQYF	1
CASSLGGGMDTQYF	1
CASSLGSNYGYTF	1
CASSLGWEQYF	1
CASSLGREGPLNEQFF	1
CASSLGQFGYGYTF	1
CASSLGQAGFEQYF	1
CASSLGASDYGYTF	1
CASSLGGDTEAFF	1
CASSLGETQYF	1
CASSLGILTSYEQYF	1
CASSLGTSGLNEQFF	1
CASSLGFLQETQYF	1
CASSLGVGIQNTGELFF	1
CASSLGGHPGGGPYGYTF	1
CASSLGDEQFF	1
CASSLGDRGAYNEQFF	1
CASSLDFRDSPLHF	1
CASSLDWSGSAYEQYF	1
CASSLDPRELDNEQFF	1
CASSLDHRRTLEYF	1
CASSLDVPRSKTF	1
CASSLDGRGIDTQYF	1
CASSLDDTSGTGELFF	1
CASSLDIRGTLHF	1
CASSLDFDEGYEQYF	1
CASSLDPRASGEQYF	1
CASSLDGQGLSGDEQYF	1
CASSLDRVSHEQYF	1
CASSLELSGHYNEQFF	1
CASSLELGLRSYEQYF	1
CASSLEARPPWNEQYF	1
CASSLEARENTEAFF	1
CASSLEERYTGELFF	1
CASSLEKGPYEQYF	1
CASSLEYRDNEQFF	1
CASSLEPDQETQYF	1
CASSLERYNEQFF	1
CASSLEVAVGAYEQYF	1
CASSLEGGLTYNEQFF	1
CASSLIWPEQYF	1
CASSLIYSANNEQFF	1
CASSLILSSYNEQFF	1
CASSLMAGDLHNEQFF	1
CASSLTSGPARRSSYEQYF	1
CASSLTGGTGRETQYF	1
CASSLTAMIRNTEAFF	1
CASSLTGQDYEQYF	1
CASSLTGQESSYEQYF	1
CASSLSSGTGAYEQYF	1
CASSLSPGQKETQYF	1
CASSLSPTPGELFF	1
CASSLSGQYEQYF	1
CASSLRDRPVGELFF	1
CASSLNLGGPRPTDTQYF	1
CASSLNQGLETQYF	1
CASSLNAGGYNEQFF	1
CASSLNPGGPIHEQFF	1
CASSLNRSPYEQYF	1
CASSLKPRPVRGAQDTQYF	1
CASSSPSGSSYEQYF	1
CASSSPGETQGTQYF	1
CASSSPGRNEQFF	1
CASSSPGGGTASQQYF	1
CASSSRDRKDRNTEAFF	1
CASSSRTEQYF	1
CASSSGLAGIGFF	1
CASSSGGQGGGNEQFF	1
CASSSTGTRTDTQYF	1
CASSSWTVYEQYF	1
CASSSYTDTQYF	1
CASSSLGEGETQYF	1
CASSSPGQGRGAPYEQYF	1
CASSSPTSGRASETQYF	1
CASSSRAGTATETQYF	1
CASSSRDPGKKAVGELFF	1
CASSSRDRTYEQYF	1
CASSSRRLKDIQYF	1
CASSSASGGPEQYF	1
CASSSAGTGKGEPQHF	1
CASSSGTSGRSYEQYF	1
CASSSGTRSDEQFF	1
CASSSTSSGAYEQYF	1
CASSSSPVNPYEQYF	1
CASSSKATPETQYF	1
CASSSKDRGVGYTF	1
CASSSLPGSSYEQYF	1
CASSSLLPTDSYEQYF	1
CASSSPLAGAPSYNEQFF	1
CASSSGGEIQETQYF	1
CASSSGRFSSANYGYTF	1
CASSSDRGRRQQYF	1
CASSSTGGPQYF	1
CASSSKGGIINNEQFF	1
CASSSSGSSYEQYF	1
CASSSLRDSTYEQYF	1
CASSSLAGLGSYNEQFF	1
CASSSPLAPTNYEQYF	1
CASSSQTGSSYNEQFF	1
CASSSGLLETQYF	1
CASSSGGTHTGELFF	1
CASSSGTSGRYEQYF	1
CASSSESGGNYNEQFF	1
CASSSRTSGDYNEQFF	1
CASSSNQGARETQYF	1
CASSWVTYNEQFF	1
CASSWGDRAVLRGYTF	1
CASSWGLAATNTGELFF	1
CASSWGTRGLASGEQYF	1
CASSWEIGGLIQETQYF	1
CASSWTGGTDTQYF	1
CASSWTEYTGELFF	1
CASSYRGGNSYEQYF	1
CASSYYGPQHF	1
CASSYHSWLAGRKHTGELFF	1
CASSYTGGNQPQHF	1
CASSLWDSQETQYF	1
CASSLWTSGSSYEQYF	1
CASSLATGGDLYEQYF	1
CASSLGTSGYEQYF	1
CASSLGQGGNNEQFF	1
CASSLRGTGSYEQYF	1
CASSLFLGQSSTDTQYF	1
CASSLPTSGALKFF	1
CASSLPTGGKGSYNEQFF	1
CASSLRLGGSEQFF	1
CASSLGQGSSYGYTF	1
CASSLGTGRRETQYF	1
CASSLTLSAGAPYNEQFF	1
CASSLRRGGAYEQYF	1
CASSLVWSLNTEAFF	1
CASSLGASGSYEQYF	1
CASSLGDRAQETQYF	1
CASSLGRARDTQYF	1
CASSLGQGPSYEQYF	1
CASSLNSYEQYF	1
CASSLPAGLAGGVQYF	1
CASSLQVGGHEETQYF	1
CASSLAPDYSYEQYF	1
CASSLAGVVPEQYF	1
CASSLGPVGQPQHF	1
CASSLGQYNEQFF	1
CASSLGQGWNEQYF	1
CASSLDSFALFF	1
CASSLIARRGLAGELFF	1
CASSLIGTGSYNEQFF	1
CASSLTINEQFF	1
CASSPFGYEQYF	1
CASSPLAGGSTDTQYF	1
CASSPTAVGRETYEQYF	1
CASSPSGLYNEQFF	1
CASSPRNEQFF	1
CASSPSLAGGPLGSDTQYF	1
CASSPSTGSWTSEQYF	1
CASSPWEGAAKNIQYF	1
CASSPPLSAGIYNEQFF	1
CASSPPTGTSDTDTQYF	1
CASSPPTAQETQYF	1
CASSPREVALMNTEAFF	1
CASSPRAGGKETQYF	1
CASSPRGTGNFRDEQYF	1
CASSPHSGRGSYNEQFF	1
CASSPQLASYNEQFF	1
CASSPVGVSTDTQYF	1
CASSPVPYEQYF	1
CASSPVRTLNTGELFF	1
CASSPARQGPWDEQFF	1
CASSPAQSNRGGFF	1
CASSPARGTQPQHF	1
CASSPGAYEQYF	1
CASSPGAGLAQYF	1
CASSPGGLWSNQPQHF	1
CASSPGGETQYF	1
CASSPGTSYEQYF	1
CASSPGTRYEQYF	1
CASSPGTGSGRRFGYTF	1
CASSPGLAFNNEQFF	1
CASSPGLAVAYEQYF	1
CASSPGRPTDTQYF	1
CASSPGQGMAEAFF	1
CASSPDTQETQYF	1
CASSPTSGRGYNEQFF	1
CASSPTGLDSYEQYF	1
CASSPTIKEQFF	1
CASSPNRGYTYEQYF	1
CASSPKQGAYEQYF	1
CASSPSPYEQYF	1
CASSPSFSEKQFF	1
CASSPLGQTYEQYF	1
CASSPPGLAGVNEQFF	1
CASSPGGGSETQYF	1
CASSPGSGIHYEQYF	1
CASSPGRETQYF	1
CASSPGTTYYNEQFF	1
CASSPGLAGGRSYNEQFF	1
CASSPGQGRNQPQHF	1
CASSPDRSNTGELFF	1
CASSPDRGVGQPQHF	1
CASSPEKSGELFF	1
CASSPIREHGNEQYF	1
CASSPRAQRGNEQFF	1
CASSPRDGARPNEQFF	1
CASSPKPGTAYEQYF	1
CASSPFPEAYEQYF	1
CASSPLAGLGYEQYF	1
CASSPLAGGRETQYF	1
CASSPVRTGDYEQYF	1
CASSPAQGANTGELFF	1
CASSPGTSGSAEETQYF	1
CASSPGLAGGRVSTDTQYF	1
CASSPEVGPSGRASGSYNEQFF	1
CASSPSSMSTDTQYF	1
CASSRPGTSGSLTDTQYF	1
CASSRRGGGNSYEQYF	1
CASSRQPETQYF	1
CASSRGWGNEQFF	1
CASSRRDREISEQYF	1
CASSRPSGSGVGTGELFF	1
CASSRPGLKEETQYF	1
CASSRRLAGPGESYEQYF	1
CASSRRLAGGYNEQFF	1
CASSRQGGANTGELFF	1
CASSRERENSYEQYF	1
CASSRRTETYEQYF	1
CASSRANEEGQFF	1
CASSRGALNTQYF	1
CASSRDRGETQYF	1
CASSRDREDEQYF	1
CASSRTFEQYF	1
CASSRTSGSKGNEQFF	1
CASSRRPGQLGQETQYF	1
CASSRWTGTPIEQYF	1
CASSRPFGPQGTGAGNEQFF	1
CASSRQSGGELFF	1
CASSRQPSSGYEQYF	1
CASSRQVQETQYF	1
CASSRQGPYLYNEQFF	1
CASSREGAGANEQYF	1
CASSRTTRDHGGEQYF	1
CASSRSRDRGLGEQYF	1
CASSRSGSIYNEQFF	1
CASSRNTGQGMYEQYF	1
CASSHLPRQRQETQYF	1
CASSHRSGTAHNEQFF	1
CASSHQGLAGLYEQYF	1
CASSHGTTDNSPLHF	1
CASSHTYSSYNEQFF	1
CASSHTETQYF	1
CASSHLAGYSTDTQYF	1
CASSHPSLGSSSYNEQFF	1
CASSHPYERSIDTQYF	1
CASSHRLAGSYNEQFF	1
CASSHRGGTDTQYF	1
CASSHRDYPYNEQFF	1
CASSHRDLTDTQYF	1
CASSHVAGGQGEAFF	1
CASSHEAGPTYNEQFF	1
CASSHTGQGANEQFF	1
CASSHKPTGTAYNEQFF	1
CASSQSREWHTDTQYF	1
CASSQPGRGGADTQYF	1
CASSQPENEQFF	1
CASSQRSLVEQFF	1
CASSQHPGTSGYNEQFF	1
CASSQQQGAREQYF	1
CASSQVSGGAGHTQYF	1
CASSQAARAKNIQYF	1
CASSQGVGSNNQPQHF	1
CASSQGLAGVPSYNEQFF	1
CASSQGTGDFIYEQYF	1
CASSQETAGSYNEQFF	1
CASSQISTDTQYF	1
CASSQTSRQETQYF	1
CASSQFALNEQFF	1
CASSQPSANEQFF	1
CASSQPPGLANSADTQYF	1
CASSQRSLARNEQFF	1
CASSQVPGEQFF	1
CASSQVVLAGDEQFF	1
CASSQVGGYEQYF	1
CASSQVLTSGQQFF	1
CASSQVGPPNDYNEQFF	1
CASSQVRFTGELFF	1
CASSQVTGITPGTIYF	1
CASSQAPFRQAQETQYF	1
CASSQAGTYYNEQFF	1
CASSQAGQGDYNEQFF	1
CASSQGSTSGIGDTQYF	1
CASSQGTEVNQPQHF	1
CASSQGSLSRETQYF	1
CASSQGPLDAEDHNEQFF	1
CASSQGLDYRPLGLFF	1
CASSQGRGVLQFF	1
CASSQGAAGGMYNEQFF	1
CASSQGGLVSHEQYF	1
CASSQGTHTLYRETQYF	1
CASSQGTGSSYGYTF	1
CASSQGQGDAETQYF	1
CASSQGQGVGEQFF	1
CASSQGGRARLGEQFF	1
CASSQGGPTADTQYF	1
CASSQGMLVRPDTQYF	1
CASSQDLRERGTQYF	1
CASSQDWEGGSSYEQYF	1
CASSQDLAGGSYNEQFF	1
CASSQDPQGWSYEQYF	1
CASSQDRLDYGYTF	1
CASSQDAGTYNEQFF	1
CASSQDGLAYNEQFF	1
CASSQDLTGPYEQYF	1
CASSQDSGTRNEKLFF	1
CASSQDGPFYEQYF	1
CASSQDGGEGQYF	1
CASSQDGGTGYTF	1
CASSQDRVQETQYF	1
CASSQDRGHGGPSSYNEQFF	1
CASSQELAGGPVDTQYF	1
CASSQEWTSGAGADTQYF	1
CASSQEGQGNSPLHF	1
CASSQIRRGIDYNEQFF	1
CASSQTSVAEQFF	1
CASSQTQGNEQFF	1
CASSQTDRGANEQFF	1
CASSQSYYGGPTFYNEQFF	1
CASSQRNTGELFF	1
CASSVPGHSPQQYF	1
CASSVRTATYEQYF	1
CASSVVQGYSYEQYF	1
CASSVSGTSQYEQYF	1
CASSVLTGVGNQPQHF	1
CASSVGQTSSTDTQYF	1
CASSVDSGRFYNEQFF	1
CASSVLSPGTGVERTGELFF	1
CASSVRGYTF	1
CASSVVTSGSFHNEQFF	1
CASSVAPREETQYF	1
CASSVGGQQETQYF	1
CASSVGGSGYEQYF	1
CASSVDQTSPRFF	1
CASSVDPGGGETQYF	1
CASSVISAGDEQFF	1
CASSVTGRGYTF	1
CASSVNTEAFF	1
CASSAQVVGLGDNEQFF	1
CASSAGTYYEQYF	1
CASSARGLRFDEQFF	1
CASSAHMRGNTGELFF	1
CASSAGQGAQSYTF	1
CASSASGGSSYEQYF	1
CASSGWRYSGGAYEQYF	1
CASSGPLKPEKLFF	1
CASSGGDLQFF	1
CASSGGGAETQYF	1
CASSGPSGVTDTQYF	1
CASSGDSNYGYTF	1
CASSGDRVYNEQFF	1
CASSGTPTRAAETQYF	1
CASSGTSGSRLFF	1
CASSGTRDPREQYF	1
CASSGTGFQETQYF	1
CASSGSSYEQYF	1
CASSGLANTGELFF	1
CASSGQEETQYF	1
CASSGGTGLGEQYF	1
CASSGGLVSYNEQFF	1
CASSDLTSGSLQFF	1
CASSDLGQGRTEAFF	1
CASSDRDGVNSPLHF	1
CASSDRTIRNPLETEAFF	1
CASSELGLYNEQFF	1
CASSELAGFSNEQFF	1
CASSEGQGADYGYTF	1
CASSEGQGRGYEQYF	1
CASSETSGRKTQYF	1
CASSESPGPILNTQYF	1
CASSERKGTSDIIHNEQFF	1
CASSIGLVSSYEQYF	1
CASSITNEQFF	1
CASSIFRTTSTDTQYF	1
CASSIPETQYF	1
CASSIRDRKETQYF	1
CASSIETGINQPQHF	1
CASSMGTENTGELFF	1
CASSMKTGVSGEQYF	1
CASSIAGETYNEQFF	1
CASSTYPGTGGTGELFF	1
CASSTYGGLAGTSYNEQFF	1
CASSTPSGAANTEAFF	1
CASSTPGRPQHF	1
CASSTPVTGAAYNEQFF	1
CASSTPTDREGNEQFF	1
CASSTRLAGVYEQYF	1
CASSTASFWGYTF	1
CASSTGTSGGLTGELFF	1
CASSRTSAGTDTQYF	1
CASSRPLGGSSYNEQFF	1
CASSRNLKGRNSTYNEQFF	1
CASSNPTPGQARFYGYTF	1
CASSNYSGQGFGEQYF	1
CASSNLRRYEQYF	1
CASSNPAGGSDDTQYF	1
CASSKNSATNEKLFF	1
CASSKLVSGTMYNEQFF	1
CASSKSGGAVVNEQYF	1
CASSKAAQRGEEETQYF	1
CASSKSGGAYNEQFF	1
CASRSRPRDTPYNEQFF	1
CASRSGKDYEQYF	1
CASRSAGPLNEQFF	1
CASRSGQGIAYEQYF	1
CASRSDRVTEQYF	1
CASRWTGVEQYF	1
CASRLDRERGYEQYF	1
CASRPDRGDSYEQYF	1
CASRPRGNEQFF	1
CASRPRLAGGFEQFF	1
CASRPLQVTAKNIQYF	1
CASRRGGSTNTGELFF	1
CASRRDRGFYEQYF	1
CASRRAQGLAGALSADTQYF	1
CASRHTGRADEQFF	1
CASRQRNVGNEQFF	1
CASRVSGANVLTF	1
CASRVAGWRHNEQFF	1
CASRAQRRTLFNEQFF	1
CASRAARGFGYGYTF	1
CASRADRVGYGYTF	1
CASRADRLSTDTQYF	1
CASRGGGTDTQYF	1
CASRGVGVADTQYF	1
CASRGAQGNQPQHF	1
CASRGTGYTDTQYF	1
CASRGTGAYEQYF	1
CASRGLAGVSTDTQYF	1
CASRGLAGGTDTQYF	1
CASRGAAEITYNEQFF	1
CASRGIGLAGGFGELFF	1
CASRDVGTLGNEQFF	1
CASRDRGGASTDTQYF	1
CASRDSTVGVLRYNEQFF	1
CASREAADTQYF	1
CASREGGNYGYTF	1
CASRETGTSGNNEQFF	1
CASREQGLLYNEQFF	1
CASRTRTGSDQETQYF	1
CASRTTGGDEQFF	1
CASRKDRVAYNEQFF	1
CASRKLAGATDTQYF	1
CASRKSGRARETQYF	1
CASRSAGDSYYSNQPQHF	1
CASRSSEVSYNEQFF	1
CASRSSGYNEQFF	1
CASRSGQFNSGRSYNEHFF	1
CASRSSGRQTQYF	1
CASRSLAGGKVTGELFF	1
CASRSRGSYEQYF	1
CASRSSWREQYF	1
CASRWDRGQWNTGELFF	1
CASRWRLEQYF	1
CASRYLAGGPSGELFF	1
CASRLFHMGTGRNYGYTF	1
CASRPPTVNYGYTF	1
CASRPRTGTNTGELFF	1
CASRPRRSGTDTQYF	1
CASRPGPPGSAEAFF	1
CASRPGGGGEQYF	1
CASRPGTSPNPRRNEQFF	1
CASRPGQASNEQYF	1
CASRPTGAPDTQYF	1
CASRPAGEIYTGELFF	1
CASRPGSSYNEQFF	1
CASRPTMRINNEQFF	1
CASRRWTSGRQETQYF	1
CASRHSTYEQYF	1
CASRQTPGQGDPGANVLTF	1
CASRVSGTGREGQFF	1
CASRVLALGIYNEQFF	1
CASRATGTAPYEQYF	1
CASRAASYEQYF	1
CASRGQYNEQFF	1
CASRGQGAETQYF	1
CASRGQGTGELFF	1
CASRGELAGVRAGELFF	1
CASRETVNSNQPQHF	1
CASRIEGDSGEQYF	1
CASRTDRRNTGELFF	1
CASRTGPSNYEQYF	1
CASRRDYTDTQYF	1
CASRRTVSGELFF	1
CASRNGLAGGHSYEQYF	1
CASRNNVGGNTQYF	1
CASRKQETQYF	1
CASNLLVGEQFF	1
CASNLDRATQYF	1
CASNTTGTGSGEQYF	1
CASNLGASQETQYF	1
CASNPSERETQYF	1
CASNQQASVSHTQYF	1
CASNAKRSSYNEQFF	1
CASNGLAGYNEQFF	1
CASNIAGAIYEQYF	1
CASKSYSEQYF	1
CASKGSTELAKNIQYF	1
CASKGQMTGASQETQYF	1
CASKELGGAYEQYF	1
CASKIITDTQYF	1
CASKTLTVSVNTGELFF	1
CASKTQSTDTQYF	1
CASKRWENEQFF	1
CASKRDSNYEQYF	1
CARRGRRFDEQFF	1
CARGIQSTDTQYF	1
CARSYLWTNSYNEQFF	1
CANLGRELYEQYF	1
CAAGKEVIEAFF	1
CAINWASGGKTDTQYF	1
CRGQTSGTGELFF	1
CALGGGLKPLYEQYF	1
CATSSGSSYNEQFF	1
CATGVREGPYEQYF	1
CASSQGSYNEQFF	1
CASRPSGGTQETQYF	1
CASKDPGSTGELFF	1
CASSGNEYYEQYF	1
CASREAGETDTQYF	1
CASGPGTDTQYF	1
CASGGSYNEQFF	1
CASGRTAPTDTQYF	1
CASGKGSSYEQYF	1
CASMAGVNTDTQYF	1
CASTSGSLTGELFF	1
CASTSSGTGLYEQYF	1
CASTPAVLGYNEQFF	1
CASTQKVRTTGELFF	1
CASTEPAGEGDTQYF	1
CASTVGGSYDEQFF	1
CASTVENVDYNEQFF	1
CASSSGTGYGGSYEQYF	1
CASSSSGMNTGELFF	1
CASSPGRENEQYF	1
CASSPTGVYEQYF	1
CASSRGGYEQYF	1
CASSRQGGTGELFF	1
CASSHDRGRDNEQFF	1
CASSQSGGERTEAFF	1
CASSGLDRGTQYF	1
CASSDPGSSYNEQFF	1
CASSDRASGGGNEQFF	1
CASSDGGPETQYF	1
CASSELAGVYYEQYF	1
CASSESGVAGFSSAEQFF	1
CASSESTRGLGYEQYF	1
CASSEAYEQYF	1
CASSEVQHGTQYF	1
CASSEGLARGELFF	1
CASSEEGSSYEQYF	1
CASSFFQGLAGPKEQFF	1
CASSFLSGSIYEQYF	1
CASSFLGGGTEAFF	1
CASSFLPSSYNEQFF	1
CASSFPPGQGGTGELFF	1
CASSFPLAGLSDTQYF	1
CASSFRPPDEQYF	1
CASSFRTGYNEQFF	1
CASSFVGELFF	1
CASSFGASTDTQYF	1
CASSFIPAGEDYEQYF	1
CASSFTASGSDEQFF	1
CASSFTGRVDEQFF	1
CASSFTQGSYEQYF	1
CASSFTQGLALYNEQFF	1
CASSFSGRFVTDTQYF	1
CASSFRTGLTLYEQYF	1
CASSFLAGELYEQYF	1
CASSFSGEGEQFF	1
CASSFLAGVDNEQFF	1
CASSFRDLYNEQFF	1
CASSFREPTPYEQYF	1
CASSFHRDRLLFNYGYTF	1
CASSFVEEATDTQYF	1
CASSFGGLAGYNEQFF	1
CASSFGTMGNEQFF	1
CASSFGLVSSYNEQFF	1
CASSFDSSGNTIYF	1
CASSFDRTPYEQYF	1
CASSFEFQTYEQYF	1
CASSLLVGDEQFF	1
CASSLSPGQSYNEQFF	1
CASSLSGLSTDTQYF	1
CASSLSNSITDTQYF	1
CASSLSGKSRNEQFF	1
CASSLSGATNQYNEQFF	1
CASSLWTADNEQFF	1
CASSLYSPVTGELFF	1
CASSLLSSYNEQFF	1
CASSLPTSGGEQFF	1
CASSLPAVGTVGQGYEQYF	1
CASSLRPTSGSEQFF	1
CASSLRQGHGYTF	1
CASSLRTGGNEQFF	1
CASSLQQGSTGELFF	1
CASSLQGGETQYF	1
CASSLQSGGSYEQYF	1
CASSLVPGWVNEQFF	1
CASSLVRGVPYEQYF	1
CASSLVQGHEQYF	1
CASSLVASALSSYEQYF	1
CASSLVGAYEQYF	1
CASSLVDLGEQYF	1
CASSLVPRQRTLTGELFF	1
CASSLVGRPGNEQFF	1
CASSLVSGPSTGELFF	1
CASSLVASGRALNEQFF	1
CASSLVEESLFF	1
CASSLVGQTYEQYF	1
CASSLVGGYEQYF	1
CASSLVGTEKETQYF	1
CASSLAGDYEQYF	1
CASSLATSGLANYNEQFF	1
CASSLASGANEQFF	1
CASSLALARRDTQYF	1
CASSLALYTPGQGSYNSPLHF	1
CASSLALGTNTGELFF	1
CASSLALEEQFF	1
CASSLALAGLGNEQFF	1
CASSLALDSTDTQYF	1
CASSLALTGGPSEQFF	1
CASSLAPSGVYNEQFF	1
CASSLAPEELGIYGYTF	1
CASSLAPTGGEDTQYF	1
CASSLAVTRGEQFF	1
CASSLAGSLPTDTQYF	1
CASSLAGRESDEQYF	1
CASSLAGTGLHPEQYF	1
CASSLADHTYNEQFF	1
CASSLAEDREIREQYF	1
CASSLAERAAGPWNEQFF	1
CASSLANPPENEQFF	1
CASSLAREGFNEQFF	1
CASSLAAEIRGGYTF	1
CASSLAGGHNEQFF	1
CASSLAGTVGLNTEAFF	1
CASSLAGQVYTGELFF	1
CASSLAGQGYEQYF	1
CASSLAEVTDTQYF	1
CASSLARTTHEQFF	1
CASSLAQGLDEQYF	1
CASSLAVAGVEETQYF	1
CASSLGWSGNEQFF	1
CASSLGLTSGEQFF	1
CASSLGPSGSFYEQYF	1
CASSLGRRGVWDTDTQYF	1
CASSLGETANEQFF	1
CASSLGAKETQYF	1
CASSLGGGSTDTQYF	1
CASSLGPSSYEQYF	1
CASSLGRLNYEQYF	1
CASSLGRRYNEQFF	1
CASSLGQSNTGELFF	1
CASSLGVNYGYTF	1
CASSLGAPGRYNTGELFF	1
CASSLGGYRTDTQYF	1
CASSLGGAASSYEQYF	1
CASSLGGTSGVNEQFF	1
CASSLGGTGELFF	1
CASSLGDSLEQFF	1
CASSLGEVRNNEQFF	1
CASSLGIQGTGELFF	1
CASSLGTASTDTQYF	1
CASSLGTGGFEQYF	1
CASSLGTRRFNEQFF	1
CASSLGLPLFPEQFF	1
CASSLGLAGVDEQFF	1
CASSLGLAGVYEQYF	1
CASSLGLAGGLPYNEQFF	1
CASSLGLAGETYNEQFF	1
CASSLGQGPGQPQHF	1
CASSLGQTLYEQYF	1
CASSLGVAGGRTDTQYF	1
CASSLGAGANEQFF	1
CASSLGGSYEQYF	1
CASSLGGEVTKNIQYF	1
CASSLGGTGPQETQYF	1
CASSLDSPLDIQYF	1
CASSLDRSGGNNEQFF	1
CASSLDHEQYF	1
CASSLDGPAKNIQYF	1
CASSLDGGPSNQPQHF	1
CASSLDTRTDTQYF	1
CASSLDSGIFYEQYF	1
CASSLDPGARGNEQFF	1
CASSLDVYEQYF	1
CASSLDARRDREDHNEQFF	1
CASSLDGSYEQYF	1
CASSLDITYEQYF	1
CASSLDSLLSYEQYF	1
CASSLDSSSYNEQFF	1
CASSLDRAYEQYF	1
CASSLELWGQGADEQYF	1
CASSLEASGAPGFF	1
CASSLEAQGTDTQYF	1
CASSLEGDYEQYF	1
CASSLEGDRVNEQYF	1
CASSLEGEPYNEQFF	1
CASSLEGRFYTEAFF	1
CASSLEDRRGGYTF	1
CASSLEMEAYEQYF	1
CASSLESSGSYEQYF	1
CASSLEWLGGDEQFF	1
CASSLELADYNEQFF	1
CASSLELAGGDTQYF	1
CASSLEPASSYNEQFF	1
CASSLEPGPSYEQYF	1
CASSLEVAEKLFF	1
CASSLIGAQYEQYF	1
CASSLITDRDYLGDEQFF	1
CASSLMEGTGIDEQYF	1
CASSLISGTANTGELFF	1
CASSLTPSGGAYTDTQYF	1
CASSLTGASYYEQYF	1
CASSLSGTVNTGELFF	1
CASSLRGTDYNEQFF	1
CASSLKVASTDTQYF	1
CASSLKGQGINEQFF	1
CASSLKLGVYYEQYF	1
CASSLLWGDGYTF	1
CASSLLTGVDYEQYF	1
CASSLPGAGGKHTGELFF	1
CASSLQGAKNIQYF	1
CASSLQGASSYNEQFF	1
CASSLVGQGRIARELFF	1
CASSLGLVSKNTGELFF	1
CASSLGSGQETQYF	1
CASSLGTGRAYEQYF	1
CASSLGTDYYNEQFF	1
CASSLEGQGYNEQFF	1
CASSLTGGGNEQFF	1
CASSLSATDSLEQYF	1
CASSSWDGGGEQYF	1
CASSSHRSTDTQYF	1
CASSSGGSYNEQFF	1
CASSSGLAGGNEQFF	1
CASSSSGDYNEQFF	1
CASSSLSGGRDTQYF	1
CASSSPIAGGLAGELFF	1
CASSSRDQSYEQYF	1
CASSSQGGYTF	1
CASSSGLAGDNEQFF	1
CASSSDLVTGVRNEQFF	1
CASSSTGFGTDTQYF	1
CASSSSGGSYNEQFF	1
CASSSQGLALNEQFF	1
CASSSVKRGPGGTDTQYF	1
CASSSGQGSYNEQFF	1
CASSSGTGGNEQFF	1
CASSSGLNNEQFF	1
CASSSGLAGSSSYNEQFF	1
CASSSGRTGQYF	1
CASSSGQGGDTQYF	1
CASSSGQEYNEQFF	1
CASSSDQSSYNEQFF	1
CASSSDGVLTSSYEQYF	1
CASSSTGDRPDNEQFF	1
CASSSSLAGGRAVYNEQFF	1
CASSSRLLAGGGWFEQFF	1
CASSSKTGFTGELFF	1
CASSWGDGGREQYF	1
CASSWGTGVYEQYF	1
CASSWGLVEGNIQYF	1
CASSWGLATGELFF	1
CASSWGQGSYEQYF	1
CASSWDTTNEKLFF	1
CASSWIGNQPQHF	1
CASSWSDLSGGELFF	1
CASSYNRQGREQYF	1
CASSYKPGTETYEQYF	1
CASSYSYSTGVAYNEQFF	1
CASSYRDRDTYEQYF	1
CASSLLGAGGPSREQYF	1
CASSLIGTGYYEQYF	1
CASSLITGSETQYF	1
CASSLTGGSYEQYF	1
CASSLRQDNEQFF	1
CASSLVLAGVTGELFF	1
CASSLGVGNTEAFF	1
CASSLGDTGNYEQYF	1
CASSLSGAEQYF	1
CASSLVGDTQYF	1
CASSLGLKQFF	1
CASSLGQGLYEQYF	1
CASSLGVKNIQYF	1
CASSLDGDNEQFF	1
CASSLIYEAYNEQFF	1
CASSLRLAGGREQFF	1
CASSLLAGGDGSYNEQFF	1
CASSLRLAGVTYNEQFF	1
CASSLAESSYNEQFF	1
CASSLGTGGDEQYF	1
CASSLTGTGGDTQYF	1
CASSPYRNPGLAGGRATDTQYF	1
CASSPGQKLSYEQYF	1
CASSPDGAKNIQYF	1
CASSPRLAGVRNEQFF	1
CASSPKTSGETQYF	1
CASSPWREYSYEQYF	1
CASSPLEGGNSREQYF	1
CASSPPVGEEYEQFF	1
CASSPRDYGYTF	1
CASSPRGRGPVGELFF	1
CASSPAGTSPGELFF	1
CASSPGRLATTDTQYF	1
CASSPGTLDEQYF	1
CASSPTSGSTYEQYF	1
CASSPTPDRPRETYEQYF	1
CASSPTGGTERHNEQFF	1
CASSPTGEANYGYTF	1
CASSPSGAFVEQYF	1
CASSPSLAGGTGELFF	1
CASSPSRLAGYNEQFF	1
CASSPWGTDNEQFF	1
CASSPLAGSSYNEQFF	1
CASSPRGTRVNEQFF	1
CASSPGSSGSPYNEQFF	1
CASSPGLGQVNSYEQYF	1
CASSPGGSGRAPEQFF	1
CASSPGTSRVAYEQYF	1
CASSPGTGWTDTQYF	1
CASSPGLAGGYIYNEQFF	1
CASSPGPTLGHEQYF	1
CASSPDLYEQYF	1
CASSPEGPHRPYEQYF	1
CASSPTSGEGGELFF	1
CASSPSGQSQETQYF	1
CASSPRLAGPLSYEQYF	1
CASSPKTGGVAGYEQYF	1
CASSPSGYRELHNEQFF	1
CASSPRGGAGTGELFF	1
CASSPGSDRSRGQYF	1
CASSPIVGNIQYF	1
CASSPIGGGQYNEQFF	1
CASSPRPGQATGELFF	1
CASSRTAGDQLAKNIQYF	1
CASSRPAAGGAGELFF	1
CASSRDGGVGQFF	1
CASSRRQPNTGELFF	1
CASSRAGDSYNEQFF	1
CASSRGTGPFSYNEQFF	1
CASSRGQGDLIVGGELFF	1
CASSRNRGSEEQYF	1
CASSRLAGGGDIQYF	1
CASSRGLAGRYNEQFF	1
CASSRGQGAYEQYF	1
CASSHPRPSGRDEQFF	1
CASSHPGGLAGGPDEQFF	1
CASSHGGNPSYEQYF	1
CASSHKAGLGTEAFF	1
CASSHQDRGNSPLHF	1
CASSHELGLIWDTQYF	1
CASSHEDTNNEQFF	1
CASSHRVGTGELFF	1
CASSHRQESDTQYF	1
CASSQSWVGGRLGTSTDTQYF	1
CASSQVLAGAYNEQFF	1
CASSQGLTGGLSTDTQYF	1
CASSQGQPLIQETQYF	1
CASSQGQARNEQFF	1
CASSQTYTADTQYF	1
CASSQLTTPETQYF	1
CASSQRGGEETQYF	1
CASSQVLMSYEQYF	1
CASSQVFSRGRGYGYTF	1
CASSQVGGAETQYF	1
CASSQVTGRGSYNEQFF	1
CASSQAGSYEQFF	1
CASSQAGLASSYEQYF	1
CASSQAIGAVYEQYF	1
CASSQAAGTTDEQFF	1
CASSQAMRYEQYF	1
CASSQGSSSYNEQFF	1
CASSQGLVRQPQHF	1
CASSQGPRAQKYYEQYF	1
CASSQGTSGPGGETQYF	1
CASSQGVGEQYF	1
CASSQDWSVPNNEQFF	1
CASSQDHLQGAWNEQFF	1
CASSQDQEAQYF	1
CASSQDVGGSSYNSPLHF	1
CASSQDAPFEGSYEQYF	1
CASSQDGVSYEQYF	1
CASSQDITEPPFSRFF	1
CASSQDTRTGWYTF	1
CASSQDPGDNEQFF	1
CASSQDRGTYEQYF	1
CASSQDGRGTDTQYF	1
CASSQDRDYNEQFF	1
CASSQELAGGSSYEQYF	1
CASSQEPYEQYF	1
CASSQEGLAGISPKYF	1
CASSQEVSGGRAYEQYF	1
CASSQEGTSGREGTDTQYF	1
CASSQEEEPYNEQFF	1
CASSQTSPGVGNEQFF	1
CASSQNAPSEPYNEQFF	1
CASSQNRGNIQYF	1
CASSQKVSDWRNEQFF	1
CASSVRDRVREGHYEQYF	1
CASSVGGIDYNEQFF	1
CASSVGLAEYNEQFF	1
CASSVNVGAGGPRELFF	1
CASSALSSGRVTNEQFF	1
CASSAPGTSGGLASTDTQYF	1
CASSAANSGQGAITGGYEQYF	1
CASSAGLADYEQYF	1
CASSAEGREQYF	1
CASSANSGIIEETQYF	1
CASSAGESSYNEQFF	1
CASSAGTVAKNIQYF	1
CASSAALASAYEQYF	1
CASSGPGGLNIQYF	1
CASSGTGGINEQYF	1
CASSDPADGGFTDTQYF	1
CASSDDSTYEQYF	1
CASSETDTQYF	1
CASSEPTSGSSYEQYF	1
CASSEGYEQYF	1
CASSIGRNNEQFF	1
CASSMRQGYEQYF	1
CASSIMGLAGGSSYNEQFF	1
CASSINRDSPLHF	1
CASSTGRGGETQYF	1
CASSTSLNEQFF	1
CASSTVSSGSTNEQFF	1
CASSTGVGVREQFF	1
CASSTGTSPFTDTQYF	1
CASSTGPGLADNEQFF	1
CASSTDYYEQYF	1
CASSTTSGISSYNEQFF	1
CASSTTGLVKNIQYF	1
CASSTATGLSYEQYF	1
CASSSSGLAADTQYF	1
CASSRGTGDYEQYF	1
CASSNQPTGAEQYF	1
CASSNLAGSYEQYF	1
CASSNLSGTNEQFF	1
CASSNPRGSTREQYF	1
CASSKTSGNYNEQFF	1
CASSKWRLDYEQYF	1
CASRSAFEQFF	1
CASRRDRGESYEQYF	1
CASRRTGGDEQYF	1
CASRASGGGTDTQYF	1
CASRATRPTDTQYF	1
CASRGGLGFNNEQFF	1
CASREIPAPWEQYF	1
CASRFPDTYEQYF	1
CASRFEGGIRDFLNEQFF	1
CASRPPGSGRVDEQFF	1
CASRRGQGIADTQYF	1
CASRRQGKNNEQFF	1
CASRQSGVYTEQYF	1
CASKYMGFQETQYF	1
CSHLGREAEETQYF	1
CSVKPQGEQFF	1
CSVKRALYNEQFF	1
CSALRGDSNQPQHF	1
CSASPSGLGVSEQFF	1
CSACRQGNTGELFF	1
CSAYLAGGYYNEQFF	1
CSALRQGFTEQFF	1
CSAPLQEARPYEQYF	1
CSAPSGPLGYEQYF	1
CSAPRTSGRTDTQYF	1
CSAPRHGRVGSYEQYF	1
CSAPRGAGGWSSYEQYF	1
CSAPDRFQETQYF	1
CSAPRGAGFTEAFF	1
CSAPRELGNEQFF	1
CSAPTLTGSSYNEQFF	1
CSAPLSGSREQYF	1
CSARFASGGARTQYF	1
CSARPGQGAPETQYF	1
CSAATGTSGGHPWNEQFF	1
CSAGYRGRTEAFF	1
CSAGNPERQGVSPLHF	1
CSAGYIGETQYF	1
CSAGTSRGTETQYF	1
CSAGTGGSVAQYF	1
CSAISTGGPYEQYF	1
CSAISQGGNIQYF	1
CSAIPGLAGEIWSYNEQFF	1
CSATPTKRAEAFF	1
CSATPLGGGRSYEQYF	1
CSATQTGGAAETQYF	1
CSATGPGGNLNEQFF	1
CSATGDNQPQHF	1
CSATTGTSATDTQYF	1
CSASFFGGEQFF	1
CSASFGLAGAQETQYF	1
CSASFAGRQETQYF	1
CSASYGASTDTQYF	1
CSASRRVRNQPQHF	1
CSASGGPTNTEAFF	1
CSASDKYYEQYF	1
CSASEQSSYNSPLHF	1
CSASIEQGFYEQYF	1
CSASNWDQGEEQYF	1
CSASKARALYEQYF	1
CSASKSSYNEQFF	1
CSASLAGSYNEQFF	1
CSASPSGLAGDNEQFF	1
CSASRLGGARNEQFF	1
CSASVQGGRYNEQFF	1
CSASARGGRYEQYF	1
CSASGQPNQPQHF	1
CSASGGIVSGELFF	1
CSASTQALAGGYTGELFF	1
CSASRFFEGWTDTQYF	1
CSASRQGWRQFF	1
CSARVGSSTDTQYF	1
CSARGMGALITDTQYF	1
CSARGREFIGNEQFF	1
CSARGETPSLALIYEQYF	1
CSARGRGALSYEQYF	1
CSARTGDEQYF	1
CSARFLAGADEQYF	1
CSARLAGGGETQYF	1
CSARLDASGAYNEQFF	1
CSARYLDRGETYEQYF	1
CSARLSGRANTDTQYF	1
CSARPTAWEQFF	1
CSARRELAGLAGAETQYF	1
CSARHSGLSTDTQYF	1
CSARQLAGGPWETQYF	1
CSARQGISYEQYF	1
CSARVRQSYEQYF	1
CSARVTGPPAKVYYNEQFF	1
CSARVGGNQPQHF	1
CSARVTDTQYF	1
CSARASGAPFNEQFF	1
CSARAIQPGPLDEQYF	1
CSARAGGYEQYF	1
CSARGLPQTSGSSYEQYF	1
CSARGRRVGANYGYTF	1
CSARGVPSGRSDTQYF	1
CSARGGRNEKLFF	1
CSARGGLSHSQETQYF	1
CSARGTDKTYEQYF	1
CSARGPGFRDNEQFF	1
CSARGVPGVGWDEQFF	1
CSARGRDSSSYEQYF	1
CSARDLEGASYEQYF	1
CSARDYGPGQGRYNEQFF	1
CSARDLGGASYEQYF	1
CSARDLPSGKHAEQFF	1
CSARDLRTGTRIVNQPQHF	1
CSARDLRLGQGDYEQYF	1
CSARDRGLGVDEQFF	1
CSARDRGTGHEQYF	1
CSARDRGQAVSSYNEQFF	1
CSARDVASSNSPLHF	1
CSARDGSDHNEQFF	1
CSARDGDRALGGYTF	1
CSARDERLTGELFF	1
CSARDMGQGYEQYF	1
CSARDSMKESNLYEQYF	1
CSARDPRTSGNNNEQFF	1
CSARDHTGTYYNEQFF	1
CSARDSRGYPSETQYF	1
CSAREVGEIETQYF	1
CSAREAGQGVYEQYF	1
CSARELAGGVRSYNEQFF	1
CSARESGASYEQYF	1
CSARIRGGSIQYF	1
CSARTPVIQETQYF	1
CSARRYPSGTWVSYEQYF	1
CSANSGTGQETQYF	1
CSANRQGSDTQYF	1
CSAKRGTMDQPQHF	1
CSALRARETQYF	1
CSAPPRFVYSYNSPLHF	1
CSAPAPPTGGSPYEQYF	1
CSAPVNYGYTF	1
CSARDIVLLDEQFF	1
CSARIPGEDYEQYF	1
CSAHFSSRGPNTGELFF	1
CSAQTSGEAGELFF	1
CSAAPPSGDQNTGELFF	1
CSAGTGKYNEQFF	1
CSADLPTPGTGRDEQYF	1
CSATFDYEQYF	1
CSALTGTGAYNEQFF	1
CSAPLAGIRGKETQYF	1
CSAVAGGSSYEQYF	1
CSAERRGSAPQETQYF	1
CSAKRDMDYEQYF	1
CSALDSYEQYF	1
CSAAGTSSGELFF	1
CSAKRGAGGGGELFF	1
CSGTSGYTYQETQYF	1
CSERKAGGNEQFF	1
CSEASGSSGEQFF	1
CSTPREGGGRGAYEQYF	1
CSPTTYNEQFF	1
CSVSPLGGGYEQYF	1
CSVVHRGGEQYF	1
CSVVGGATGELFF	1
CSVVGGSMNTEAFF	1
CSVVLASRLAAPQETQYF	1
CSVVGTSGTSGEQFF	1
CSVALGSNTEAFF	1
CSVAGSPKQPQHF	1
CSVAGADRVNEQFF	1
CSVGGTGSTEAFF	1
CSVGFGRQTDTQYF	1
CSVGEESYNEQFF	1
CSVGTGGYNEQFF	1
CSVGGNALGSGELFF	1
CSVGGPTETQYF	1
CSVDWGNEQFF	1
CSVDISGVAGSHNEQFF	1
CSVEFRGNEQFF	1
CSVEGGNYGYTF	1
CSVEDSSSYEQYF	1
CSVEQGAELSGYTF	1
CSVEGQVTYNEQFF	1
CSVEGLPDTQYF	1
CSVEDRYGYTF	1
CSVEDLRDRVMNEQFF	1
CSVEMLAGGSYEQYF	1
CSVKLETQYF	1
CSVKDLNGRGTEAFF	1
CSVRTNQGNTEAFF	1
CSVAMAVGKSYNEQFF	1
CSVVSETQYF	1
CSVALFDGSTYEQYF	1
CSVRRDNEQFF	1
CSASGTGGASGEQYF	1
CSAYKNPFSSYNEQFF	1
CSARGFNEQFF	1
CSARTGGQPQHF	1
CSARGGANTEAFF	1
CSADGGSSYNEQFF	1
CSALDRRNTEAFF	1
CSGRGLLTDTQYF	1
CRPGGLYNEQFF	1
RASTRDRRDYEQYF	1
RASSFSWGPNYEQYF	1
RASSLTPLFKLSGFETQYF	1
RASSLTILLAAYNEQFF	1
RASSLTAAASGVLLLRGNEQFF	1
MAQGGYSYNEQFF	1
SASSLEVTYEQYF	1
CASSPLSWQEGFAGYTF	2
CASSAETGGNTEAFF	2
CASSFGESGELFF	2
CASSLSSTGGPGTDTQYF	2
CASRGQGAGANVLTF	2
CASSLAGPAGLEETQYF	2
CASSPQPGKLANVLTF	2
CASSQWGQSGANVLTF	2
CSAPGTAGANVLTF	2
CSVLARRGTDTQYF	2
CPRGPWQSSYEQYF	1
CALSGGDGDQPQHF	1
CASQPLTDRESAF	1
CAWSRGDEQYF	1
CASGLGLAGKETQYF	1
CASSPSGRTYNEQFF	1
CASATALQAFF	1
CASTSKQNTGELFF	1
CASTPGPPLEETQYF	1
CASKNRGAYEQYF	1
CAWSTWGGASGELFF	1
CAWWGDEQYF	1
CAWGLRRGYTF	1
CAWGIAGDLFTDTQYF	1
CAWDRAGYGYTF	1
CAWIKLGPEAFF	1
CAWTARDFNEQYF	1
CAWTSGRAIYEQFF	1
CAWSLSKGRVNSPLHF	1
CAWSSPLSTEQYF	1
CAWSSDRVTEAFF	1
CAWSSGGGPNEQFF	1
CAWSQRGGTDTQYF	1
CAWSVSGETQYF	1
CAWSVPGASGVYEQYF	1
CAWSVGGETQYF	1
CAWSVTGSNQPQHF	1
CAWSGLLRPLFF	1
CAWSEGVSNQPQHF	1
CAWSTGQGGDTQYF	1
CAWSTGNTGELFF	1
CAWSKTSSYNEQFF	1
CAWSKMTFYGYTF	1
CAWSSAGWSKAFF	1
CAWSQGIQPQHF	1
CAWRLFTDTQYF	1
CAWRPQGYNEQFF	1
CAWRPGQTGELFF	1
CAWNKVASTDTQYF	1
CAWKGQGWTEAFF	1
CAPPAENQPQHF	1
CAPAPGPPSPLHF	1
CAPREGLQETQYF	1
CARDRANTGELFF	1
CAQGRGGSYEQYF	1
CAVSQGDSYEQYF	1
CAVGPGLYF	1
CAVSGLADNEQFF	1
CAAWGQGEVYEQYF	1
CAAWEDSYEQYF	1
CAARAPGNQETQYF	1
CAGGDRTYEQYF	1
CAGESTNEQFF	1
CAIGASGNEQFF	1
CAITVDRGLREQYF	1
CAISSGTSGYNEQFF	1
CAISPGLAVIRETQYF	1
CAISAGDREGNVLTF	1
CAISDPATSGAYNEQFF	1
CAISDGASYGQFF	1
CAISDGQGAQRGGQYF	1
CAISESELAGLEQYF	1
CAISESWIIEAFF	1
CAISERGRGGSYNEQFF	1
CAISEQRRVETQYF	1
CAISESVQETQYF	1
CAISEMTGYNEQFF	1
CAISPGTSSYNEQFF	1
CAISGTSGNTGELFF	1
CAIRPGTSGSVGQLHEQFF	1
CAIRDRGLVDTQYF	1
CAIRIPGPSTDTQYF	1
CAIRISEGGTGDEQFF	1
CAINAVGGEQFF	1
CAIKGFSGNTIYF	1
CAMYHANTGELFF	1
CATLPNGAEGGYTF	1
CATFRGGSVYEQYF	1
CATSSAIVPYNEQFF	1
CATRGGQETQYF	1
CATRVGPTDTQYF	1
CATRTSGSNEQFF	1
CATRTGEGELFF	1
CATRIGGMGRDHEQFF	1
CATAGQPTSRPNTGELFF	1
CATAGLRLNEQFF	1
CATSSAGDSYNEQFF	1
CATSSGTGGTYNEQFF	1
CATSPAGGGGYTEAFF	1
CATSQTGGGEETQYF	1
CATSVSAGETQYF	1
CATSAAGLFETQYF	1
CATSGKRTDSADTQYF	1
CATSGGRLYNEQFF	1
CATSDFIVGSGGSNEQFF	1
CATSDFKADTQYF	1
CATSDLDLAGASTDTQYF	1
CATSDLMVASLDEQFF	1
CATSDLLAGDEQYF	1
CATSDLGEGTDTQYF	1
CATSDSGQPETQYF	1
CATSDSRTGGNIQYF	1
CATSDPTAVDEQFF	1
CATSDPAGATYNEQFF	1
CATSDHSGVSSYNEQFF	1
CATSDGRVQETQYF	1
CATSDDRGNEQFF	1
CATSDEQVASEQYF	1
CATSDWTSAVNEQFF	1
CATSDPGGTDTQYF	1
CATSDPGSLRGYTF	1
CATSDPGPGSTDTQYF	1
CATSDPGRGDTYEQYF	1
CATSDTKPSNRERLYEQFF	1
CATSERFGGRTGELFF	1
CATSQAVRFEGQNTEAFF	1
CATSARPRGGGLEGNQPQHF	1
CATSSVFSSYNEQFF	1
CATSRAGYEQYF	1
CATSRDRNTGELFF	1
CATSRDILGSSGNTIYF	1
CATSRIREITDTQYF	1
CATSRTQGDLLLTQYF	1
CATRTGYYEQYF	1
CATRPHPPTDTQYF	1
CATNRDERLNEQFF	1
CATQGAINEQFF	1
CATGPGSGELFF	1
CASPGTGVLSNNEQFF	1
CASHVGPRTEAFF	1
CASILGTVHEQFF	1
CASTIGVGGTGELFF	1
CASSFLQGTNQPQHF	1
CASSPTGSSYNEQFF	1
CASSPNAILRSYNEQFF	1
CASSRQGGVSGNQPQHF	1
CASSHSRDRGTLYYGYTF	1
CASSIRSGNEQFF	1
CASSITGDEQFF	1
CASSIGGATLDEQYF	1
CASSIGTVRSNTEAFF	1
CASSIATAETQYF	1
CASSIGTSGGTKLFF	1
CASSIDTGLNTEAFF	1
CASSNRDRVNQPQHF	1
CASSYRGPYEQYF	1
CASRGTGGRNQPQHF	1
CASRKQYF	1
CASFITLRTGELFF	1
CASFPFFGPGPPGANVLTF	1
CASSSGQAYGYTF	1
CASSLAREQYF	1
CASSSGANVLTF	1
CASSWRDTQYF	1
CASSPWRSSYNEQFF	1
CASSRAVTYEQYF	1
CASSGGAGLPQETQYF	1
CASSITDALEQYF	1
CASSSGTENNEQFF	1
CASSSAGYTEAFF	1
CASSSGVNEQFF	1
CASSSKYGVQETQYF	1
CASSLPGLDEQYF	1
CASSLGQALTDTQYF	1
CASSLQGPPGNTIYF	1
CASSPLFGSGEQFF	1
CASSPYRGTDTQYF	1
CASSPRQGDYEQYF	1
CASSPLLDTQYF	1
CASSPPGTAYEQYF	1
CASSPPGLEGETQYF	1
CASSPPGQGGPEQYF	1
CASSPRLQVTSGNTIYF	1
CASSPGRKGPYEQYF	1
CASSRRTEETQYF	1
CASSQGQTDTQYF	1
CASCSERGREQYF	1
CASWSRVNEQFF	1
CASWASGGGETQYF	1
CASLPYRSHNEQFF	1
CASRITRAANEQFF	1
CASRTQGMGEQFF	1
CASRGGVRYNEQFF	1
CASRDSGRAQETQYF	1
CASRRQGSYEQYF	1
CASRKGWEGDYNEQFF	1
CASVGREISGNTIYF	1
CASVRTSSETQYF	1
CASASSGKNTGELFF	1
CASAPGGSGGRGNEQFF	1
CASAPTSRSYEQYF	1
CASARTGAYGYTF	1
CASAETGGSYEQYF	1
CASAEDRENIQYF	1
CASGLMDEQFF	1
CASGQHKTDTQYF	1
CASGGVGFSGPRGDPQYEQYF	1
CASGDGQANLNQPQHF	1
CASGKLEGDRVWGNQPQHF	1
CASGLRETQYF	1
CASGRGSTDTQYF	1
CASGQYNEQFF	1
CASGGLETYEQYF	1
CASGDSTKGTQYF	1
CASGETGTGFYEQYF	1
CASGTTGDTLEQYF	1
CASGWATAETQYF	1
CASGPWDEQFF	1
CASGPRNKGAANTGELFF	1
CASGQLSYNEQFF	1
CASGQGASTTEAFF	1
CASGASGTGVIGGELFF	1
CASGGREEAYEQYF	1
CASGRDRLVGVSFEQFF	1
CASGNVNEQFF	1
CASDGSGNTIYF	1
CASEGATETQYF	1
CASEGGLRGRSYNEQFF	1
CASEGGGLNQPQHF	1
CASEITGGNTIYF	1
CASIHSAGASYNEQFF	1
CASIADSSNQPQHF	1
CASIRGRFGWLDTEAFF	1
CASIKAGRGFWNEQFF	1
CASMSVDLRGNTIYF	1
CASMVSGPSYEQYF	1
CASMGQGNEQFF	1
CASMGGSILTPLHF	1
CASIRSSYNEQFF	1
CASIGEYEQFF	1
CASIDQGWGNTEAFF	1
CASTSGWGDRGKGEQYF	1
CASTYREFGTQYF	1
CASTDYGGGLWVEQFF	1
CASTRQPDPSYEQYF	1
CASTSPGQGAAQYF	1
CASTSTNIDGYTF	1
CASTSRARRDFYEQYF	1
CASTLGLAEETQYF	1
CASTPLSSGNTIYF	1
CASTPPLLAGAQETQYF	1
CASTPDRGQGGDTQYF	1
CASTPGRYGENIQYF	1
CASTPDRGNGYTF	1
CASTPGGASGRARDTQYF	1
CASTPGLAGGRTGELFF	1
CASTQIKTGELFF	1
CASTVGAQETQYF	1
CASTANTDTQYF	1
CASTGTAQETQYF	1
CASTERTDETQYF	1
CASTISLGYEQYF	1
CASTRARETQYF	1
CASTRARHNEQFF	1
CASTRGGRQETQYF	1
CASTKSSAGVSSYNEQFF	1
CASTQNEQFF	1
CASTVGANEQFF	1
CASTGRYEQYF	1
CASTGTGGREQYF	1
CASTDRGGGYTF	1
CASSFLGGRTGELFF	1
CASSFSFQPNYGYAF	1
CASSFWGEDGELFF	1
CASSFWGQNTGELFF	1
CASSFWTGADNEQFF	1
CASSFLDRRPYEQYF	1
CASSFPDYEQYF	1
CASSFPTNTGELFF	1
CASSFRPGPTPNEQFF	1
CASSFRHEQYF	1
CASSFRDWNEQYF	1
CASSFVPGGGYTF	1
CASSFVAVAGGRTQETQYF	1
CASSFVGDVAYNEQFF	1
CASSFAGENEQFF	1
CASSFGTGAYEQYF	1
CASSFGSSYNEQFF	1
CASSFGRGHEQYF	1
CASSFGWLETDHNEQFF	1
CASSFGVRFEQYF	1
CASSFGDEQYF	1
CASSFGELNSPLHF	1
CASSFGTSGRTYSYNEQFF	1
CASSFGSGETQYF	1
CASSFGSGSYEQYF	1
CASSFGPPGQGVETQYF	1
CASSFGPSTDTQYF	1
CASSFGQVTNEQYF	1
CASSFGVAGSYEQYF	1
CASSFDLGLAGLASPKGEQFF	1
CASSFEGRPGETQYF	1
CASSFMATRVNEQFF	1
CASSFMGNEQFF	1
CASSFISLWGQGSNEQYF	1
CASSFTPGTDKQETQYF	1
CASSFTLATGELFF	1
CASSFTAEKNIQYF	1
CASSFTAYEQYF	1
CASSFSPAPVGTQYF	1
CASSFSVRGTQYF	1
CASSFSVEQFF	1
CASSFSRQRVEAFF	1
CASSFSGGSHTDTQYF	1
CASSFRAQTYEQYF	1
CASSFKEEFGSYEQYF	1
CASSFFGEETQYF	1
CASSFFTTGLGEAFF	1
CASSFLGVSETQYF	1
CASSFSSGVTDTQYF	1
CASSFSTSGGVYNEQFF	1
CASSFSSTGELFF	1
CASSFWGYEQYF	1
CASSFLQGLSYEQYF	1
CASSFPSSKETQYF	1
CASSFPGQGTYEQYF	1
CASSFPRGYSPLHF	1
CASSFRDRNEQFF	1
CASSFQGAHRYF	1
CASSFQRGGGEQPQHF	1
CASSFVRAGGGYTF	1
CASSFVFGGQGAYNEQFF	1
CASSFGMPGLAGETQYF	1
CASSFGAGIYF	1
CASSFGDRGYEQYF	1
CASSFGEASEQYF	1
CASSFGTGNDQRYEQYF	1
CASSFGTEDWTNTGELFF	1
CASSFGLARNEQFF	1
CASSFGQGGNEQFF	1
CASSFEGWGTDTQYF	1
CASSFEGVHNEQFF	1
CASSFMEVEQFF	1
CASSFTGGGVDTQYF	1
CASSLSGTGGSINYGYTF	1
CASSLSPVEQFF	1
CASSLSGTSNDHTQYF	1
CASSLSTDTQYF	1
CASSLPGPNSDTQYF	1
CASSLRPVGENNEQFF	1
CASSLHYRDRSSYEQYF	1
CASSLVENEQFF	1
CASSLVYSSEQYF	1
CASSLVGSYTF	1
CASSLAGGLNEQFF	1
CASSLAGEIEAFF	1
CASSLGGSSYNEQFF	1
CASSLGRGTPGELFF	1
CASSLGVRYNEQFF	1
CASSLGGRETQYF	1
CASSLGTSADTQYF	1
CASSLGTAFADTQYF	1
CASSLGTGRKYF	1
CASSLGTGTYEQYF	1
CASSLDEVTPLGEQYF	1
CASSLELAGVGEQYF	1
CASSLEGSYEQYF	1
CASSLEAASTDTQYF	1
CASSLIRSSYNEQFF	1
CASSLMVAGVSTDTQYF	1
CASSLMGEQFF	1
CASSLTSGRGYEQFF	1
CASSLRAPGRDTQYF	1
CASSLRGRAYEQYF	1
CASSLRLAGKQETQYF	1
CASSLNNEQFF	1
CASSLLSLGGGRETQYF	1
CASSLLAGSYNEQFF	1
CASSLLAGDKETQYF	1
CASSLSAGGPYNEQFF	1
CASSLSPGQGAWGGELFF	1
CASSLSGRRSFDEQFF	1
CASSLSTGGYEQYF	1
CASSLWWSGYNEQFF	1
CASSLWLAGEGGTDTQYF	1
CASSLWRGRTQETQYF	1
CASSLWQGGTDTQYF	1
CASSLWGGSTYEQYF	1
CASSLWGTLESNEQFF	1
CASSLWESTGIMPQHF	1
CASSLYGVPYEQYF	1
CASSLYRGEETQYF	1
CASSLLQIKGEQFF	1
CASSLLVWTGKAGELFF	1
CASSLLASGYNEQFF	1
CASSLLSSDTQYF	1
CASSLPSGVSYNEQFF	1
CASSLRPGLWSHEQYF	1
CASSLRRGGAGELFF	1
CASSLRAGPPRETQYF	1
CASSLQGLQVGELFF	1
CASSLVGGSTDTQYF	1
CASSLVGRGTNTGELFF	1
CASSLVGSSRFF	1
CASSLARLLRDSISYEQYF	1
CASSLAQGQQQYF	1
CASSLAGRGVTQYF	1
CASSLASRVGIQYF	1
CASSLAPRAEQYF	1
CASSLARYADTQYF	1
CASSLAGGAYEQYF	1
CASSLAGKHQFF	1
CASSLASYNEQFF	1
CASSLALGSTSNTGELFF	1
CASSLALEGHNEQFF	1
CASSLALLAESSYNEQFF	1
CASSLALAGESTDTQYF	1
CASSLAPGLQEYF	1
CASSLAVAREQYF	1
CASSLAAQGEQYF	1
CASSLAGPREQETQYF	1
CASSLATGGGDTQYF	1
CASSLARTGRADTQYF	1
CASSLGLTSSYNEQFF	1
CASSLGGGTDTQYF	1
CASSLGASHTNEKLFF	1
CASSLGLGGEQYF	1
CASSLGLAGLNEQFF	1
CASSLGAGNEQYF	1
CASSLGGLNYNEQFF	1
CASSLGGQDPLNF	1
CASSLGIVPSGEQYF	1
CASSLGTSVLRGEQFF	1
CASSLGTNSYEQYF	1
CASSLGSGGASEQFF	1
CASSLGKAGALYEQYF	1
CASSLGQGPDEQYF	1
CASSLGGGLAGHNEQFF	1
CASSLDPTQETQYF	1
CASSLDATGLARELDF	1
CASSLDRPGELFF	1
CASSLEREANEQFF	1
CASSLEEGQGTEQFF	1
CASSLERAGDIQYF	1
CASSLISGSPEQYF	1
CASSLIGGPGELFF	1
CASSLMAGEANEQFF	1
CASSLMGLAGTQEQYF	1
CASSLMGQGQSYRNSNQPQHF	1
CASSLTSGSHEQFF	1
CASSLTPGASGGHRELFF	1
CASSLTTKKFF	1
CASSLSSSEQYF	1
CASSLSLRTGLLLSFNEQFF	1
CASSLSRSPTLYEQFF	1
CASSLSVGTGSGYGYTF	1
CASSLSAGGAGEQYF	1
CASSLSGGNNEQYF	1
CASSLRADEQFF	1
CASSLRGTQSYTGELFF	1
CASSLRGLGTDTQYF	1
CASSLRGETQYF	1
CASSLRGQAYPRSDTQYF	1
CASSLRDNPYEQYF	1
CASSLNNYNEQFF	1
CASSLKDEPYNEQFF	1
CASSSRAFGRDIQYF	1
CASSSQPLAGVAGELFF	1
CASSSAGGPYEQFF	1
CASSSGSGGRNQPQHF	1
CASSSELAGGIYNEQFF	1
CASSSTGNEQFF	1
CASSSRSRGRGYEQYF	1
CASSSFPSGSGSYEQYF	1
CASSSFDSSSYEQYF	1
CASSSSRGGRETQYF	1
CASSSWGGAYEQYF	1
CASSSYSGMGSDTQYF	1
CASSSLVSQEQFF	1
CASSSLGGRTGGYTF	1
CASSSLTVSGANVLTF	1
CASSSLGGETQYF	1
CASSSPHEQYF	1
CASSSPSGGADTQYF	1
CASSSPSSGGAETQYF	1
CASSSPRGSGTSSSYEQYF	1
CASSSRTVEQYF	1
CASSSQNTGELFF	1
CASSSVVFPGLEQFF	1
CASSSAPGFKEQYF	1
CASSSGRYEQYF	1
CASSSGTHFSSYNEQFF	1
CASSSGTGVNIQYF	1
CASSSGTGNYEQYF	1
CASSSTPGLLNSPLHF	1
CASSSKGGPYEQYF	1
CASSSKSSEQFF	1
CASSSWVTGIQETQYF	1
CASSSWTSGKVGDTQYF	1
CASSSPGQGASYEQYF	1
CASSSGTTYNEQFF	1
CASSSGQGARAGFNQPQHF	1
CASSSISVSGLAVSYNEQFF	1
CASSSRGTDTQYF	1
CASSSNLLAGDNEQFF	1
CASSSNSGTSGQETQYF	1
CASSSLHRRDTEAFF	1
CASSSEANEQFF	1
CASSSMGTGSGQYNEQFF	1
CASSSTRGLTDTQYF	1
CASSSTTSDPTDTQYF	1
CASSWSQSEQYF	1
CASSWLAARGTDTQYF	1
CASSWAGGVNEQFF	1
CASSWGGAAVYEQYF	1
CASSWGRNTEAFF	1
CASSWGLRFSYEQYF	1
CASSWMGQPYTDTQYF	1
CASSWTKYVGTVTDTQYF	1
CASSWTASTYEQYF	1
CASSYLARQGSYNSPLHF	1
CASSYPSRGGYNEQFF	1
CASSYASASTDTQYF	1
CASSYGPLLGSGSYEQYF	1
CASSYGDRWNTGELFF	1
CASSYGAGGGRGTQYF	1
CASSYFPRQGETQYF	1
CASSYSRDPNIQYF	1
CASSYSPASGVYNEQFF	1
CASSYSQASTDTQYF	1
CASSYSGTGSYEQYF	1
CASSYSGTGSHEQYF	1
CASSYSSGAGQPQHF	1
CASSYSVQGYGYTF	1
CASSYSGEQYF	1
CASSYSGSGPDPFF	1
CASSYSGLALPQYF	1
CASSYSMAAGVSEQFF	1
CASSYSILGGAEKLFF	1
CASSYSTSVNSYEQYF	1
CASSYSTPGQGDKNIQYF	1
CASSYSRIGTGSTSSSYEQYF	1
CASSYSKWVDNEQFF	1
CASSYSKAGYEQYF	1
CASSYSKGFSTGELFF	1
CASSYSKGSNGQETQYF	1
CASSYSSPGRSLAKNIQYF	1
CASSYSSDTYGYTF	1
CASSYSAGDGETQYF	1
CASSYSGGVISPLHF	1
CASSYWPGSGVRRETQYF	1
CASSYLGTGVNEQYF	1
CASSYLGTDYGYTF	1
CASSYLASYNEQFF	1
CASSYPSRRSRPYEQYF	1
CASSYRREKDTQYF	1
CASSYRIARSGDNEQFF	1
CASSYVLAVLTDTQYF	1
CASSYVRGSEAFF	1
CASSYGRNSYEQYF	1
CASSYGQVYEQYF	1
CASSYDRGFTDTQYF	1
CASSYEGTGAYEQYF	1
CASSYEGNEQFF	1
CASSYTSGGSQPQHF	1
CASSYTGVGGYEQYF	1
CASSYTGQYTGELFF	1
CASSYRGGLAGGSNADTQYF	1
CASSLSEAQPQHF	1
CASSLHGTPQGYEQYF	1
CASSLTQTQYF	1
CASSLSGGMNTQYF	1
CASSLRDGEGYTF	1
CASSLHDGLFTGELFF	1
CASSLASARNEQFF	1
CASSLGGRAGKASDTQYF	1
CASSLRGFQETQYF	1
CASSLGSWETQYF	1
CASSLDFAGHEQFF	1
CASSLTKPGEQYF	1
CASSLWSTGTQDSNEQFF	1
CASSLDSANTGELFF	1
CASSLTGTDEQYF	1
CASSPSRRGSYEQFF	1
CASSPLAGGVNEQFF	1
CASSPPSDVEQYF	1
CASSPPNSGITDTQYF	1
CASSPQEISYNEQFF	1
CASSPVRTSGTGEQYF	1
CASSPDLGAYEQYF	1
CASSPEVGNTGELFF	1
CASSPMRGGMGNTEAFF	1
CASSPTRSNQPQHF	1
CASSPLGRSFYNEQFF	1
CASSPYAGESTDTQYF	1
CASSPLLLAATNTDTQYF	1
CASSPLGPYEQYF	1
CASSPPVIAGAYEQYF	1
CASSPPRGRLQETQYF	1
CASSPRTPNEQFF	1
CASSPRLAGTPYEQYF	1
CASSPQRETQYF	1
CASSPAGTGGYGYTF	1
CASSPATPVYNEQFF	1
CASSPGTSGRGDTGELFF	1
CASSPGTSGRGPDTQYF	1
CASSPGTGSRGTDTQYF	1
CASSPSGGYNTGELFF	1
CASSPRVKRLAGSLYEQYF	1
CASSPRGRVEQFF	1
CASSPNPASYEQYF	1
CASSPPGEGRGTEAFF	1
CASSPPSRRNEQFF	1
CASSPVGVSYNEQFF	1
CASSPGWGGATYEQYF	1
CASSPGTSGTDSYNEQFF	1
CASSPGTGGETQYF	1
CASSPDRVHSYEQYF	1
CASSPDRAILASYEQYF	1
CASSPTRDNEQFF	1
CASSPSGDTQYF	1
CASSPKGSSYEQYF	1
CASSPPEGATEAFF	1
CASSPASYNEQFF	1
CASSPGRGANVYEQYF	1
CASSPDRGTYEQYF	1
CASSPRSSGTHNEQFF	1
CASSRLTSTDTQYF	1
CASSRGGQGPTGELFF	1
CASSRIPSYEQYF	1
CASSRPTGGSDNEQFF	1
CASSRQGLTDQETQYF	1
CASSRGLAGGAGELFF	1
CASSRVGGSPFNEQFF	1
CASSRQFNYGYTF	1
CASSRQGNSPLHF	1
CASSHIGESAYNEQFF	1
CASSQGPFYNEQFF	1
CASSQDRYNEQFF	1
CASSQTGNEQFF	1
CASSQNTGTGGGGYTF	1
CASSVSWDHKIYNEQFF	1
CASSVLAGDAYEQYF	1
CASSVAQRGSYNEQFF	1
CASSVGQGNSPLHF	1
CASSVDRDQETQYF	1
CASSVNPQYEQYF	1
CASSVKGQGIWEQYF	1
CASSATGRETQYF	1
CASSASGARTDTQYF	1
CASSASGEQYF	1
CASSARTGNEQFF	1
CASSAYRGRKYEQYF	1
CASSAVILQGATSPLHF	1
CASSGLNTGELFF	1
CASSGPGTSGISYNEQFF	1
CASSGEGAYEQYF	1
CASSGTDTQYF	1
CASSGWTGGPSGYTEAFF	1
CASSGVTGELFF	1
CASSGYSGTHPYEQYF	1
CASSGRATLQETQYF	1
CASSGGLAGNNEQFF	1
CASSGILNEQFF	1
CASSGTYEQYF	1
CASSGTGSTDTQYF	1
CASSGTGINNEQFF	1
CASSGTGKIFYEQFF	1
CASSGLASFYEQYF	1
CASSGRTENTGELFF	1
CASSGQPAIYEQYF	1
CASSGEREQFF	1
CASSDWFVRDSRPDTQYF	1
CASSDPGLAASYEQYF	1
CASSDGSGGDTQYF	1
CASSDPGAGRNNEQFF	1
CASSDPIAGGNYEQYF	1
CASSDPPRAASNYNEQFF	1
CASSDPRRGYQETQYF	1
CASSDPTSGETGGEQFF	1
CASSDPVPEQFF	1
CASSDDRAIPMNTEAFF	1
CASSEGGSVPETQYF	1
CASSEGVQFF	1
CASSEEGRSYEQYF	1
CASSESPLGYGYTF	1
CASSEYGNEQFF	1
CASSEPGATEAFF	1
CASSEPGLAVYNEQFF	1
CASSEPQRESTDTQYF	1
CASSERSGGADFYEQYF	1
CASSEQGYNSPLHF	1
CASSEVQFEQYF	1
CASSEVRLMSQYF	1
CASSEARAHVSLPQHF	1
CASSEAGSEAFF	1
CASSEARTSGSLEQYF	1
CASSEGSGGALNEQFF	1
CASSEGTGGPNEQYF	1
CASSEDPFRVYLLFLPTEAFF	1
CASSEEGQGGEQFF	1
CASSEIHTGELFF	1
CASSETVWEQYF	1
CASSETGVEETQYF	1
CASSEKCQLNEQFF	1
CASSEKAGYGYTF	1
CASSIPRTSGRGEQYF	1
CASSIDNNEQYF	1
CASSMLAGAKNEQFF	1
CASSMTSGSVGEQFF	1
CASSIQGAGIGELFF	1
CASSIQGGNSPLHF	1
CASSIRPGQGYEQYF	1
CASSTHGDTRQYF	1
CASSTSGTPNIQYF	1
CASSTTGTRGNNEQFF	1
CASSTVVLSHNEQFF	1
CASSTYAQGAYEQYF	1
CASSTPRDGSTDTQYF	1
CASSTGEEDTQYF	1
CASSSRGVSGKETQYF	1
CASSRWPGYEQYF	1
CASSRLKRGNQPQHF	1
CASSRAKLQDPSKNIQYF	1
CASSRDRQSKETQYF	1
CASSKGSGGLGQYF	1
CASSKDGYEQYF	1
CASSKDRDEGEQYF	1
CASSKTSGKSGEQFF	1
CASSKLLGIPPDTQYF	1
CASSKPGSSSYNEQFF	1
CASSKGQGGETQYF	1
CASSKGREYEQYF	1
CASSKRTGLNTEAFF	1
CASSFFGSRDSWKYEQYF	1
CASSFSGGYEQYF	1
CASSFSHSGSPYEQYF	1
CASSFLVGKPGQETQYF	1
CASSFLGADTQYF	1
CASSFPGGTPSWDEQFF	1
CASSFPNYDNEQFF	1
CASSFPASGSKETQYF	1
CASSFPISYEQYF	1
CASSFRLRGRSLVGETQYF	1
CASSFVAGTQETQYF	1
CASSFGRVDPHNEQFF	1
CASSFGGVSYNEQFF	1
CASSFGQVRNTGAGTQKTDTQYF	1
CASSFGLAGPGETQYF	1
CASSFETGIVTDTQYF	1
CASSFTGTQETQYF	1
CASSFSGSTYEQYF	1
CASSFFPFQRPNEKLFF	1
CASSFLAGMGEQFF	1
CASSFSGTTGVPYEQYF	1
CASSFSGGQILNQQFF	1
CASSFLPGNLQYF	1
CASSFLRQGGGYTF	1
CASSFPGGLGNEQFF	1
CASSFPTSGPVVNEQFF	1
CASSFRQLTYEQYF	1
CASSFHIAASSYNEQFF	1
CASSFQAGGASSYNEQFF	1
CASSFAQGYTEAFF	1
CASSFGPGTSVSTDTQYF	1
CASSFGAGLETQYF	1
CASSFGGVKPQHF	1
CASSFGTPDPYEQYF	1
CASSFGSSYNEQFF	1
CASSFGPSLQETQYF	1
CASSFGRGLAEQYF	1
CASSFTDNEQFF	1
CASSFNFGTGPYEQYF	1
CASSLFGPSDEQYF	1
CASSLSGGGRDQPQHF	1
CASSLSGTVGPSYEQYF	1
CASSLSGQGFDEQYF	1
CASSLYTGVGPYEQYF	1
CASSLLLAGRGNEQFF	1
CASSLLAGHTGELFF	1
CASSLRPGQGYTGELFF	1
CASSLRWADYEQYF	1
CASSLVGSSTDTQYF	1
CASSLVWPRSSYEQYF	1
CASSLVAGWENEQFF	1
CASSLALGGAAYNEQFF	1
CASSLALLQGNYEQYF	1
CASSLARRQNQETQYF	1
CASSLGVLTHF	1
CASSLGREGPQHF	1
CASSLGSIREQFF	1
CASSLGLHAVYGELFF	1
CASSLGLGDTDTQYF	1
CASSLGQGGEQYF	1
CASSLDWGGTDTQYF	1
CASSLDLRGDTGELFF	1
CASSLDRAGEQFF	1
CASSLDHRETQYF	1
CASSLDVSGTGGGYTF	1
CASSLEAQYF	1
CASSLEGQGASMQFF	1
CASSLELTLYEQYF	1
CASSLIRGPGNEQFF	1
CASSLTSGGGNEQFF	1
CASSLTSSGDEQYF	1
CASSLTTEADTQYF	1
CASSLRQGIGPDSYEQYF	1
CASSLRTSGNYEQYF	1
CASSLFGGIQETQYF	1
CASSLLVPRPDRMAEREQFF	1
CASSLLASGGGATDTQYF	1
CASSLLAGAGNEQFF	1
CASSLSSQKNIQYF	1
CASSLSLGAGGFF	1
CASSLWEGVGETQYF	1
CASSLYPSAGEQFF	1
CASSLLNQPQHF	1
CASSLPSSGIPEQYF	1
CASSLPRWGETQYF	1
CASSLPGPYEQYF	1
CASSLPAERADTQYF	1
CASSLRSDTQYF	1
CASSLRRSPREQYF	1
CASSLRRNIQYF	1
CASSLRVNNEQFF	1
CASSLQEGGDYGYTF	1
CASSLQKIYGYTF	1
CASSLVFFAANTGELFF	1
CASSLVTGQGYLDQYF	1
CASSLVLGGETQYF	1
CASSLVPNSYNEQFF	1
CASSLVQMNTGELFF	1
CASSLVAISSYEQYF	1
CASSLVSAEQYF	1
CASSLVRGGSYEQYF	1
CASSLVGGNSEQFF	1
CASSLVGQGIIYNEQFF	1
CASSLVQGSYEQYF	1
CASSLVAGRGYIEQFF	1
CASSLVGGEHYAKNIQYF	1
CASSLALQVLAYTTPYNEQFF	1
CASSLAAGEPSYEQYF	1
CASSLAAGAGANVLTF	1
CASSLAIGRGSSYEQYF	1
CASSLATSGPF	1
CASSLATYEQYF	1
CASSLASTGQYF	1
CASSLAPSGRPDTQYF	1
CASSLARGQNTGELFF	1
CASSLASPGYNEQFF	1
CASSLAYRETQYF	1
CASSLALGRGEETQYF	1
CASSLALERSSTDTQYF	1
CASSLAHIGGVRYNEQFF	1
CASSLAAKGNTGELFF	1
CASSLAGHTGELFF	1
CASSLADAGGYEQYF	1
CASSLASDIARHGYTF	1
CASSLASYGATGVEQFF	1
CASSLAGETQYF	1
CASSLAGKETQYF	1
CASSLGSWGATRVTQFF	1
CASSLGSATYGYTF	1
CASSLGLLQNTEAFF	1
CASSLGRGTYEQYF	1
CASSLGHRAGTYNEQFF	1
CASSLGQGLSSYNEQFF	1
CASSLGVGPAYEQYF	1
CASSLGGRRTDTQYF	1
CASSLGGASTYEQYF	1
CASSLGGQGSYEQYF	1
CASSLGIGYEQYF	1
CASSLGTGAYEQYF	1
CASSLGRQETQYF	1
CASSLGRGPGYNEQFF	1
CASSLGGLVSYNEQFF	1
CASSLGGSPSYEQYF	1
CASSLGWNGGLDTQYF	1
CASSLGLAGVSYEQYF	1
CASSLGRSGTDTQYF	1
CASSLGVIRGYTF	1
CASSLGASGTPVSYNEQFF	1
CASSLGAGGPYEQYF	1
CASSLGGQGYEQYF	1
CASSLGGTNEKLFF	1
CASSLGENNEQFF	1
CASSLGSKKSYNEQFF	1
CASSLGLAGSYNEQFF	1
CASSLGQGPYEQYF	1
CASSLDSPGGGPIQETQYF	1
CASSLDLDWSDTQYF	1
CASSLDPAGFANTGELFF	1
CASSLDMANGETQYF	1
CASSLDLRDRVFDEQYF	1
CASSLDAGTANYNEQFF	1
CASSLESAEAYGYTF	1
CASSLEWAGDTQYF	1
CASSLERGGNNEQFF	1
CASSLEGTYEQYF	1
CASSLEGLAYEQYF	1
CASSLEDLRVPHEAFF	1
CASSLETGGRTNEKLFF	1
CASSLEKQPLREQFF	1
CASSLEGAAYYEQYF	1
CASSLEGTRQPQHF	1
CASSLETTNEQFF	1
CASSLIQGVNQETQYF	1
CASSLIGGANIYGYTF	1
CASSLIGEGSNTEAFF	1
CASSLMSGGDIGEAFF	1
CASSLMGESTDTQYF	1
CASSLISAPTGRSYNEQFF	1
CASSLTGTRSAGELFF	1
CASSLTTEYDIQYF	1
CASSLTVEGNSPLHF	1
CASSLTTVYANTGELFF	1
CASSLTRQETQYF	1
CASSLTRQENVNEQFF	1
CASSLTGVADTQYF	1
CASSLSSSAIKNIQYF	1
CASSLSWAGGYNEQFF	1
CASSLRPSGNLDYEQYF	1
CASSLRGVTGELFF	1
CASSLNSYEQYF	1
CASSLKLAGGTDTQYF	1
CASSLKRRYNEQFF	1
CASSSSYESQTSYEQYF	1
CASSSLGTGEYEQYF	1
CASSSSGAYNEQFF	1
CASSSRSGTGGDEQFF	1
CASSSSGAGYEQYF	1
CASSSSWRTDTQYF	1
CASSSLGGEQYF	1
CASSSLAPYNEQFF	1
CASSSLKVPQETQYF	1
CASSSPRKANEQFF	1
CASSSRDRLTGELFF	1
CASSSRGTGGSEQFF	1
CASSSHPGGWGIAPNTEAFF	1
CASSSHRGGQETQYF	1
CASSSVFNPQQGSDEQFF	1
CASSSVPLLAKNIQYF	1
CASSSVVSGGVGYEQYF	1
CASSSAVGGADTQYF	1
CASSSGTSGTAYNEQFF	1
CASSSGTASSYEQYF	1
CASSSGTGSYEQYF	1
CASSSGTGGRTTYEQYF	1
CASSSGTELYEQYF	1
CASSSIWTSGSYEQYF	1
CASSSITGSGNQPQHF	1
CASSSRGVPDTQYF	1
CASSSNTQSGYEQYF	1
CASSSNRDLTGELFF	1
CASSSQGARDEQYF	1
CASSSVREANYGYTF	1
CASSSAGGPYEQYF	1
CASSSGLEFYEQYF	1
CASSSGAGGDGYTF	1
CASSSGERKETQYF	1
CASSSWGPSSADTQYF	1
CASSSHGQAAKSDTQYF	1
CASSSAWRGSYNEQFF	1
CASSSGYNEQFF	1
CASSSGHREITKETQYF	1
CASSSDRVRIYMYTQYF	1
CASSSRRGWGTDTQYF	1
CASSSNRVYQETQYF	1
CASSWRKTGASYEQYF	1
CASSWASGGRGGGNEQFF	1
CASSWTSGGAAETQYF	1
CASSWTSGQETQYF	1
CASSWTNGEQYF	1
CASSWTGTSVDEQFF	1
CASSWRAGMNTEAFF	1
CASSYWTDAYEQYF	1
CASSYLAGEYEQYF	1
CASSYRTSGSYNEQFF	1
CASSYRQGGETQYF	1
CASSYASGTGDYEQYF	1
CASSYDPGLAEYNEQFF	1
CASSYEGAGALWNEQFF	1
CASSYTSPGELFF	1
CASSYPQGRVRNTEAFF	1
CASSYVQLAHHEQFF	1
CASSYGRVSSGRAGLFEDTQYF	1
CASSYIEGTSGVYYNEQFF	1
CASSYRQVSYNEQFF	1
CASSYNDKRASYNEQFF	1
CASSLLAGVTLSYEQYF	1
CASSLVPGHDEQYF	1
CASSLGLSRTSSYNEQFF	1
CASSLRQPSGGYTF	1
CASSLYLSEQFF	1
CASSLQGFDEQFF	1
CASSLAGPQETQYF	1
CASSLGYTQYF	1
CASSLGTGANYGYTF	1
CASSLGLAGVANEQFF	1
CASSLDRLGTDTQYF	1
CASSLTAGLYNEQFF	1
CASSLSRNWGETQYF	1
CASSLRVGTDTQYF	1
CASSLLAGGNEQFF	1
CASSLRTSGGTQYF	1
CASSLHGSEQYF	1
CASSLGTATPYEQYF	1
CASSLGLYSGGIYNEQFF	1
CASSLGLAGLQETQYF	1
CASSLSGGTYEQYF	1
CASSLFSGRQSTDTQYF	1
CASSLRTGRERRQETQYF	1
CASSLAPGGVTFATNEKLFF	1
CASSLAGTGKVYEQYF	1
CASSLAVYEQYF	1
CASSLAGGLLETQYF	1
CASSLDGSYEQYF	1
CASSLDRGSSYNEQFF	1
CASSPSSGWTYNEQFF	1
CASSPLLRPLPLYNEQFF	1
CASSPLDKETQYF	1
CASSPPQGATEAFF	1
CASSPPGASGGEEQFF	1
CASSPRGGGNSYEQYF	1
CASSPRDRVSGEQFF	1
CASSPRQGTEIFSTEAFF	1
CASSPQGSGELFF	1
CASSPQPGQSSYNEQFF	1
CASSPASGSLDEQFF	1
CASSPAGTAGSYTF	1
CASSPGNSGNIQYF	1
CASSPGTGMAIQYF	1
CASSPGPLNNEQFF	1
CASSPGSPFRETQYF	1
CASSPTRDRDREQYF	1
CASSPSIGTGNDEQFF	1
CASSPSGVRETQYF	1
CASSPREGVNTGELFF	1
CASSPLEGSTEAFF	1
CASSPYSGHQNQPQHF	1
CASSPLAGGGTGELFF	1
CASSPLQTTIRGSNQPQHF	1
CASSPPTGELFF	1
CASSPPAGGLNEQFF	1
CASSPRSGVGDEQFF	1
CASSPRTSAFGETQYF	1
CASSPRTGEETQYF	1
CASSPRSGGWETQYF	1
CASSPQVRAREASEQFF	1
CASSPQTGTGNEQYF	1
CASSPARTGTGREQYF	1
CASSPAGGLSGKLFF	1
CASSPGAGTRPETQYF	1
CASSPGTSVYF	1
CASSPDPGTGLETQYF	1
CASSPDVAGTDTQYF	1
CASSPEGGAPYF	1
CASSPMGGRTDTQYF	1
CASSPTGLADQETQYF	1
CASSPTLFSGRVTYEQYF	1
CASSPTGWAGEQYF	1
CASSPSRDRPLEQYF	1
CASSPSGSPDTQYF	1
CASSPRGPYSSYEQYF	1
CASSPRIGNHNEQFF	1
CASSPRTYEQYF	1
CASSPSLDYYEQYF	1
CASSPPGLNNEKLFF	1
CASSPVGNEQFF	1
CASSPVLSSYEQYF	1
CASSPGISNQPQHF	1
CASSPGREAYNEQFF	1
CASSPGLAGHEQFF	1
CASSPGLANYEQYF	1
CASSPGQINTEAFF	1
CASSPGGLAVNEQFF	1
CASSPDRANQPQHF	1
CASSPDRSTDTQYF	1
CASSPIGGEREQYF	1
CASSPTGGPSYEQYF	1
CASSPTRGNTEAFF	1
CASSPKGTGGADNEQFF	1
CASSPLGEGYEQYF	1
CASSPLEPTINEQFF	1
CASSPPEDRDYGYTF	1
CASSPPRETQYF	1
CASSPPVKGNKYNEQFF	1
CASSPRSGRARYEQYF	1
CASSPGTSGETDTQYF	1
CASSPDRDPTDTQYF	1
CASSPMGGEQYF	1
CASSPTPLAGPNTGELFF	1
CASSPTGTGSYNSPLHF	1
CASSPTESGWSSYNEQFF	1
CASSPTTSGTQETQYF	1
CASSPSSGSYNEQFF	1
CASSPKRGGRDTQYF	1
CASSPKAGTGTGELFF	1
CASSRPGGNTIYF	1
CASSRQSWRGPSTDTQYF	1
CASSRTGTSGDNEQFF	1
CASSRRLAGINEQFF	1
CASSRGTFGNTIYF	1
CASSRVNRQFF	1
CASSRGDGYEQYF	1
CASSRGTGFRRTQYF	1
CASSRGQVNEQFF	1
CASSRGGNEQYF	1
CASSRDSNTGELFF	1
CASSRDRYTDTQYF	1
CASSRDRDSYEQYF	1
CASSRDRFQETQYF	1
CASSREGLPSHEQYF	1
CASSRIQETQYF	1
CASSRTSGRGTDTQYF	1
CASSRTSRYNEQFF	1
CASSRTQTYNEQFF	1
CASSRSDGRAKYNEQFF	1
CASSRPGSIYNEQFF	1
CASSRPLAGSYNEQFF	1
CASSRPSKSAPYEQYF	1
CASSRQGRGEQFF	1
CASSRTTSGAYEQYF	1
CASSHLLAGGPYNEQFF	1
CASSHHVFIETQYF	1
CASSHGDRRADTQYF	1
CASSHPPGTAEETQYF	1
CASSHPGPLGYNEQFF	1
CASSHPTRTQYF	1
CASSHPPGGKATGELFF	1
CASSHHTTELYSYEQYF	1
CASSHEPARTQYF	1
CASSHIQTSQPLRETQYF	1
CASSHSAGESVHEQYF	1
CASSQFVTIGANEQFF	1
CASSQGGYNSPLHF	1
CASSQMSAQGETQYF	1
CASSQMTTDTQYF	1
CASSQIQGSADEQYF	1
CASSQTANQETQYF	1
CASSQRPGQLNTEAFF	1
CASSQFSTGTRGNEQFF	1
CASSQSSGGADEQFF	1
CASSQSALGEQYF	1
CASSQWMTNNEQFF	1
CASSQPSGGAETQYF	1
CASSQPSLAGAYEQYF	1
CASSQPRDSEEAFF	1
CASSQRRTGRGVETQYF	1
CASSQQNQRMGNEQFF	1
CASSQVQGEQYF	1
CASSQVSTTYDQPQHF	1
CASSQVNREETQYF	1
CASSQVGKGNIQYF	1
CASSQVDQRGSEQYF	1
CASSQVTSGYNEQFF	1
CASSQAGLLYEQYF	1
CASSQASGRLYNEQFF	1
CASSQAGLSSYEQYF	1
CASSQAGVRHNEQFF	1
CASSQGTGEGEKLFF	1
CASSQGPKLDNEQFF	1
CASSQGATGAYEQYF	1
CASSQGGPQGLGNSPLHF	1
CASSQGGEETQYF	1
CASSQGGGNTEAFF	1
CASSQGTFLSYEQYF	1
CASSQGLAGGTDTQYF	1
CASSQDSGEQFF	1
CASSQDSATQETQYF	1
CASSQDPAKVLSRYNEQFF	1
CASSQDPLAVEQFF	1
CASSQDRESEQYF	1
CASSQDVGGQPQHF	1
CASSQDALAGGEQYF	1
CASSQDAGANTGELFF	1
CASSQDERTSGRGQETQYF	1
CASSQDRGAGGYSPLHF	1
CASSQDRGTYNEQFF	1
CASSQDRTGLYNEQFF	1
CASSQDLVEVPSYEQYF	1
CASSQDSYEQYF	1
CASSQEFRERGHTDTQYF	1
CASSQEAEGSGIATQYF	1
CASSQEGSNEQFF	1
CASSQEGYTAAQYF	1
CASSQEDGTAGAYNEQFF	1
CASSQEELNTGELFF	1
CASSQERRTLRNEQFF	1
CASSQENPEEQYF	1
CASSQEAVREYYEQYF	1
CASSQEGQGVEQYF	1
CASSQEGGTPYEQYF	1
CASSQINEQFF	1
CASSQTRQGIRTDTQYF	1
CASSQRAAGGSTDTQYF	1
CASSVWAEYNEQFF	1
CASSVTSGGAYEQYF	1
CASSVYNEQFF	1
CASSVRDYLSYEQYF	1
CASSVDTGNEQFF	1
CASSVSGVLAETYNEQFF	1
CASSVNGGTQETQYF	1
CASSVRRQGSVETQYF	1
CASSVRRDQETQYF	1
CASSVNSGTGLYEQYF	1
CASSVYEGGSRYTF	1
CASSVLAGVTGELFF	1
CASSVQGNQPQHF	1
CASSVVVGVAVNEQFF	1
CASSVATGTLYNEQFF	1
CASSVAVGGLNEQFF	1
CASSVGQGKDTQYF	1
CASSVNREVTYNEQFF	1
CASSAQGEVPYEQYF	1
CASSALGTTVEEQYF	1
CASSATSGGETQYF	1
CASSGLGYEQFF	1
CASSGRGRRLNNEQFF	1
CASSGAHEQYF	1
CASSGEGSAPGELFF	1
CASSGTGQKSDTQYF	1
CASSGSNTGELFF	1
CASSGRTSGGNEQFF	1
CASSGLDRTYEQYF	1
CASSGLAVGGSYNEQFF	1
CASSGQGATSSYNSPLHF	1
CASSGQTYEQYF	1
CASSGTGTSFKWDYNEQFF	1
CASSDYDRVRTYNEQFF	1
CASSDRLAGGSRTSTDTQYF	1
CASSDTGLALEQFF	1
CASSEREALETQYF	1
CASSEGGNQPQHF	1
CASSEGVRVFGQETQYF	1
CASSEGLRLGEQFF	1
CASSESGPPGAQYF	1
CASSIGRASTDTQYF	1
CASSILRNRQGVPYGYTF	1
CASSTPKMGTGAPGETQYF	1
CASSTSSDTQYF	1
CASSTLAGRYEQYF	1
CASSTRGALSSYNEQFF	1
CASSTRTGKAIGQPQHF	1
CASSTGLAGAPEQFF	1
CASSTNPDRGPSYEQYF	1
CASSTAGLNNEQFF	1
CASSTGQLNEQFF	1
CASSSGQGYNEQFF	1
CASSSWDRVMAGYTF	1
CASSRPFRAGELFF	1
CASSRLTGGTDTQYF	1
CASSKVGEAGNFYEQYF	1
CASSKGWDSLSTTEAFF	1
CASSKSTGARTTEAFF	1
CASSKPGQGDGGELFF	1
CASSKQEEQFF	1
CASSKAGAKRYNEQFF	1
CASSKTGDSYNEQFF	1
CASSKNGRGDEQFF	1
CASRFYNEQFF	1
CASRLAGPYEQYF	1
CASRSSGTINNEQFF	1
CASRYSGNEQFF	1
CASRYTRGVYNEQFF	1
CASRLGSKETQYF	1
CASRLGGSLNEQFF	1
CASRPLAGPQFYEQYF	1
CASRPGYPRADTQYF	1
CASRPRQGPFDNEQFF	1
CASRRGNQPQHF	1
CASRQGQGAGGYTF	1
CASRQRDYSNQPQHF	1
CASRVTGRNGEQFF	1
CASRVAGGQNEQFF	1
CASRASREDNEQFF	1
CASRALNGLSSSYEQYF	1
CASRAAGLPQETQYF	1
CASRGWASGSSSYNEQFF	1
CASRGWEGTEAFF	1
CASRGDPHEQYF	1
CASRGLDRGGYEQYF	1
CASRGLSGTGLRNEQFF	1
CASRGAGNTIYF	1
CASRGAELGEQFF	1
CASRGARDEQYF	1
CASRGDLSYEQYF	1
CASRGTSGSFPGANVLTF	1
CASRGTYLSYNSPLHF	1
CASRGGAEQFF	1
CASRDPSGAPYNEQFF	1
CASRDGTSSYNEQFF	1
CASREGDGYGYTF	1
CASRETRVDIGNTIYF	1
CASREQRDQPQHF	1
CASRIWGDQPQHF	1
CASRMHSTDTQYF	1
CASRTGQGISYEQYF	1
CASRTGSYTGELFF	1
CASRRVYGYTF	1
CASRRSTNEKLFF	1
CASRLQGPFSYGYTF	1
CASRSSAISTDTQYF	1
CASRSRAASSYNEQFF	1
CASRSGRETTDTQYF	1
CASRSSGGSLDTQYF	1
CASRYIAGTSETQYF	1
CASRLLAGDGTDTQYF	1
CASRLELQETQYF	1
CASRLAGGTVHEQYF	1
CASRPTGSRGYEQYF	1
CASRPSGIPDNEQFF	1
CASRPNRGSSYEQYF	1
CASRPLSSYEQYF	1
CASRPAGNYEQYF	1
CASRPGLLNTGELFF	1
CASRPGPASETQYF	1
CASRPGHIIQETQYF	1
CASRPDWTSGSGGELFF	1
CASRPTGQGWTGELFF	1
CASRPRDRGTDTQYF	1
CASRRTSSDEQFF	1
CASRQGVFTEAFF	1
CASRQDSGTPYEQYF	1
CASRVGSGSGYEQYF	1
CASRVGVGDFNEKLFF	1
CASRATSGGSYNEQFF	1
CASRAPGGTDTQYF	1
CASRGVSAGVYGYTF	1
CASRGVNLIAKNIQYF	1
CASRGGSLNEQFF	1
CASRGSSYNEQFF	1
CASRDFPTGLDTGELFF	1
CASRDLSGGAYEQYF	1
CASRDYGTSGRPYEQYF	1
CASRELAGVWNEQFF	1
CASREGETQYF	1
CASRIMSGGTEAFF	1
CASRIYHRGASGAIQPQHF	1
CASRIPSQGYHEQYF	1
CASRIQVNYGYTF	1
CASRTQGRPYEQYF	1
CASRTTGKLYNSPLHF	1
CASRSGRTYEQYF	1
CASRRGLAGNTYEQYF	1
CASRRDSTYNEQFF	1
CASRRGRDYEQYF	1
CASRKGGNNNEQFF	1
CASRKGGVNTGELFF	1
CASNPGGRVPNTGELFF	1
CASNPGDSTDTQYF	1
CASNVETSSNEQFF	1
CASNIQGYGTSRQETQYF	1
CASNSQGVGNQPQHF	1
CASNLAWEGAFDEQFF	1
CASNLNPGASTDTQYF	1
CASNPGTDPYEQYF	1
CASNRSDLRDEQYF	1
CASNRRGGNTGELFF	1
CASNRQSSQETQYF	1
CASNVLRTGKAFF	1
CASNVDRTDTQYF	1
CASNAGTRSNEQFF	1
CASNAGGGYEQYF	1
CASNGGNEQFF	1
CASNNFGEGNEQFF	1
CASKWGETQYF	1
CASKLAGGSDTQYF	1
CASKGASGRSRGETQYF	1
CASKPAIIAGSSYNEQFF	1
CASKGTGGFFFFASGQFF	1
CASKDRGERDQPQHF	1
CASKIGGGRIAFF	1
CASKKTGDYNEQFF	1
CARTGVSYNEQFF	1
CANPDRTDTQYF	1
CANSKGGISNEQFF	1
CAISSGGRETQYF	1
CASRVRHTIYF	1
CVPPPSEAFF	1
CACSRTSGGGTDTQYF	1
CASLRTGGDEQFF	1
CASILDPGQSYEQYF	1
CASSEGGGNTIYF	1
CASYPLSVVSSYNEQFF	1
CASRASGTGDLEQFF	1
CASRIGQGARGSYNEQFF	1
CASRRGTSGTLDRKNEQFF	1
CASGQLGAGYNEQFF	1
CASGAYYNEQFF	1
CASGPGTGWNEQFF	1
CASGTLAPSYEQYF	1
CASILGLGAVSYNEQFF	1
CASMVLGLETQYF	1
CASTSRQGAGEQFF	1
CASTPHGTSEENPYNEQFF	1
CASTPAASGSRETQYF	1
CASTQILGRGITDTQYF	1
CASSSLRDKQYF	1
CASSWPSLNNEQFF	1
CASSYQGYEQYF	1
CASSLAESYEQYF	1
CASSPGGGSYNEQFF	1
CASSVSGGSTDTQYF	1
CASSDRASGGREQFF	1
CASSDGGRLQETQYF	1
CASSESEEGRGNRETQYF	1
CASSESHVEVDTQYF	1
CASSESGNRGRTEAFF	1
CASSERGVGEQYF	1
CASSRTVLNEQFF	1
CASSNLLLNSKTGELFF	1
CASSFLAGGDNEQFF	1
CASSFPGEYTGELFF	1
CASSFRPRGGLSTDTQYF	1
CASSFVSFSYEQYF	1
CASSFGSVTDTQYF	1
CASSFGGAGFYNEQFF	1
CASSFGGKHNEQFF	1
CASSFDNEQFF	1
CASSFIWTSGDTGELFF	1
CASSFIAGNTGELFF	1
CASSFSLAGGRNEQFF	1
CASSFLGGAKSYNEQFF	1
CASSFSVEGGSYEQYF	1
CASSFRDRGQDTQYF	1
CASSFRGWGDEQYF	1
CASSFQGETNEQFF	1
CASSFQAVSSYEQYF	1
CASSFATRTSGNEQFF	1
CASSFGYSGEETQYF	1
CASSFGGSTDTQYF	1
CASSFGEGNTGELFF	1
CASSFGTSEETQYF	1
CASSFGHIGAYEQYF	1
CASSFDRIYEQYF	1
CASSFNPGTQFNEQFF	1
CASSLFYEQFF	1
CASSLLDTQYF	1
CASSLLVAGGGRDTQYF	1
CASSLSRDQPQHF	1
CASSLSRTGVLEQYF	1
CASSLSQGWAGSSDEQFF	1
CASSLSGLQPYEQYF	1
CASSLWQENNEQFF	1
CASSLYHGPRFNEQYF	1
CASSLPGTLANGNEQFF	1
CASSLPGGDEQYF	1
CASSLRPSETGELFF	1
CASSLRQGLSYNEQFF	1
CASSLHADTQYF	1
CASSLQRDTDTQYF	1
CASSLVSRATEAFF	1
CASSLVLGGGTEAFF	1
CASSLVSGGPYEQYF	1
CASSLVEGHPNNEQFF	1
CASSLVSGGAYEQYF	1
CASSLVPRNNEQFF	1
CASSLVPALTYEQYF	1
CASSLVHGDYEQYF	1
CASSLVVGTWEQFF	1
CASSLVGTPDEQFF	1
CASSLAQSSTDTQYF	1
CASSLAGSTDTQYF	1
CASSLALAVTEQYF	1
CASSLALRGVLMGYNEQFF	1
CASSLAPFPLAGYAYEQYF	1
CASSLAPRTDYEQYF	1
CASSLAPWGGPYNEQFF	1
CASSLARGTSGSNEQFF	1
CASSLARRDEQYF	1
CASSLAQGLGELFF	1
CASSLAGDTFRHEQYF	1
CASSLAGAGAYNEQFF	1
CASSLADSGSGEQFF	1
CASSLAESYEQFF	1
CASSLASLPYEQYF	1
CASSLANYGLAGIQYF	1
CASSLALTGRTQYF	1
CASSLAVRTSTDTQYF	1
CASSLAGTSDRDEQFF	1
CASSLAGQGASDTGELFF	1
CASSLATVGAGELFF	1
CASSLASGGYEQYF	1
CASSLAGELYEQYF	1
CASSLAGLAGSLSSYNEQFF	1
CASSLGWGYNSYNEQFF	1
CASSLGLAGVFGSYEQYF	1
CASSLGRTYEQYF	1
CASSLGGWTEYYNEQFF	1
CASSLGRGDANEQFF	1
CASSLGNGQDSYEQYF	1
CASSLGRDGLTDTQYF	1
CASSLGQIYTGELFF	1
CASSLGVRVPDTQYF	1
CASSLGGSTDTQYF	1
CASSLGDRTGELFF	1
CASSLGEYNEQFF	1
CASSLGIVSGGYTF	1
CASSLGTKRSTDTQYF	1
CASSLGTGGEKLFF	1
CASSLGRGSDEQYF	1
CASSLGLAGADTQYF	1
CASSLGQGLNEQFF	1
CASSLGAGSTDTQYF	1
CASSLGDISTDTQYF	1
CASSLDYVGISRDRPNLLYNEQFF	1
CASSLDPSGQTYEQYF	1
CASSLDQGRTDTQYF	1
CASSLDVNQETQYF	1
CASSLDAGSNYGYTF	1
CASSLDAVYEQYF	1
CASSLDGQGPLWQYF	1
CASSLDIAGGLNEQFF	1
CASSLDNSQAEQFF	1
CASSLDAGGTGELFF	1
CASSLDGIADTQYF	1
CASSLDESWSSYNEQFF	1
CASSLDRGSSYNSPLHF	1
CASSLESDTQYF	1
CASSLEPPPGPGYEQYF	1
CASSLEALAKNIQYF	1
CASSLEAEVYEQYF	1
CASSLEGSVANEQYF	1
CASSLEGLGEQYF	1
CASSLEMGDEQFF	1
CASSLELAMSYEQYF	1
CASSLEGPSSYNEQFF	1
CASSLEGEVTVDTQYF	1
CASSLEGLGFDEQFF	1
CASSLETYEQYF	1
CASSLETGRSYEQYF	1
CASSLTGDDFYEQYF	1
CASSLTRIYGELFF	1
CASSLTPSNEQFF	1
CASSLTGGEETQYF	1
CASSLTGGERSTQYF	1
CASSLTGLEEQFF	1
CASSLSETGGFSYNEQFF	1
CASSLRPQGDFYYEQYF	1
CASSLRTGGAHNEQFF	1
CASSLNSYEQYF	1
CASSLNPQRNEQFF	1
CASSLKEYGEQYF	1
CASSLKTGTGELFF	1
CASSLSRQGSHEQYF	1
CASSLWGSGGLREQYF	1
CASSLQDTQYF	1
CASSLGRGGRTDTQYF	1
CASSLGSTGNSPLHF	1
CASSLGSYEQYF	1
CASSLTMLAGANTGELFF	1
CASSLTDRGNEQFF	1
CASSLSPAEYEQYF	1
CASSLRPPSSGGYNEQFF	1
CASSLRLAGGYEQYF	1
CASSLNNNAGTDTQYF	1
CASSSPGLAGVHSYNEQFF	1
CASSSLLVNEQFF	1
CASSSPGLAGGPSNEQFF	1
CASSSPGTRSRLFF	1
CASSSQSRAGSSTDTQYF	1
CASSSVWHSTDTQYF	1
CASSSASGGAVNTGELFF	1
CASSSGSMATTDTQYF	1
CASSSTSGGDRVF	1
CASSSNIEGTRSRNEQFF	1
CASSSFSGAEQFF	1
CASSSLLAGGGDEQFF	1
CASSSAAAAAYEQYF	1
CASSSGGASGTDTQYF	1
CASSSGGARDTQYF	1
CASSSDREVADTQYF	1
CASSSGVGYYEQYF	1
CASSSGGGQPYEQYF	1
CASSSEPGQAYEQYF	1
CASSSTLTSLDTDTQYF	1
CASSWLGTSGFYEQYF	1
CASSWPGTPYNEQFF	1
CASSWGPGPSTDTQYF	1
CASSWERTYEQYF	1
CASSWTGFHEQFF	1
CASSWTGKFNQPQHF	1
CASSYPGLDTDTQYF	1
CASSYGSISYEQYF	1
CASSLGPTGDYEQYF	1
CASSLPTGTNTGELFF	1
CASSLRDSDEQFF	1
CASSLYLTDTQYF	1
CASSLAEDYGYTF	1
CASSLIGSVQFF	1
CASSLTYNEQFF	1
CASSLQQGDTQYF	1
CASSLVAGGRIYGYTF	1
CASSLGLLAGERGTPGNEQFF	1
CASSLTGSPSVGYEQYF	1
CASSPSGGSSYNEQFF	1
CASSPPGQGLNEQFF	1
CASSPQNPGLAFNDKGLRREQFF	1
CASSPASPGLAGGEQYF	1
CASSPGSLREPQHF	1
CASSPDSRTDTQYF	1
CASSPTPAGEPSYEQYF	1
CASSPLPGLEHLGTQYF	1
CASSPPLGRGRTDTQYF	1
CASSPRTSGGMSENEQFF	1
CASSPRTGRNTGELFF	1
CASSPVRGLENIQYF	1
CASSPAGGSIYEQYF	1
CASSPGWPQETQYF	1
CASSPGLAAAYNEQFF	1
CASSPDTRAKNIQYF	1
CASSPISGQGVWYEQFF	1
CASSPIRDRSYEQYF	1
CASSPTSGYYEQYF	1
CASSPFQRVSEQFF	1
CASSPSRDRAHTDTQYF	1
CASSPSSGGFYEQYF	1
CASSPRDPSSYEQYF	1
CASSPGFLMRAQGDEQFF	1
CASSPGLGSYEQYF	1
CASSPGDTNQPQHF	1
CASSPDTNSYEQYF	1
CASSPNAGHNNEQFF	1
CASSPSGGRNEQFF	1
CASSPWTSGALYEQYF	1
CASSPPAWGEGDEQYF	1
CASSPRRSNYGYTF	1
CASSPGATGADTQYF	1
CASSPGQTGFSYEQYF	1
CASSPTSTGTGRGYNEQFF	1
CASSPRPNQETQYF	1
CASSRRTGGEDYEQYF	1
CASSRWTEQFF	1
CASSRRWDRAGEGSYNEQFF	1
CASSRGQGRDGELFF	1
CASSRGTYNEQFF	1
CASSRDRAQDEQFF	1
CASSREYGLTEQFF	1
CASSRTSGGEQETQYF	1
CASSRLSRDRVLLEDTQYF	1
CASSRLRLGETQYF	1
CASSRPFTGTSGGTNTDTQYF	1
CASSRGTSGRATYEQYF	1
CASSHSEKAYNEQFF	1
CASSHLAGGPFYEQFF	1
CASSHRQGGAGELFF	1
CASSHGPTGQETQYF	1
CASSHRGRQETQYF	1
CASSQAGTGYGYTF	1
CASSQAAGGQYNEQFF	1
CASSQGGGGQQPQHF	1
CASSQDQGSGVGDTQYF	1
CASSQDVLEDEQYF	1
CASSQELRGFTDTQYF	1
CASSQILLVGQDIQYF	1
CASSQRLKGLQETQYF	1
CASSQSGAGPLDTDTQYF	1
CASSQSDSARLGGYTF	1
CASSQVPRQGGSYEQYF	1
CASSQVTADYEQYF	1
CASSQVLAGEFYNEQFF	1
CASSQVHRLQEGNEQFF	1
CASSQVAGLAEYEQYF	1
CASSQAQLAPDNEQFF	1
CASSQASTLEQFF	1
CASSQAKGTGASNYGYTF	1
CASSQGLAGGHTQYF	1
CASSQGSLRANTGELFF	1
CASSQGPVGLLSTGELFF	1
CASSQGSPLGAGPYNEQFF	1
CASSQGFGGTQETQYF	1
CASSQGPQGQTVINEQFF	1
CASSQGQTRETQYF	1
CASSQDFRRGYQIAKNIQYF	1
CASSQDYQGREQYF	1
CASSQDLFSTGWTGELFF	1
CASSQDLGSASSYEQYF	1
CASSQDRSGRVNEQFF	1
CASSQDGRDPYEQYF	1
CASSQDEYFDNEQFF	1
CASSQEPFGTSEHEQFF	1
CASSQEPGVSYEQYF	1
CASSQEQAPSVDNEQFF	1
CASSQEARGSYEQYF	1
CASSQEDRNYGYTF	1
CASSQEEGGTRGPPYEQYF	1
CASSQETSGVNEQFF	1
CASSQERERGAYQDTQYF	1
CASSQENPSSYNEQFF	1
CASSQEGASGRRYEQFF	1
CASSQENEDPEQYF	1
CASSQENGGETGYYEQYF	1
CASSQTATGSYEQYF	1
CASSVLAGDTGELFF	1
CASSVAGTGGYNEQFF	1
CASSVDTEAFF	1
CASSVTNSYNEQFF	1
CASSVQGLATDTQYF	1
CASSVTGQGALRSYNEQFF	1
CASSAGSGTGNYEQYF	1
CASSAAEKNIQYF	1
CASSAGRPETPREDEQFF	1
CASSAGQREYNEQFF	1
CASSAGQGDTQYF	1
CASSASPGGGEQFF	1
CASSAGQGLNIQYF	1
CASSAGLEETQYF	1
CASSGPGRDFHSNQPQHF	1
CASSGLGSKQYF	1
CASSGISGGEQFF	1
CASSGQTGVADTQYF	1
CASSDPLAGFYNEQFF	1
CASSDRSSGSGTDTQYF	1
CASSDKASGATDTQYF	1
CASSIGTDSQKNTGELFF	1
CASSIGQTSTDTQYF	1
CASSMEGPGTFGNTIYF	1
CASSMTSVYTGELFF	1
CASSIRGTYEQYF	1
CASSTYSLTLNTEAFF	1
CASSTRSYNEQFF	1
CASSTGQGGGELFF	1
CASSTGQENEQYF	1
CASSTRDRVVDEQYF	1
CASSSGQGENTGELFF	1
CASSSPGQLTGELFF	1
CASSSDLRNNEQFF	1
CASSRGGGSYNEQFF	1
CASSRTSGSEIEQFF	1
CASSRGGAYNEQFF	1
CASRSLGGDEQFF	1
CASRGGAGDSYNEQFF	1
CASRGDSGSYNEQFF	1
CASRDSGRDEQFF	1
CASRRQGTSLNSPLHF	1
CASRNIGGDTQYF	1
CASRSGNTGELFF	1
CASRWDRTYNEQFF	1
CASRLGQGGGYEQYF	1
CASRPNLAGDRGNEQFF	1
CASRQGDRGTLLDEQYF	1
CASRGTGDNEQFF	1
CASRGTGGVHEQYF	1
CASRIAGTNQETQYF	1
CASRNQETQYF	1
CASNLESWGDTQYF	1
CASNPGLTNTGELFF	1
CASNAGQGSVSTDTQYF	1
CASKAGERYEQYF	1
CASKEAGTDTQYF	1
CASKKPAGSTDTQYF	1
CASKKTSSDDEQFF	1
CASKKTGLQESYEQYF	1
CSSYSAKTDTQYF	1
CSPLGTLETQYF	1
CSAFSLGEGVYNEQFF	1
CSALAGEAYEQYF	1
CSASGTSAYNEQFF	1
CSASPLEGPLGEQYF	1
CSAWTSGRASTDTQYF	1
CSALTEDNQPQHF	1
CSALAGGSGSDTQYF	1
CSAPRGDRGGNTEAFF	1
CSAPTPLAGIWADTQYF	1
CSAPTGDEQYF	1
CSARRLAGVANEQFF	1
CSARDRGLWETQYF	1
CSAQNLIPYNEQFF	1
CSAVTGTGAYEQYF	1
CSAGIAGGRYEQYF	1
CSAGGTSTDTQYF	1
CSAGTQGAGTGQYF	1
CSAGRTSGGASTDTQYF	1
CSAEERLSQETQYF	1
CSAETRTGKYGYTF	1
CSAIWTSGPDTQYF	1
CSAIRGAKINQPQHF	1
CSAIRDYNYEQYF	1
CSATLITSGTKETQYF	1
CSATRLTGYSSYNEQFF	1
CSATDPTAPSSYEQYF	1
CSATGQNNEQFF	1
CSASFPPRSEQFF	1
CSASLSGLAGGGAQYF	1
CSASLGPGDLYNEQFF	1
CSASRMLAGGPYEQYF	1
CSASVKDTQYF	1
CSASGSAHTQYF	1
CSASRPGQGFDEQFF	1
CSASKPRGAYSYNEQFF	1
CSASSLRGPRGNEQFF	1
CSASRDRGVQETQYF	1
CSASAPSLAGEQYF	1
CSASAGEGQETQYF	1
CSASGSGSTDTQYF	1
CSASDSTSSYEQYF	1
CSASESGASSYNEQFF	1
CSARLEAGSGEQYF	1
CSARPGGNEQFF	1
CSARVADTQYF	1
CSARGPDRSYNEQFF	1
CSARGVRSGGKETQYF	1
CSARGLAPRDEQFF	1
CSARDIAGGSYNEQFF	1
CSARMSLLRGGGETQYF	1
CSARSSGRLHEQYF	1
CSARNPAGFTGEQYF	1
CSARSGQGAYNEQFF	1
CSARWGGPYEQYF	1
CSARPLAGGYNEQFF	1
CSARPRTGLGETQYF	1
CSARRPTGNEQFF	1
CSARVVFKEVLTDTQYF	1
CSARVEGFSAKNIQYF	1
CSARARDYRYEQYF	1
CSARAQTRGSSYNEQFF	1
CSARAGGGTDTQYF	1
CSARATSTDTQYF	1
CSARAPGGRQETQYF	1
CSARGGAVQETQYF	1
CSARGGDTGELFF	1
CSARGTSTGADTQYF	1
CSARGLAGPNEQFF	1
CSARDLPGLAGGRYEQYF	1
CSARDPPRKTQYF	1
CSARDPSGGSYEQYF	1
CSARDRPSGRLYNEQFF	1
CSARDQPGLSEQYF	1
CSARDQVYYEQYF	1
CSARDVDRGGEKLFF	1
CSARDGQGAGEQFF	1
CSARDEGAGTRRGPQDGELFF	1
CSARDKDPSYEQYF	1
CSARDPMVDTQYF	1
CSARDPPSGGILSPYNEQFF	1
CSARDPRDKPYNEQFF	1
CSARDPGRGTEAFF	1
CSARESWGKGFSYEQYF	1
CSARRGQETQYF	1
CSANGGILYEQYF	1
CSALRGGRAYEQYF	1
CSALLSGRALNEQFF	1
CSALHFRDSWVYF	1
CSALRDLSKNIQYF	1
CSAPDRRYNEKLFF	1
CSAARLIGYNEQFF	1
CSAADLAPLTNEQFF	1
CSADLPSGSVGTDTQYF	1
CSAIETYEQFF	1
CSATPWTTKLGSGNTIYF	1
CSATAGGLGTGELFF	1
CSASKTSGGTDTQYF	1
CSARLTDPYEQYF	1
CSARVHLYEQYF	1
CSARPTGTNTGELFF	1
CSAAGTTSSTDTQYF	1
CSAENWEAGYNEQFF	1
CSAALDYGYTF	1
CSADLAGGNEQFF	1
CSATDYSTDTQYF	1
CSARPRTSGRETQYF	1
CSGLTNQETQYF	1
CSDRSNYGYTF	1
CSVLTGSGANVLTF	1
CSVSGLAGEYSYEQYF	1
CSVPQGGGLAGEWFYNEQFF	1
CSVVLGFRSRYEQFF	1
CSVVWTGNYEQYF	1
CSVVARIDTQYF	1
CSVAGSTDTQYF	1
CSVGANGELFF	1
CSVGGGNTDTQYF	1
CSVDGDSQETQYF	1
CSVEVWQGGAGELFF	1
CSVEGGDLSDEQFF	1
CSVEGAPLQETQYF	1
CSVEGGTGYEQYF	1
CSVEGTAQESLGDEQFF	1
CSVEDRGAPYYEQYF	1
CSVEDVAGGPRDTQYF	1
CSVEDGAFF	1
CSVEDRDSSYEQYF	1
CSVEEALGSYNEQFF	1
CSVEIRRGGSYEQYF	1
CSVETATSGAQETQYF	1
CSVERDGLSRQYF	1
CSVSKGDRVRETQYF	1
CSVGGAGEQFF	1
CSVDRGLGGYTF	1
CSVATRSSYEQYF	1
CSVAGGSSNQPQHF	1
CSVRTGTYEQYF	1
CSARGGWSQPQHF	1
CSAELLDEQFF	1
CSATSARTSYNEQFF	1
CSAGTGGHGEQFF	1
CSGRSSRDYEQYF	1
CSGGTSGPPYEQYF	1
CSIWGVAAKETQYF	1
CSTGPIAPYEQYF	1
CSNRWGGYNEQFF	1
CRVLSGTYEQYF	1
CNPGGYEQYF	1
WGGPNGAFF	1
RASSLQGYEQYF	1
RASSLTYKMCPQYF	1
RASSSPREVQPQHF	1
RASSPTAGPYNEQFF	1
RASRHQITYEQYF	1
CASSPFDVGNEQFF	2
CASERGGTDTQYF	2
CASSLDGEQYF	2
CASSYSSPGLGNEQFF	2
CASSLGQGPGNEQFF	2
CASSLPEAGVSYNEQFF	2
CASSQREQPQHF	2
CASSQDGQRYGYTF	2
CASSLVKRAGGETQYF	2
CSAAQGAGANVLTF	2
SASSNPGQGNNEQFF	1
SGTENEKLFF	1
CVVRGLAGDRGYEQYF	1
CASSLRSISTDTQYF	1
CASSSRTSGSNEQFF	1
CASSPGLGGNEQFF	1
CASSTRLAGEGPGELFF	1
CASAGQMQETQYF	1
CASFPRKGDGSEAFF	1
CASNSGRIYNEQFF	1
CACGQSFYEQYF	1
CACPGPSSYEQYF	1
CAWGPKTTTNEKLFF	1
CAWGTGMRDTQYF	1
CAWGPQWASYEQYF	1
CAWTDRGQSEQYF	1
CAWSPGTGISNEKLFF	1
CAWSQSLETQYF	1
CAWSVSGGTTNEQFF	1
CAWSVGELNQPQHF	1
CAWSVTGGNQPQHF	1
CAWSVLGQEFSGNTIYF	1
CAWSAAETQYF	1
CAWSAGQATSFLHF	1
CAWSADRGEQYF	1
CAWSAQETQYF	1
CAWSGTGNQPQHF	1
CAWSEGGAYNEQFF	1
CAWRGGTPNTGELFF	1
CAWNLGRGHGYTF	1
CAWNLGRLNTIYF	1
CAWNGQGSTDTQYF	1
CAWNRGGTGELFF	1
CAPAGGSTDTQYF	1
CARGGPGTSNRNEQFF	1
CAVQTSSDTQYF	1
CAVGLAGAQETQYF	1
CAAGRLAGGGNEQFF	1
CAGGRAGGTGELFF	1
CAGSSYSYNEQFF	1
CAGSAGGDYEQYF	1
CAISFGNEQYF	1
CAILSGGAGDEQFF	1
CAIVDSGGLYNEQFF	1
CAITKTGTEQFF	1
CAITGDRGSYNEQFF	1
CAISPGLASINEQFF	1
CAISHQGDRAGELFF	1
CAISVRVGNYGYTF	1
CAISARLAGRYNEQFF	1
CAISARYEQYF	1
CAISAIQGGNEQYF	1
CAISGRGGDDEQFF	1
CAISGDKREREQYF	1
CAISGTGVGRETQYF	1
CAISGSRGSSSYNEQFF	1
CAISDTLTLVDYNEQFF	1
CAISESSGGSTDTQYF	1
CAISELSARNEQYF	1
CAISEVPPKRAYEQYF	1
CAISEGSSPHSPLHF	1
CAISETGRNYEQYF	1
CAISERAEQFF	1
CAIRPGLAGVPDTQYF	1
CAIRPTGSYNEQFF	1
CAIRARLAGASDEQFF	1
CAIRTGNGGSTDTQYF	1
CAIKRGLGGEQFF	1
CAIKGTSGGSSYNEQFF	1
CATQARWDEQFF	1
CATIAGVVGTQYF	1
CATSGGQRLYDEQFF	1
CATPKLKQGLYEQYF	1
CATRRGGENTGELFF	1
CATRDRGHNEQFF	1
CATHWGNYGYTF	1
CATQRGDPNNEQFF	1
CATQVAGGPSGELFF	1
CATASGQGLYEQFF	1
CATGEPSGTSTDTQYF	1
CATTGGEETQYF	1
CATSFSGQFTDTQYF	1
CATSPQGWGYEQYF	1
CATSVGFRSTDTQYF	1
CATSALYTDTQYF	1
CATSAPGLAVINEQFF	1
CATSAGFNTGELFF	1
CATSGGGTDTQYF	1
CATSGIAVDEQFF	1
CATSDFSGPYNEQFF	1
CATSDFGSLSTDTQYF	1
CATSDFRETQYF	1
CATSDSGQGLDIQYF	1
CATSDLRDSENNEQFF	1
CATSDLGGALSDNEQFF	1
CATSDRTGEGYEQYF	1
CATSDQGRGRPSTDTQYF	1
CATSDQWRGRTGELFF	1
CATSDAGLAGGETQYF	1
CATSDATGTYNEQFF	1
CATSDDTGVGRNEQFF	1
CATSDSGQGQETQYF	1
CATSDPAKGGSKETQYF	1
CATSDAGSYEQYF	1
CATSELGAHEQFF	1
CATSEEGGAAFF	1
CATSELGTGGQETQYF	1
CATSEHLAGEQFF	1
CATSRDSSYEQYF	1
CATSRVTGLDEQFF	1
CATSRDRARNSPLHF	1
CATSKLAGGLPRVTDTQYF	1
CATKAGTSPNPITDTQYF	1
CATDRNNEQFF	1
CATGQGGRWNEQFF	1
CASSAGGLYEQYF	1
CASPGLGRHEQYF	1
CASGSGGGSKPQHF	1
CASIRGTEAFF	1
CASTRDQDSNQPQHF	1
CASTPGEKLFF	1
CASTASMNTEAFF	1
CASSFMTGGGNQPQHF	1
CASSFRGDRVYEQYF	1
CASSFGRLNTEAFF	1
CASSSVPGQGADTQYF	1
CASSLQSGGPLTDTQYF	1
CASSPGTGGNYNEQFF	1
CASSPTPRVTSTDTQYF	1
CASSGAGFYEQYF	1
CASSILRGAGNEQFF	1
CASSMESAGGETQYF	1
CASSIYQNSNQPQHF	1
CASSTPPRGNTEAFF	1
CASSTTTVPYNEQFF	1
CASSTFKTGTKNTEAFF	1
CASSRIAGSSYNEQFF	1
CASKREESYEQYF	1
CASKAGQTNQPQHF	1
CASLREALYNEQFF	1
CASSRGAGEQYF	1
CASSTGNYGYTF	1
CASSLGLAGTSYEQYF	1
CASSPGTSSINEQFF	1
CASSQDTLYGYTF	1
CASSQNSATNEKLFF	1
CASSRTGVELNQPQHF	1
CASSQDYSGGYDEQYF	1
CASSANTDTQYF	1
CASSPRAGALPYEQYF	1
CASSPGQVQETQYF	1
CASSPGGDIQYF	1
CASSPVFLGQGTYEQYF	1
CASSPGQQLYEQYF	1
CASSPKGNTGELFF	1
CASSPFVQGNEQFF	1
CASSPRQGGSETQYF	1
CASSPQGQGSYEQYF	1
CASSPVQTYNEQFF	1
CASSPGAGDNQPQHF	1
CASSSGFYEQYF	1
CASCPTSGSTDTQYF	1
CASWHSGGEKETQYF	1
CASYVGGANEQFF	1
CASLLQTSVGETQYF	1
CASLPGNTDTQYF	1
CASLGQSNTGELFF	1
CASPRVESYNEQFF	1
CASPGAVWCYEQYF	1
CASRLSGEYNEQFF	1
CASRETGWLYTDTQYF	1
CASRLAGQSSYNEQFF	1
CASRRDQTSYEQYF	1
CASRGSSGGRYTGELFF	1
CASRDQGNRYEQYF	1
CASRRTDVMIREQYF	1
CASRTSQGSQETQYF	1
CASQSNPSGTGETQYF	1
CASQRRGGTGELFF	1
CASVLGGYEQYF	1
CASAPSGGASGEQFF	1
CASAQSTDTQYF	1
CASARRETYEQYF	1
CASARGFEAKNIQYF	1
CASATRQGRMRETQYF	1
CASARPGADGQPQHF	1
CASGYGADTQYF	1
CASGEGFTMKQFF	1
CASGPEFTHRQETQYF	1
CASGRDYSYEQYF	1
CASGDGGAVEQFF	1
CASGELAGRSEGFF	1
CASGGGAPNTEAFF	1
CASGIPEQFF	1
CASGTGGVFGEQYF	1
CASGNRLTDTQYF	1
CASGGRTRETQYF	1
CASGGLAEYNEQFF	1
CASDDGGTDTQYF	1
CASEFGQGHNEQFF	1
CASELSGTAWEEQFF	1
CASEGGVGYTF	1
CASELLAPSTYEQYF	1
CASIPSGAGLKQFF	1
CASIPGLAGARSTDTQYF	1
CASIRGGDQETQYF	1
CASIGSGYTDTQYF	1
CASIRGGGTPNTDTQYF	1
CASMGGETQYF	1
CASIGTGEKNTEAFF	1
CASTLTGGDYGYTF	1
CASTSRGGTGELFF	1
CASTYRVGEQYF	1
CASTPLALDNEQFF	1
CASTRFLTGINQPQHF	1
CASTFTGRGYTF	1
CASTSTLTTLGGTQYF	1
CASTSGLAGSDEQFF	1
CASTSDRGRGNEQFF	1
CASTSIETSYNEQFF	1
CASTWGASSGNTIYF	1
CASTWTLSSYNEQFF	1
CASTYGPGQGNQPQHF	1
CASTLADRTIYNEQFF	1
CASTPSGGGDTQYF	1
CASTPLTGTGSGELFF	1
CASTPGGDQPQHF	1
CASTQTSGSVNEQFF	1
CASTQPLGEGPYNEQFF	1
CASTQTGRGGGDTQYF	1
CASTGTGGSSYNSPLHF	1
CASTGTANQPQHF	1
CASTDSGKNIQYF	1
CASTSFTQGTETQYF	1
CASTNPGLAIKDEQFF	1
CASTKSAEQFF	1
CASTKQGVWNQPQHF	1
CASTKTGSSDEQYF	1
CASTKAGLAGRVIQETQYF	1
CASTLGGGEQYF	1
CASTGPGDEQYF	1
CASTGSIHGEQYF	1
CASTTGGRTGELFF	1
CASTTGPYSTGELFF	1
CASSFLGARSSYNEQFF	1
CASSFLEGAYNEQFF	1
CASSFSSRLAGPKEFF	1
CASSFSRGRYEQYF	1
CASSFSSGGETQYF	1
CASSFSPAQTRWTQYF	1
CASSFSRSPGTYEQYF	1
CASSFSGTDTQYF	1
CASSFSSGRIDEQYF	1
CASSFSREVYEQYF	1
CASSFSAGVAEQFF	1
CASSFSSGRATGQYF	1
CASSFLPDRDEQYF	1
CASSFRGEAFF	1
CASSFQILNQPQHF	1
CASSFQSPKDWRGSNYGYTF	1
CASSFVPYEQYF	1
CASSFVQSGAKVRETQYF	1
CASSFGPGADTQYF	1
CASSFDSYRPNEQFF	1
CASSFEVSEGADTQYF	1
CASSFMNTRLFF	1
CASSFTSLAGAVHEQYF	1
CASSFTSGRAANEQFF	1
CASSFTISPQQYF	1
CASSFRLHSYEQYF	1
CASSFRLAGVGNEQFF	1
CASSFFGGGISDTQYF	1
CASSFFGPPYEQYF	1
CASSFLGSSYEQYF	1
CASSFSGTGVVEQFF	1
CASSFSGIYNEQFF	1
CASSFYSHANTGELFF	1
CASSFLAVVTGELFF	1
CASSFPAAGAGEQFF	1
CASSFPGAGELFF	1
CASSFPTTTHTGELFF	1
CASSFRDSAYNEQFF	1
CASSFRDRDYEQYF	1
CASSFRTSGSVSPYEQYF	1
CASSFQEKTVHEQYF	1
CASSFAGGSSYEQYF	1
CASSFGAYNEQFF	1
CASSFGVSGNTIYF	1
CASSFGQGQAGSYNEQFF	1
CASSFGGEQFF	1
CASSFGTGNEKLFF	1
CASSFGKGGYEQYF	1
CASSFGQGMHYEQYF	1
CASSFDFEQGPFTDTQYF	1
CASSFDRWAYEQYF	1
CASSFERITDTQYF	1
CASSFEGGSYNEQFF	1
CASSFIRGGLIRQKKFPDYEQYF	1
CASSFIRVETQYF	1
CASSFIYGEANTGELFF	1
CASSFTVNEQFF	1
CASSFTGDYGYTF	1
CASSFTGDQHTDTQYF	1
CASSFRQGARNEQFF	1
CASSFKRGSTDTQYF	1
CASSFKLADNTGELFF	1
CASSLLGAGGPDEQYF	1
CASSLWRYGYTF	1
CASSLLAGGHDEQFF	1
CASSLLAGGRSTGELFF	1
CASSLRSAGETQYF	1
CASSLREGGYNEQFF	1
CASSLVSRTDTQYF	1
CASSLVRTYEQYF	1
CASSLVTEQETQYF	1
CASSLVATSNYGYTF	1
CASSLAGQVEKLFF	1
CASSLAGGNYGYTF	1
CASSLGGGLSTEAFF	1
CASSLGPGTSLSNEQFF	1
CASSLGLAGYSYNEQFF	1
CASSLGAGFSYNEQFF	1
CASSLGGSEETQYF	1
CASSLGDSNTDTQYF	1
CASSLGLAENNEQFF	1
CASSLGQGRSYNEQFF	1
CASSLGQGTDTQYF	1
CASSLDGDYGYTF	1
CASSLDRVYEQYF	1
CASSLEPLRGTQYF	1
CASSLNSNQPQHF	1
CASSLFARTSGNRNNEQFF	1
CASSLFGDRERNNEQFF	1
CASSLFTGPYNEQFF	1
CASSLFASGANSYNEQFF	1
CASSLFTSSGRYQETQYF	1
CASSLLVFYEQYF	1
CASSLLGQNTDTQYF	1
CASSLLDPYTDTQYF	1
CASSLLGGGDGYTF	1
CASSLSMRLAGHEQYF	1
CASSLSSAGTQYF	1
CASSLSSLAGDLKSSYNEQFF	1
CASSLSTANTGELFF	1
CASSLSFTGYREGNQPQHF	1
CASSLSVAVEQFF	1
CASSLSARTDTQYF	1
CASSLSGFAADTQYF	1
CASSLSDGSYNEQFF	1
CASSLSIGGYEQYF	1
CASSLWGRGDNTEAFF	1
CASSLWGEETQYF	1
CASSLWDRVLVDTGELFF	1
CASSLWESGSDTQYF	1
CASSLLVRAPEQFF	1
CASSLLDSTYEQYF	1
CASSLLAGTDTQYF	1
CASSLLGSSEQFF	1
CASSLPWDYNEQFF	1
CASSLRQQTDTQYF	1
CASSLRGGLRGGYYEQFF	1
CASSLRRHYEQYF	1
CASSLHGGVTDTQYF	1
CASSLQSEGEQYF	1
CASSLQGARSGANVLTF	1
CASSLQENFNSPLHF	1
CASSLVGGTYEQYF	1
CASSLVLFYEQYF	1
CASSLALGTQSNEQFF	1
CASSLASGGGEQYF	1
CASSLALVNEQFF	1
CASSLALGAAYNEQFF	1
CASSLALAGEIGDTQYF	1
CASSLAPGLAVHAYEQYF	1
CASSLAHGRLSYNEQFF	1
CASSLAAGGAGTQYF	1
CASSLAGGGADTQYF	1
CASSLAGQGYNEQFF	1
CASSLAGVVSGGYEQYF	1
CASSLAGSLLDTQYF	1
CASSLAEKRAGTQYF	1
CASSLGSSGYEQYF	1
CASSLGLASRETQYF	1
CASSLGRLAGSDTQYF	1
CASSLGFEQFF	1
CASSLGSINNEQFF	1
CASSLGPPGTKLYEQYF	1
CASSLGGAGSYEQYF	1
CASSLGGGLTDTQYF	1
CASSLGEGGRGYTF	1
CASSLGTLNTEAFF	1
CASSLGTVYNEQFF	1
CASSLGTGYNEQFF	1
CASSLGTGGLSEQYF	1
CASSLGLAAQETQYF	1
CASSLGLAGNEQFF	1
CASSLGRFNQPQHF	1
CASSLGQVEVF	1
CASSLGGTSSNEQFF	1
CASSLDGARNEQFF	1
CASSLDGKNEQFF	1
CASSLELVVNEQFF	1
CASSLEGSYNEQFF	1
CASSLIRAGGIETQYF	1
CASSLIGDEQFF	1
CASSLMLAGKADTQYF	1
CASSLMAGDGEQFF	1
CASSLIAGSYNEQFF	1
CASSLIGGPNSNQPQHF	1
CASSLTATSYNEQFF	1
CASSLTGSRTDTQYF	1
CASSLSQLSLSETQYF	1
CASSLSAGWRGLETQYF	1
CASSLSGSYNEQFF	1
CASSLSDYEQYF	1
CASSLSSGGYEQYF	1
CASSLSSYEQYF	1
CASSLSGGGRTGELFF	1
CASSLSSGGHWYNEQFF	1
CASSLRFPFF	1
CASSLRAGGTYEQYF	1
CASSLRGTDNSPLHF	1
CASSLRDSRYNEQFF	1
CASSLKYSGGALRADTQYF	1
CASSSGWGYQETQYF	1
CASSSSGRSEQYF	1
CASSSLTGDRYNEQFF	1
CASSSSPGVVVGEQFF	1
CASSSLYNEQYF	1
CASSSLGGTETQYF	1
CASSSLGLAEWGSYEQYF	1
CASSSLGRTVEQYF	1
CASSSPLGSGSTDTQYF	1
CASSSPGLAGDNSYNEQFF	1
CASSSRQGADTQYF	1
CASSSRQGSTDTQYF	1
CASSSQGAYGELFF	1
CASSSALKNEQFF	1
CASSSGAESPDTQYF	1
CASSSGAGHYEQYF	1
CASSSGRGWEQYF	1
CASSSGQGGDGYTF	1
CASSSWDYDTQYF	1
CASSSYRLGEQFF	1
CASSSAPYNEQFF	1
CASSSTSATSTDTQYF	1
CASSSSLVRTDTQYF	1
CASSSRASGRGETQYF	1
CASSSFSTYGSYEQYF	1
CASSSWSSEQFF	1
CASSSLSSGAYEQYF	1
CASSSLYSPLHF	1
CASSSGDEQYF	1
CASSSTRQTQYF	1
CASSWSDTGELFF	1
CASSWPGQKGDTQYF	1
CASSWALGVGLQETQYF	1
CASSWAGSSYEQYF	1
CASSWGGYTDTQYF	1
CASSWDRNTEAFF	1
CASSWDRWNTEAFF	1
CASSYYLGPGTYEQYF	1
CASSYYGTQETQYF	1
CASSYLAGGPLNEQFF	1
CASSYGGLKTQYF	1
CASSYGQAYEQYF	1
CASSYRLGGSTTGELFF	1
CASSYRGPRETQYF	1
CASSYKVYNEQFF	1
CASSYKTQETQYF	1
CASSYFPGSPDTQYF	1
CASSYFPPSGGARIVTDTQYF	1
CASSYFAGVDTGELFF	1
CASSYSSSGGWYEQYF	1
CASSYSSNYGYTF	1
CASSYSPWGAPGNTIYF	1
CASSYSIPAFYGYTF	1
CASSYSIDNNQPQHF	1
CASSYSIRVRAGYTF	1
CASSYSTSGGPQETQYF	1
CASSYSSFGLAGDEQFF	1
CASSYSSYSGRAYEQYF	1
CASSYSSGGYNEQFF	1
CASSYSKNRAAFEQYF	1
CASSYYVGLAGHTGELFF	1
CASSYLDFGGNTEAFF	1
CASSYLTSGLSYEQYF	1
CASSYPREGRNEQYF	1
CASSYPRVGQGAQYF	1
CASSYPVGREQYF	1
CASSYPAVAGVGTSTDTQYF	1
CASSYPGQGGNEQFF	1
CASSYPGASGELFF	1
CASSYAHSARGNPYEQYF	1
CASSYADLYYEQYF	1
CASSYGGTGLSYEQYF	1
CASSYGTSRTDTQYF	1
CASSYDSSVGEQFF	1
CASSYDGGGGSYNEQFF	1
CASSYDKDTFYEQYF	1
CASSYTGVAGGEQYF	1
CASSYTGQGHYEQYF	1
CASSYTDTGELFF	1
CASSYRSSYNSPLHF	1
CASSLLPTEQYF	1
CASSLLSGRHLNEQFF	1
CASSLRDIYNEQFF	1
CASSLQRGGGGGELFF	1
CASSLGTGRYEQYF	1
CASSLGTGASRYEQYF	1
CASSLTTGGFGYGYTF	1
CASSLTGYYEQYF	1
CASSLTGYPYNEQFF	1
CASSLTDAGAGELFF	1
CASSLRRSRRGGSTYEQYF	1
CASSLLAGVDNEQFF	1
CASSLVAYNEQFF	1
CASSLAGAGDTQYF	1
CASSLAGGRHEQFF	1
CASSLDGEGTDTQYF	1
CASSLTSGGFSSYNEQFF	1
CASSPPGRATDTQYF	1
CASSPRSNQRETQYF	1
CASSPRTRNEQFF	1
CASSPEGAEDTQYF	1
CASSPSGGPNEQFF	1
CASSPSGSSYNEQFF	1
CASSPSTDTQYF	1
CASSPRRTTGTSGRNEQFF	1
CASSPSYEQYF	1
CASSPSGGRSNEQFF	1
CASSPYGTGTYEQYF	1
CASSPLGTSGDYEQYF	1
CASSPLDNEQFF	1
CASSPPLQELRSYEQYF	1
CASSPPDTSSYEQYF	1
CASSPPPGQETQYF	1
CASSPRLQETQYF	1
CASSPRQGRYEQYF	1
CASSPQGWGLAKNIQYF	1
CASSPQGGWVAEQYF	1
CASSPVDRGYEQYF	1
CASSPGTSDNKQFF	1
CASSPGTQSRHEQYF	1
CASSPGQGLSQPQHF	1
CASSPDRGASYEQYF	1
CASSPEPGQIYEQYF	1
CASSPIQVERVGQFF	1
CASSPTSFHEQFF	1
CASSPSGSRETQYF	1
CASSPRENYEQYF	1
CASSPRPISYREQYF	1
CASSPLIGLAGGHTGELFF	1
CASSPPPPGRGETQYF	1
CASSPPGFQVQYF	1
CASSPQALTGETQYF	1
CASSPGTGGKRLGTDTQYF	1
CASSPGLGYNEQFF	1
CASSPGGTGELFF	1
CASSPSRRLVVETQYF	1
CASSPWTGGGIDGYTF	1
CASSPAKPTEKLFF	1
CASSPGDRENYEQYF	1
CASSPEGLAGEKAYEQYF	1
CASSPKGQNSYNEQFF	1
CASSRPYSYNEQFF	1
CASSRGRTDTQYF	1
CASSRDGPLQETQYF	1
CASSRTQSSYNEQFF	1
CASSRQGGLYEQYF	1
CASSRTPDSTPQLTDTQYF	1
CASSHYPQGTGELFF	1
CASSHGPLPVTDTQYF	1
CASSQRRLVFAGELFF	1
CASSQGASTDTQYF	1
CASSQGAQFF	1
CASSQTLSGWRTEAFF	1
CASSQTVEMGHEQFF	1
CASSQTGELFF	1
CASSQTDNEKLFF	1
CASSQEGLAGGSTGSYNEQFF	1
CASSVGFRGTDTQYF	1
CASSVTGGEQYF	1
CASSVLRGPLVEQYF	1
CASSVGFEPQHF	1
CASSVAGWADTQYF	1
CASSVAGGLYNEQFF	1
CASSAYRSGVSSYNEQFF	1
CASSALRGSGYEQYF	1
CASSAGTSAPYEQYF	1
CASSADYNNPYEQYF	1
CASSARGARSPQETQYF	1
CASSALSSSGAYSTDTQYF	1
CASSATSYSYNEQFF	1
CASSATSGSQQETQYF	1
CASSAPGQLSSYEQYF	1
CASSAGGAFSDEQFF	1
CASSAGDPEQFF	1
CASSATGTEASPLHF	1
CASSASGGATGELFF	1
CASSGFAGGYEQYF	1
CASSGGRDYNQPQHF	1
CASSGGTGAGEQYF	1
CASSGDSTTYEQYF	1
CASSGTSSSYEQYF	1
CASSGTGGLAGINEQFF	1
CASSGWTGELAGELFF	1
CASSDWDQPQHF	1
CASSDGGAPGSYEQYF	1
CASSDGTSGGANEQFF	1
CASSDDREETQYF	1
CASSDIRGLARNTGELFF	1
CASSDSTSGNNEQFF	1
CASSDSGTGELFF	1
CASSDRIAKNIQYF	1
CASSDRTSGGFEQYF	1
CASSDQGLYEQYF	1
CASSDDSSGANVLTF	1
CASSDSRELFF	1
CASSDREVDEQYF	1
CASSDRSTDTQYF	1
CASSESSAEETQYF	1
CASSEVTLSSGANVLTF	1
CASSEGLEKLFF	1
CASSEGGVSGYF	1
CASSEGQGGETQYF	1
CASSETGAYNEQFF	1
CASSEFLVNEQFF	1
CASSELGLAGRNTGELFF	1
CASSESRGAPYEQYF	1
CASSESGTSGTEQYF	1
CASSEYGLTGELFF	1
CASSEVSGTLYGYTF	1
CASSEALLTTGGRSPLHF	1
CASSEAGQGEETQYF	1
CASSEAGGLSSYEQYF	1
CASSEGQGAYGYTF	1
CASSEGGEGVQYF	1
CASSEGWETQYF	1
CASSEGTGGYEQYF	1
CASSEGLAGNYEQYF	1
CASSEDFVTRSDTGELFF	1
CASSETAGGIFYNEQFF	1
CASSETGRRYEQFF	1
CASSERQQKLYEQYF	1
CASSEKQREITDTQYF	1
CASSILTDTQYF	1
CASSMPQGGLFTGELFF	1
CASSMVSGGPSTDTQYF	1
CASSMIGLAGAYEQYF	1
CASSITGMGSYEQYF	1
CASSTLGNTEAFF	1
CASSTSGGYNEQFF	1
CASSTRLAARAYEQYF	1
CASSTLGGNGYTF	1
CASSTYGGTQYF	1
CASSTQGDAYEQYF	1
CASSTGGTEAFF	1
CASSTGSYEQYF	1
CASSTVQFQETQYF	1
CASSTGGGGDTQYF	1
CASSTQRGGYNEQFF	1
CASSTGLNEQFF	1
CASSSRTSGSSMLGGNEQFF	1
CASSSTPDGATEAFF	1
CASSRGTGGLHEQYF	1
CASSRAGGSYEQYF	1
CASSRGGVEETQYF	1
CASSRGTVFYGYTF	1
CASSNLGTGMGEQFF	1
CASSNSGGPISYNEQFF	1
CASSNRGRETQYF	1
CASSKLLGTSGDEQYF	1
CASSKTLPEQYF	1
CASSKRTGLNTGELFF	1
CASSKTGNEQFF	1
CASSFSGASYEQYF	1
CASSFSSTALNTEAFF	1
CASSFWGGKDGEQFF	1
CASSFWTSGGFSYNEQFF	1
CASSFYVSYEQYF	1
CASSFRDEQYF	1
CASSFQGVANTGELFF	1
CASSFATTQYF	1
CASSFEGNNQPQHF	1
CASSFEESQETQYF	1
CASSFISGDHTNEQFF	1
CASSFSGSVYNEQFF	1
CASSFRGWGQGEDQPQHF	1
CASSFLDSRPDTEAFF	1
CASSFSHDLFYGYTF	1
CASSFYLGAGEKPYNEQFF	1
CASSFLGRDTQYF	1
CASSFLGTKDYEQYF	1
CASSFPKTGWKNGRYYEQYF	1
CASSFRNPGLGSYNEQFF	1
CASSFHREMVYEQYF	1
CASSFQGAGRETQYF	1
CASSFVLGSGNTIYF	1
CASSFAGVDRGRVSYEQYF	1
CASSFARGSNSPLHF	1
CASSFGGDIQYF	1
CASSFGTSDTQYF	1
CASSFESVEQFF	1
CASSFIPTDPQETQYF	1
CASSFTSGGLHEQFF	1
CASSFRASSTDTQYF	1
CASSFNTDTQYF	1
CASSLFSQPHYNEQFF	1
CASSLLGEQFF	1
CASSLLGQGQETQYF	1
CASSLLNGELFF	1
CASSLPPGLSYEQYF	1
CASSLPTGGVVGTYNEQFF	1
CASSLVFSGYNEQFF	1
CASSLVAGETQYF	1
CASSLVAGNVLYEQYF	1
CASSLVQILYNEQFF	1
CASSLAHDLNTGELFF	1
CASSLASSGAYNEQFF	1
CASSLGGGELFF	1
CASSLGRQAYEQYF	1
CASSLGGGSAEQYF	1
CASSLGGGLTQYF	1
CASSLGTYEQYF	1
CASSLDGAGGAYEQYF	1
CASSLDRGHETQYF	1
CASSLEWGARDGEQFF	1
CASSLEGNEQFF	1
CASSLETQYF	1
CASSLEGAINYEQYF	1
CASSLEGSGELFF	1
CASSLTLPGEGETQYF	1
CASSLTGDYEQYF	1
CASSLRGTHSSYNEQFF	1
CASSLFPASTDTQYF	1
CASSLSPLWVRGNTGELFF	1
CASSLSGPPYNEQFF	1
CASSLWTGQGADGYTF	1
CASSLLKGGPLYF	1
CASSLLGRSETQYF	1
CASSLLSGGWEEQYF	1
CASSLPALTGGQETQYF	1
CASSLPVQETQYF	1
CASSLPSWDNEQFF	1
CASSLRPPGHLNTEAFF	1
CASSLQGASETQYF	1
CASSLQEGSYNEQFF	1
CASSLQLGSGTQYF	1
CASSLVLDRGYNEQFF	1
CASSLVLARTDTQYF	1
CASSLVLLAGTYEQFF	1
CASSLVRLGSGEQFF	1
CASSLVRGGETQYF	1
CASSLVGLAENIQYF	1
CASSLVGSGRPPYEQYF	1
CASSLVSLETGELFF	1
CASSLVGSEETQYF	1
CASSLVEDNQPQHF	1
CASSLVEYNEQFF	1
CASSLVRGRPQETQYF	1
CASSLAWGTYEQYF	1
CASSLAWRNGYEQYF	1
CASSLAEGETQYF	1
CASSLASQAGNQPQHF	1
CASSLASGATSYNEQFF	1
CASSLAPTGVGHEQFF	1
CASSLAGTKNTGELFF	1
CASSLAGTNYNEQFF	1
CASSLALSDSSYEQYF	1
CASSLAGLAGGPGEQYF	1
CASSLAELRNPGTQYF	1
CASSLATRKETQYF	1
CASSLATPSGGTDTQYF	1
CASSLARGGGIRNEQFF	1
CASSLAREPEAFF	1
CASSLARTGTYEQYF	1
CASSLANQETQYF	1
CASSLALGTENTEAFF	1
CASSLAASYEQYF	1
CASSLAGGRLRNNEQFF	1
CASSLAGTRSPYEQYF	1
CASSLAGSNQPQHF	1
CASSLGSHRGSPLHF	1
CASSLGLTSGLLKIYNEQFF	1
CASSLGLAGDNEQFF	1
CASSLGPSPLHF	1
CASSLGLPSGRRNEQFF	1
CASSLGQLAGDDEQFF	1
CASSLGFAGEQFF	1
CASSLGSGTSYNEQFF	1
CASSLGVGRFTVYEQYF	1
CASSLGVGNIQYF	1
CASSLGASGGNEQFF	1
CASSLGAGNSYEQYF	1
CASSLGGSGYTF	1
CASSLGGAGDTEAFF	1
CASSLGDRGLNEQFF	1
CASSLGTTWGSYNEQFF	1
CASSLGTSGFTYEQYF	1
CASSLGTSIYEQFF	1
CASSLGTQETQYF	1
CASSLGLAGAGEQFF	1
CASSLGLADTFYNTDTQYF	1
CASSLGPDTQYF	1
CASSLGASGRVRPYEQYF	1
CASSLDLTGPTGELFF	1
CASSLDSGRGNEQFF	1
CASSLDWASGSTSTDTQYF	1
CASSLDLLQKNYGYTF	1
CASSLDVGQGARQPQHF	1
CASSLDGWDRGVNTEAFF	1
CASSLDRGGLNTQYF	1
CASSLDTAEQYF	1
CASSLDRFSGNTIYF	1
CASSLDRGVYNEQFF	1
CASSLEWGPNEQFF	1
CASSLERGGTDTQYF	1
CASSLEVQTQYF	1
CASSLEGPGGFNEQFF	1
CASSLEGGGSYNEQFF	1
CASSLELAYNEQFF	1
CASSLERGGTAKNSYNEQFF	1
CASSLIPGQGAVEQYF	1
CASSLIILAVEAFF	1
CASSLIAGQETQYF	1
CASSLTFHASTDTQYF	1
CASSLTSTSGGTYNEQFF	1
CASSLTGQRWKQYF	1
CASSLTAIYEQYF	1
CASSLTGENYNEQFF	1
CASSLSVAPRETQYF	1
CASSLSSGRQETQYF	1
CASSLRLGPDTQYF	1
CASSLRGEGEQYF	1
CASSLRGSPTHTGELFF	1
CASSLRPGSNQPQHF	1
CASSLNRPGSGETQYF	1
CASSLNRDEQYF	1
CASSLNGGRNEQYF	1
CASSLNDLNTEAFF	1
CASSLNSGSSYEQYF	1
CASSLKSEGAEETQYF	1
CASSSSTEYQETQYF	1
CASSSLAGDEQYF	1
CASSSPGQGASILYYNEQFF	1
CASSSRDIAYNEQFF	1
CASSSHTSDASNEQFF	1
CASSSAVVQGAYEQYF	1
CASSSGTSVPDEQYF	1
CASSSEKRPWDTQYF	1
CASSSTSGSLDEQYF	1
CASSSRGRGGNEQFF	1
CASSSFPGGLSNQPQHF	1
CASSSLLSVAGETQYF	1
CASSSSGNEQFF	1
CASSSYRVGRHEQYF	1
CASSSLSPGLLYNEQFF	1
CASSSLAGGLYNEQFF	1
CASSSPIAAGGPQFF	1
CASSSPTGGRETQYF	1
CASSSRSYEQYF	1
CASSSRGAKETQYF	1
CASSSRTGRDIQYF	1
CASSSQGQETQYF	1
CASSSQYEQYF	1
CASSSGLQETQYF	1
CASSSGTDTQYF	1
CASSSGFGEVGYEQYF	1
CASSSGTRRRTDTQYF	1
CASSSGTGGEDEQFF	1
CASSSGQLYEQYF	1
CASSSGQGPYEQYF	1
CASSSGQGTDTQYF	1
CASSSDGNEKLFF	1
CASSSIDRDQPQHF	1
CASSSTDRIYNEQFF	1
CASSSKGADSGSYNEQFF	1
CASSSKPPGLAYNEQFF	1
CASSSSPGGGRLIGELFF	1
CASSSSRLAGGSNTGELFF	1
CASSSSLGRNYNEQFF	1
CASSSPPSGFRYF	1
CASSSQATSGRDLDEQFF	1
CASSSAGTSGSLAYEQYF	1
CASSSAGPYEQYF	1
CASSSGRGQLYNEQFF	1
CASSSDSAQYF	1
CASSSDGLAGLVDEQFF	1
CASSSWSGTPRETQYF	1
CASSSQLAGVIKADTQYF	1
CASSSGGTGLHF	1
CASSSGTSGSLETQYF	1
CASSSGLAGLEETQYF	1
CASSSDTGDEFF	1
CASSSTGQGGETQYF	1
CASSSTRTGGIQETQYF	1
CASSSSKPSAQETQYF	1
CASSSKLDTGPTTEKLFF	1
CASSWPPGAGVDTGELFF	1
CASSWGQAMEQFF	1
CASSWEGPEQYF	1
CASSWIGPGQGRDEQFF	1
CASSWRIDEQYF	1
CASSWRLAGGYNEQFF	1
CASSYGAFGGNIQYF	1
CASSYFFGGGNEQFF	1
CASSYRRLAGATDTQYF	1
CASSYQDNYGYTF	1
CASSYASGRNNEQFF	1
CASSYAPPSSYEQYF	1
CASSYGGGDASGYTF	1
CASSYGLAAQETQYF	1
CASSYGTQGALNSNQPQHF	1
CASSYGRGIYNEQFF	1
CASSYDTDTQYF	1
CASSYISYEQYF	1
CASSLSGTGGYEQYF	1
CASSLRQQSNSPLHF	1
CASSLGAPNEQFF	1
CASSLGDWEQYF	1
CASSLGGGVNQPQHF	1
CASSLGQEYEQYF	1
CASSLMRTSSNEQFF	1
CASSLTGASYEQYF	1
CASSLPQMGGYNEQFF	1
CASSLVGQGLNGYTF	1
CASSLVAGINEQFF	1
CASSLGRRDEQFF	1
CASSLGGVGTGELFF	1
CASSLDRRNTGELFF	1
CASSLSGGLYNEQFF	1
CASSLLRTGLAPSGQFF	1
CASSLGTGGPQETQYF	1
CASSLDYTGELFF	1
CASSLSAGPNYEQYF	1
CASSLLAIQETQYF	1
CASSLPRRSYNEQFF	1
CASSLRRLAGGPNEQYF	1
CASSLRRQGYEQYF	1
CASSLDSTGELFF	1
CASSLTRDRAYEQYF	1
CASSPSSVNEQFF	1
CASSPLGTGENYEQYF	1
CASSPRVGAPGRLEQYF	1
CASSPRGLNTGELFF	1
CASSPRTRGAREQYF	1
CASSPVLAGASVAQYF	1
CASSPGTKEAHEQFF	1
CASSPGLAGVLSYEQYF	1
CASSPIEGRSYEQYF	1
CASSPTGSSTETQYF	1
CASSPSGGHRETQYF	1
CASSPRDFAGTGGRYTF	1
CASSPFPEQTQYF	1
CASSPFRGGRSNQPQHF	1
CASSPSGPAGLTGELFF	1
CASSPWDRRVVEQYF	1
CASSPLLGLAGGGSSETQYF	1
CASSPLPGRTGNNEQFF	1
CASSPLASTDTQYF	1
CASSPRGGSGGAYEQFF	1
CASSPRTSGIQGNEQFF	1
CASSPQSSYEQYF	1
CASSPGGANNEQFF	1
CASSPGTGVYEQYF	1
CASSPGTASPYEQYF	1
CASSPGTGALYNEQFF	1
CASSPGTENYGYTF	1
CASSPGLAGGNEQFF	1
CASSPGLAGGMDEQYF	1
CASSPGQGNSIRQFF	1
CASSPGQIQQYF	1
CASSPEDGLRGADTQYF	1
CASSPEVSGSGEQYF	1
CASSPEGGGGELFF	1
CASSPIHSYNEQFF	1
CASSPTGASYNEQFF	1
CASSPTGGRYNEQFF	1
CASSPRGPYNEQFF	1
CASSPRGETAENNEQFF	1
CASSPRRGTTYEQYF	1
CASSPRGQPYEQYF	1
CASSPKDREQETQYF	1
CASSPSEEREGTNEQFF	1
CASSPLGGRGNQYF	1
CASSPPAGQGKVAVDQETQYF	1
CASSPGGREEETQYF	1
CASSPGLHEQYF	1
CASSPGLNNEQFF	1
CASSPGADRGTIYEQYF	1
CASSPGLAGDHEQYF	1
CASSPGRGGSYNEQFF	1
CASSPDRETYEQYF	1
CASSPDRLNTEAFF	1
CASSPTTRALTQYF	1
CASSPTGALGQPQHF	1
CASSPRQISYNEQFF	1
CASSPRTGTFSYEQYF	1
CASSPRLAGVRDTQYF	1
CASSPRPGREQFF	1
CASSPPSGGAGEQFF	1
CASSPPPGAFNEQFF	1
CASSPQGSGQPQHF	1
CASSPQDSVLQYF	1
CASSPAGGLGTDTQYF	1
CASSPGDYNSPLHF	1
CASSPGTSAEQYF	1
CASSPGNEQYF	1
CASSPGANYGYTF	1
CASSPDLGGNEQFF	1
CASSPETMNTGELFF	1
CASSPISLAGGPREQFF	1
CASSPTGTGVYEQYF	1
CASSPTGTYEQYF	1
CASSPSAEELFF	1
CASSPRASGNSYNEQFF	1
CASSPRETQYF	1
CASSPNWDRGLSTEQYF	1
CASSPNSRVAGGDEQYF	1
CASSPNHVRDTQYF	1
CASSPKGTGRRETQYF	1
CASSRLGQGDQETQYF	1
CASSRPPTRFREQYF	1
CASSRRQASYNSPLHF	1
CASSRGTSPYNEQFF	1
CASSRGQSYEQYF	1
CASSRIGLAGRYEQYF	1
CASSRSGTSGTDTQYF	1
CASSRRVREGLTDTQYF	1
CASSRRAGGHNEQFF	1
CASSRGGREQYF	1
CASSRGGAVTDTQYF	1
CASSRGDYEQYF	1
CASSRGTGFLIGLQETQYF	1
CASSRGQGIGELFF	1
CASSRGQGAYEQYF	1
CASSRDSATSYEQYF	1
CASSRDFRDYGYTF	1
CASSRTGFTNEQFF	1
CASSRARLAGGLEWGEQFF	1
CASSRATSGYEQYF	1
CASSRGWRETQYF	1
CASSRGEGTDEQYF	1
CASSRRQGLDGELFF	1
CASSRNTQGKEQYF	1
CASSHGTRQETQYF	1
CASSHGTPGELFF	1
CASSHEMGPYNEQFF	1
CASSHIIQDEQFF	1
CASSHTKASGRSTGELFF	1
CASSHPRQGDYNEQFF	1
CASSHVVAGGPDTQYF	1
CASSHARAMTGVGETQYF	1
CASSHGQGARTEAFF	1
CASSHIRQDRTLVNEQFF	1
CASSHRGNGYTF	1
CASSQPPGLAYRSSYNEQFF	1
CASSQPQGANYGYTF	1
CASSQVQETQYF	1
CASSQVAGGYTF	1
CASSQASGANVLTF	1
CASSQALGGGSYNEQFF	1
CASSQAGQGRDNEQFF	1
CASSQGPRGLGYEQYF	1
CASSQGADSYNEQFF	1
CASSQGLAGVWSYEQYF	1
CASSQGQGTDTQYF	1
CASSQEDSGDPSADTQYF	1
CASSQNGGAPDTQYF	1
CASSQFDGQETQYF	1
CASSQSFSGGDYNEQFF	1
CASSQWEGTGFYEQFF	1
CASSQYRATDTQYF	1
CASSQPLGTISSYEQYF	1
CASSQPSGLEETQYF	1
CASSQPSWETQYF	1
CASSQPNYDEQFF	1
CASSQRWTSGGVNTGELFF	1
CASSQRDRAIGNTIYF	1
CASSQQGPGSYEQYF	1
CASSQVRLRWEEGNEQFF	1
CASSQVVDSLNTEAFF	1
CASSQVEPAGKQDFDEQFF	1
CASSQVGTSGRDYNEQFF	1
CASSQAGRMYNEQFF	1
CASSQAIQGVGGYTF	1
CASSQAPTGRNEQFF	1
CASSQAETLGKTQYF	1
CASSQGYSSYEQYF	1
CASSQGISEQYF	1
CASSQGESGSGTDTQYF	1
CASSQGTGFTYEQYF	1
CASSQGFPGLAITDTQYF	1
CASSQGARITNTGELFF	1
CASSQGGGQADTQYF	1
CASSQGDLYSYEQYF	1
CASSQDLRERRNIQYF	1
CASSQDLVRAGRGYTF	1
CASSQDPGGGGNTGELFF	1
CASSQDPGRAKNIQYF	1
CASSQDRGDKETQYF	1
CASSQDVLGQGLSYEQYF	1
CASSQDGQNTEAFF	1
CASSQDIQGRGETQYF	1
CASSQDIAAGYGYTF	1
CASSQDNFHGLYEQYF	1
CASSQDLVGYTF	1
CASSQDLAGPSTDTQYF	1
CASSQDPVAVRTGELFF	1
CASSQEFGLAGGPQETQYF	1
CASSQELAKGSEQYF	1
CASSQTSDGGWVEQFF	1
CASSQTTSGLYYNEQFF	1
CASSQRQGANSPLHF	1
CASSQKGPGSEQFF	1
CASSVMGLRNNEQFF	1
CASSVRSYEQYF	1
CASSVGGRGSFQETQYF	1
CASSVDPPGNGLNEQFF	1
CASSVDGTGREQYF	1
CASSVMQASRQETQYF	1
CASSVLGEHPQETQYF	1
CASSVTGGSSYNEQFF	1
CASSVLGRYNEQFF	1
CASSVRANEQFF	1
CASSVVGGGASLAEDNEQFF	1
CASSVGALGQPQHF	1
CASSVGLSSGTGNYEQYF	1
CASSVGQQIPLHF	1
CASSVEGGGYNEQFF	1
CASSVTHRVDEQFF	1
CASSARKSYNEQFF	1
CASSARTSGDLSRAYNEQFF	1
CASSAQGTGGGSYNEQFF	1
CASSAVAGRGSYNEQFF	1
CASSATLDGRNTEAFF	1
CASSARGGDSPLHF	1
CASSASLAGLHNEQFF	1
CASSAPVERETQYF	1
CASSAPGRNTGELFF	1
CASSADSVSYNEQFF	1
CASSATSSGRYSEQYF	1
CASSGRTSGGGYNEQFF	1
CASSGGTGELFF	1
CASSGGLQGALEQFF	1
CASSGDWETQYF	1
CASSGAGYEQYF	1
CASSGGSPYNEQFF	1
CASSGGLQETQYF	1
CASSGGWGVTYEQYF	1
CASSGDLTSGGETQYF	1
CASSGLAYEQYF	1
CASSGRDIWNGYTF	1
CASSGVRDRNYNEQFF	1
CASSGGQKETQYF	1
CASSDPLLQGARSTSYNEQFF	1
CASSDRLAGVVYEQYF	1
CASSDERWQNNEQFF	1
CASSDRGGSNQPQHF	1
CASSEGLGRTTDTQYF	1
CASSEGPGQLNEKLFF	1
CASSERGGTSFDTQYF	1
CASSEYRDLSTDTQYF	1
CASSISGPFEQYF	1
CASSITTSEQYF	1
CASSMWSHSGGTYEQYF	1
CASSISGTGVREQYF	1
CASSIQGAIYEQYF	1
CASSTSKNTEAFF	1
CASSTGLRAYEQYF	1
CASSTGTDTQYF	1
CASSTGDSYEQYF	1
CASSTEETQYF	1
CASSTTSGGAGNEQFF	1
CASSTTVSGPGSYEQYF	1
CASSTKDRVEKLFF	1
CASSTTGELFF	1
CASSTTDLRPNEQFF	1
CASSTLTGGAQGRNHYGYTF	1
CASSTGVRNTEAFF	1
CASSTTGQGRKTQYF	1
CASSTSPGTSGRRWQYF	1
CASSTRDGSPTYGYTF	1
CASSSGPYYEQYF	1
CASSSRLAGDNEQFF	1
CASSRTRNYGYTF	1
CASSRPGLAGENTQYF	1
CASSRITTDTQYF	1
CASSRKTGNANTGELFF	1
CASSNSGAGEQFF	1
CASSNSGILHEQFF	1
CASSNLAGEGDTQYF	1
CASSNTPLAGGIYNEQFF	1
CASSKALTGVYEQYF	1
CASSKLGGISYNEQFF	1
CASSKGRVGQLDEQYF	1
CASSKGPSGGPGELFF	1
CASRFSGSISYNEQFF	1
CASRLEQQLNQPQHF	1
CASRSGPSSYNEQFF	1
CASRSGGRLHEQYF	1
CASRSGAANNEQFF	1
CASRLGSGGSYEQYF	1
CASRPSWRGSTDTQYF	1
CASRPTTAERYGYTF	1
CASRPGSVAGTEAFF	1
CASRRGGADTQYF	1
CASRRLAGVENEQFF	1
CASRAEVEMNTEAFF	1
CASRASGLALGELFF	1
CASRAHQGPQETQYF	1
CASRGAGVNEQFF	1
CASRGTSPSTQYF	1
CASRGTGSEQYF	1
CASRGSSGSTDTQYF	1
CASRGLNNEQFF	1
CASRDRARQYF	1
CASREGYSSTNTGELFF	1
CASRESGQAGTQYF	1
CASREDVNTQYF	1
CASRENYEQYF	1
CASRILAGGYNEQFF	1
CASRIRDRGFNEQFF	1
CASRTRAGTSGRNEQFF	1
CASRTGLNEQYF	1
CASRRSGCDEQFF	1
CASRRAGGGSYEQYF	1
CASRNLAGTSRGYNEQFF	1
CASRNTGTYEQYF	1
CASRKTTDTQYF	1
CASRKRVTDTQYF	1
CASRKNRVMNTEAFF	1
CASRLAGGLTDTQYF	1
CASRLAGVTTDTQYF	1
CASRSTSGGTYEQYF	1
CASRLGPVQETQYF	1
CASRLLLAGGPSDEQFF	1
CASRLAKGTDTQYF	1
CASRPPGQGLRVGQYF	1
CASRPGLAGRSYEQYF	1
CASRPDTGELFF	1
CASRPSRGGADTQYF	1
CASRPGSWETQYF	1
CASRPGGPYEQYF	1
CASRPDRRGTDTQYF	1
CASRPNWGSNEQFF	1
CASRRGQGETGELFF	1
CASRRGLSFYEQYF	1
CASRRQLQETQYF	1
CASRRKGTAHNEQFF	1
CASRQGGETQYF	1
CASRASGGLYEQYF	1
CASRGYTDTQYF	1
CASRDPGQINNEQFF	1
CASRDRGSYEQYF	1
CASRIAGPTDTQYF	1
CASRTNILGLPKANRLPGELFF	1
CASRRRNYEQYF	1
CASRRDRYYEQYF	1
CASRRICYEQYF	1
CASRNHGGALTDTQYF	1
CASRKAGPYEQYF	1
CASNYAEETQYF	1
CASNGTYSTYEQYF	1
CASNIGANTGELFF	1
CASNPLAIRGANEQFF	1
CASNPSGGPQETQYF	1
CASNPDRANTGELFF	1
CASNPSEAGGRETQYF	1
CASNRTSGDPGELFF	1
CASNGRRNTQYF	1
CASNGSPNQAETQYF	1
CASNITGEDDTGELFF	1
CASNTGTVEETQYF	1
CASKDREQGTDTQYF	1
CASKKGDTQYF	1
CASKKGVAQPQHF	1
CASKRGQGGTGELFF	1
CASKKAGGGSSYNEQFF	1
CARETSGAYNEQFF	1
CANSAADYNEQFF	1
CAANTFTNTGELFF	1
CAAASTDTQYF	1
CATYEQYF	1
CISVSIGNGYTF	1
CFGYNEQFF	1
CASALAGGTDTQYF	1
CASGGLESSYNEQFF	1
CAPRSTQLFRSGGKRAYNEQFF	1
CAGGTGNTGELFF	1
CASTDGNEQFF	1
CASKTSGRAAAGELFF	1
CASRGLRDTQYF	1
CASRDPPEELFF	1
CASQTSGLQETQYF	1
CASQAAGWLYNEQFF	1
CASGLGGRHNEQFF	1
CASGRLAGEPPEQFF	1
CASGDRGNEQFF	1
CASGLTGGYPATEQYF	1
CASGVSGLTDTQYF	1
CASGLASTDTQYF	1
CASGQGNTGELFF	1
CASDGDENQQFF	1
CASIDRGGTNTGELFF	1
CASMVRETQYF	1
CASTLGTSAAYNEQFF	1
CASTLARGANGNTEAFF	1
CASTSGTSGDNEQFF	1
CASTFRDTQYF	1
CASSLIGEAEQYF	1
CASSPGTGTNQPQHF	1
CASSRTTGQRINEQFF	1
CASSVRATGSYNEQFF	1
CASSAGPLTTNEKLFF	1
CASSGASGANVLTF	1
CASSDSHQGTHEQYF	1
CASSDGAGSSYNEQFF	1
CASSDPNTMGAGGPNEQFF	1
CASSELGQIHLQETQYF	1
CASSEPTGDSYEQYF	1
CASSEWGGGGDTQYF	1
CASSEGPRSPLHF	1
CASSRMAQGSYEQYF	1
CASSFSWARAGELFF	1
CASSFWGRVQETQYF	1
CASSFRSPETQYF	1
CASSFREDSYNEQFF	1
CASSFQTDRSHEQFF	1
CASSFVGAQETQYF	1
CASSFGTNYEQYF	1
CASSFDSGTPNEQYF	1
CASSFDGSNYGYTF	1
CASSFESQKNEQFF	1
CASSFTREGNTGELFF	1
CASSFNLVQSYNEQFF	1
CASSFSGTGLLETQYF	1
CASSFLGTTPTDTQYF	1
CASSFLAGGTDTQYF	1
CASSFRQKGGEQYF	1
CASSFRFTGELFF	1
CASSFRDSDYGYTF	1
CASSFGWGLAGASSYEQYF	1
CASSFGTSGGAAWYEQYF	1
CASSFGQGANEQYF	1
CASSFDSGRTGNEQFF	1
CASSFDRTQETQYF	1
CASSFEALSGVSTDTQYF	1
CASSFIKLAGELFF	1
CASSFSLSGTDTQYF	1
CASSFRVDTQYF	1
CASSFRGRSSYNEQFF	1
CASSLFVAGKWAADEYF	1
CASSLFWRGTSGVDTQYF	1
CASSLFGPEAEAFF	1
CASSLLTPDTQYF	1
CASSLLTGLSYEQYF	1
CASSLSGTSNYGYTF	1
CASSLSGTVSSYEQYF	1
CASSLSQETQYF	1
CASSLSSAGPYTGELFF	1
CASSLWPGGAGKGEQYF	1
CASSLWQGIDNEQFF	1
CASSLYRVGTGDSYNSPLHF	1
CASSLYGRVNTEAFF	1
CASSLYGQGDEQYF	1
CASSLPGRTETQYF	1
CASSLRPVYRQGGFGETQYF	1
CASSLRGTLQETQYF	1
CASSLHELMRSTDTQYF	1
CASSLQPTGELFF	1
CASSLQRAEIDTQYF	1
CASSLVQRGGNEQFF	1
CASSLVVMGLAGGRGQFF	1
CASSLVGELFF	1
CASSLVFFQETQYF	1
CASSLVYKVPKPYEQYF	1
CASSLVATSSYNEQFF	1
CASSLVGRDEQFF	1
CASSLAYSGAGELFF	1
CASSLASGDYNEQFF	1
CASSLAVHDGTSYNEQFF	1
CASSLAVRGYTGELFF	1
CASSLAGGLNEQFF	1
CASSLAGGSYYEQYF	1
CASSLAGVGRETQYF	1
CASSLAGGHYEQYF	1
CASSLAGTSYVNFDEQYF	1
CASSLAGTSGGPQYNEQFF	1
CASSLAEETYNEQFF	1
CASSLATGPQDPLNEQFF	1
CASSLARPERLDSPLHF	1
CASSLAGQGSLGYTF	1
CASSLAVGGNEQFF	1
CASSLAGYVTDTQYF	1
CASSLAGGAGTDTQYF	1
CASSLAGGSSYNEQFF	1
CASSLGVLAGPYNEQFF	1
CASSLGAGSSYNEQFF	1
CASSLGTVSSYNEQFF	1
CASSLGSNADTQYF	1
CASSLGLAGITDTQYF	1
CASSLGREVYEQYF	1
CASSLGVGSSYNEQFF	1
CASSLGASGTYEQYF	1
CASSLGAQRGGSYEQYF	1
CASSLGTSGYNEQFF	1
CASSLGTGDWVNEQFF	1
CASSLGTGILTNTGELFF	1
CASSLGRGGFSYNEQFF	1
CASSLGLAGNEQFF	1
CASSLGLAGERDTQYF	1
CASSLGGTGAADTQYF	1
CASSLGTPGTDTQYF	1
CASSLDYAGGSYEQYF	1
CASSLDPSGLYNEQFF	1
CASSLDTNDGDEQFF	1
CASSLDPGSPNLYEQYF	1
CASSLDGQGEGEKLFF	1
CASSLDGQVLSYEQYF	1
CASSLDTDTQYF	1
CASSLERHRGLTDTQYF	1
CASSLERTGELFF	1
CASSLEALEKYF	1
CASSLEAGGQPQHF	1
CASSLEGAGWTQYF	1
CASSLEGGPIPYEQYF	1
CASSLEGGQETQYF	1
CASSLEGTQSLYEQYF	1
CASSLERLAVYEQYF	1
CASSLEWARGWYEQFF	1
CASSLEQGFTEAFF	1
CASSLEDSYNEQFF	1
CASSLEIGTGLHEQYF	1
CASSLISQETQYF	1
CASSLTSYNEQFF	1
CASSLTSGTSYEQYF	1
CASSLTVGGVQAEAFF	1
CASSLSQGGEQYF	1
CASSLRRLDTQYF	1
CASSLRVAGSSYEQYF	1
CASSLRGIRDTEAFF	1
CASSLRDGYEQYF	1
CASSLRIRPEAGELFF	1
CASSLRTAGEQFF	1
CASSLNAGTASYEQYF	1
CASSLKETGRVEQYF	1
CASSLFPRAGQGFTLQYF	1
CASSLSGTGAYEQYF	1
CASSLWTGGEKDYGYTF	1
CASSLLDGSYGYTF	1
CASSLLQGSPYEQYF	1
CASSLPDRGQAQYF	1
CASSLQNTGETQYF	1
CASSLAPSTDTQYF	1
CASSLATASYNEQFF	1
CASSLGRFTYEQYF	1
CASSLGGGGNQPQHF	1
CASSLGGGPVHEQYF	1
CASSLDPSGRAYNEQFF	1
CASSLTPNSGTLNYGYTF	1
CASSLTENYGYTF	1
CASSLRDREGKTREGYEQYF	1
CASSSSGPNTGELFF	1
CASSSRRGSSYNEQFF	1
CASSSRDQQFF	1
CASSSLAGMNQETQYF	1
CASSSLASDTQYF	1
CASSSRDRVDYEQYF	1
CASSSAGTPSRDTQYF	1
CASSSGSSYNEQFF	1
CASSSGLWGVETQYF	1
CASSSGQGSYNEQFF	1
CASSSTSLSYNEQFF	1
CASSSNGPRTDTQYF	1
CASSSSGTVYYGYTF	1
CASSSPLAGVNNEQFF	1
CASSSRTSGTYEQFF	1
CASSSGYLYGYTF	1
CASSSGIADTQYF	1
CASSSDSVFNYGYTF	1
CASSSTTSGPKGEQFF	1
CASSSSRPYNEQFF	1
CASSWPRLAGKYGPKPGEQFF	1
CASSWALATIDTQYF	1
CASSWGPQRGGTNTGELFF	1
CASSWGTVTGELFF	1
CASSWGTGNYEQYF	1
CASSWGLAGGHEQFF	1
CASSWDVRGQVKDRDEQFF	1
CASSWDGYREQYF	1
CASSWRASGSFYNEQFF	1
CASSYSSGSLGNEQFF	1
CASSYPSLLTSGGDPYNEQFF	1
CASSYGPRNNEQFF	1
CASSYDSTYEQYF	1
CASSYINEQFF	1
CASSLRVQIDRPTDTQYF	1
CASSLGSDGETQYF	1
CASSLSRQGVRETQYF	1
CASSLYPRGETEAFF	1
CASSLPWGSYNEQFF	1
CASSLRPVSGELFF	1
CASSLHLLAGGPGNEQFF	1
CASSLGQGALEQYF	1
CASSLTGTSPYNEQFF	1
CASSLGVGNEQFF	1
CASSLGEGVSAQHF	1
CASSLGTRNRGRADTQYF	1
CASSLSGGKDSYNEQFF	1
CASSLWQSFGYTF	1
CASSLYLAGVVYNEQFF	1
CASSLVGQTVTDTQYF	1
CASSLGASRWSTEAFF	1
CASSLITGDNSPLHF	1
CASSLTTNTEAFF	1
CASSPGSAGGAPYEQYF	1
CASSPGVGGAHYEQYF	1
CASSPGQSQETQYF	1
CASSPSEGRGYEQYF	1
CASSPYRGGLSYEQYF	1
CASSPYVPGLFREQYF	1
CASSPLRSASGKNQSDNEQFF	1
CASSPPLLTSGGSFF	1
CASSPVRFRELFF	1
CASSPGQINTEAFF	1
CASSPGTGGYEQYF	1
CASSPDRGPTGELFF	1
CASSPELTTVEFF	1
CASSPTTGGPGSTQYF	1
CASSPTQVWGEQYF	1
CASSPNSPMPQFF	1
CASSPFSEGGRTDTQYF	1
CASSPSRDFYEQYF	1
CASSPVFTDFYSPLHF	1
CASSPGPTQETQYF	1
CASSPTTGTSSSGELFF	1
CASSPSSLVQETQYF	1
CASSPDRNTEAFF	1
CASSPEDPLGSDEQFF	1
CASSPRQGVGTGELFF	1
CASSPNGGMDNEQFF	1
CASSRPGNSYEQYF	1
CASSRVRTGGEAAQFF	1
CASSRAREGVETQYF	1
CASSRWGATVYNEQFF	1
CASSRGVLIYEQYF	1
CASSRDKPEGLGEQYF	1
CASSHLGNEQYF	1
CASSHPGLAGGPSYNEQFF	1
CASSHFITSYNEQFF	1
CASSHPTSGNEQYF	1
CASSHTGQGNEKLFF	1
CASSQRPPDEQYF	1
CASSQGQRTDTQYF	1
CASSQTEREETQYF	1
CASSQSPGQGAYNEQFF	1
CASSQLQTGDLNNEQFF	1
CASSQLSSYNEQFF	1
CASSQPTVTGVTPEQYF	1
CASSQVPLYEQYF	1
CASSQVFGGGQRAYEQYF	1
CASSQVLLPLNNEQFF	1
CASSQVVIRARHEQYF	1
CASSQADFLAGGYNEQFF	1
CASSQGLSANSQETQYF	1
CASSQGQRSSYNEQFF	1
CASSQGAGSSEQYF	1
CASSQGRALAINEQFF	1
CASSQGIGYEQYF	1
CASSQGTGAEKLFF	1
CASSQDGLRGGYTF	1
CASSQDKKRGETQYF	1
CASSQDKLAGQSSYNEQFF	1
CASSQDSGGFEQFF	1
CASSQDGGRYNEQFF	1
CASSQESRGLGQETQYF	1
CASSQEPGTSGAYEQYF	1
CASSQEGGRGDEQYF	1
CASSQEEGAGYEQYF	1
CASSVGGEGREQYF	1
CASSVDRPGRYEQYF	1
CASSVTGTGAYEQYF	1
CASSAFLAGVTETQYF	1
CASSAGSGRTSYEQYF	1
CASSAGTGVNEQFF	1
CASSAMTSGGTVEQYF	1
CASSAGQDYTDTQYF	1
CASSAGVGTDTQYF	1
CASSAWRSSYNEQFF	1
CASSGGLAGSSYNEQFF	1
CASSGTSGGPDNEQFF	1
CASSGTSGRVSEQFF	1
CASSGGQGGSPLHF	1
CASSDRTGGLLRDTQYF	1
CASSEWPESYEQYF	1
CASSERGRDYEQYF	1
CASSEGAVTEAFF	1
CASSMYRGENEQYF	1
CASSMGQGAYGGELFF	1
CASSMTGGGTDTQYF	1
CASSTGTKGSQGQFF	1
CASSTSGGNYNEQFF	1
CASSTQPLGTSGANEQFF	1
CASSSESGSYNEQFF	1
CASSSRLAGSDNEQFF	1
CASSRPPGLAGALPSGDTQYF	1
CASSNRDFPYEQYF	1
CASSKATWEETQYF	1
CASSKGLAGAARELFF	1
CASSKSADFTDTQYF	1
CASRLTSGSHNEQFF	1
CASRLRDEQYF	1
CASRSGTGGNTGELFF	1
CASRRTDTQYF	1
CASRQDPRAAYEQYF	1
CASRGDGRVNEQFF	1
CASRGVSGYNEQFF	1
CASRDTDTQYF	1
CASRRRDLPTDTQYF	1
CASRNVGGEQYF	1
CASRPLTGHPSTDTQYF	1
CASRISAGIGTQYF	1
CASRKGRHEQYF	1
CASKGEILRDEQFF	1
CASKDYNEQYF	1
CASKRTGLSYSYEQYF	1
CTWRQSTDTQYF	1
CSFLRASGVGNEQFF	1
CSPSRPTNYGYTF	1
CSVAPRETQYF	1
CSVEANNEQFF	1
CSVEPKLSSYNEQFF	1
CSVFLAGEYNEQFF	1
CSAFEMKRGNEQFF	1
CSAFASDGGVSYNEQFF	1
CSALLAYEQYF	1
CSAWGTKTRSYEQYF	1
CSALPTISGRSSYEQYF	1
CSALHSGGADPNDRFFYNEQFF	1
CSALDRGIGQETQYF	1
CSAPRAGQSAYEQYF	1
CSARKTGGALYEQYF	1
CSAHKTGLAGISSYNEQFF	1
CSAQRRTSSGNEQFF	1
CSAVHTGKGETQYF	1
CSAVAGTILDDNEQFF	1
CSAVGGPPEGYTF	1
CSAAWGGAYNEQFF	1
CSAGPGQEITYEQYF	1
CSAEGSGTASYNEQFF	1
CSAMSRVGETQYF	1
CSAMAGAGRYNEQFF	1
CSAMGPRRTVVLSEQFF	1
CSATHPGQGPDTQYF	1
CSATDFGLAGVNEQYF	1
CSATGTGGHGYTF	1
CSASLSGGADTQYF	1
CSASPGTSRAEQFF	1
CSASDGPLATSTDTQYF	1
CSASISRQYEETQYF	1
CSASNSRHSSYEQYF	1
CSASSPRVPWETQYF	1
CSASSGVAVSSYEQYF	1
CSASPPPLSSYEQYF	1
CSASGGGYNEQFF	1
CSARLSPTGSSYNSPLHF	1
CSARHRGNYEQYF	1
CSARQGSTEAFF	1
CSARGVGQKIPNTGELFF	1
CSARGTSGAYEQYF	1
CSARGLAGASYEQYF	1
CSARDERELNEQFF	1
CSARTRSTMNTEAFF	1
CSARFPGQGFHEQYF	1
CSARLRDRTYNEQFF	1
CSARSYNRAQETQYF	1
CSARLALMGGVSSYNEQFF	1
CSARLVRETQYF	1
CSARPLDGDYEQYF	1
CSARPGEPYEQYF	1
CSARPGTSGSYEQYF	1
CSARRATDTQYF	1
CSARVLGRSSYEQYF	1
CSARVAFQLETQYF	1
CSARVGGPYEQYF	1
CSARASGSYNEQFF	1
CSARAIGSYNEQFF	1
CSARGGMGRYEQYF	1
CSARGGGNGAYEQYF	1
CSARGQGQLGTQYF	1
CSARDFLPDHEQYF	1
CSARDFRQGQFF	1
CSARDLDRAVNEQFF	1
CSARDSGRAGGPPYEQYF	1
CSARDLAGTYEQYF	1
CSARDLGRSSYEQYF	1
CSARDPILAGGEYSYNEQFF	1
CSARDPGTYPTDNEQFF	1
CSARDRDRGAREQYF	1
CSARDRGGSTDTQYF	1
CSARDRGDEQFF	1
CSARDQRDSYSYEQYF	1
CSARDGMGNEQFF	1
CSARDGGNYNEQFF	1
CSARDGLAGGPSPYNEQFF	1
CSARDDGGSGREQYF	1
CSARDDRGSGQGWNEQFF	1
CSARDIPEPSRYNEQFF	1
CSARDSGGPWTQYF	1
CSARDRGPSLTGELFF	1
CSARDKWSDRVAYNEQFF	1
CSARDLLRASDNEQFF	1
CSARDPRWPSGRPEDYNEQFF	1
CSARDRASGNYNEQFF	1
CSARDGRDTKETQYF	1
CSARDGGTGELQPQHF	1
CSARETSGLWGVQFF	1
CSARETSGKGETQYF	1
CSAREPRDRSPGASYEQYF	1
CSARMTGDSSYEQYF	1
CSARTTGQSSYNEQFF	1
CSARSPGLAVTGELFF	1
CSARSGISGELFF	1
CSARNRDYEQYF	1
CSARKGGPGNEQFF	1
CSANRLAGDAGELFF	1
CSAKPGTSEETQYF	1
CSAKRGAGGYNEQFF	1
CSAKSLAGGKSYNEQFF	1
CSALGPSAYNEQFF	1
CSAPPGGLHYEQYF	1
CSAPSGGLSYEQYF	1
CSAPGLAGNNEQFF	1
CSARGARFSTYNEQFF	1
CSAHTDTQYF	1
CSAGGVAGVRDRGAQYF	1
CSAKRQAAGTQYF	1
CSALATSGISNEQFF	1
CSAPLAGVSDEQFF	1
CSAIRLGGGPYEQYF	1
CSATAGGTNNEQFF	1
CSASYHRAYEQYF	1
CSARVTTGKETQYF	1
CSASPGLAAYNEQFF	1
CSALGLEETQYF	1
CSAGRTSGRPADTQYF	1
CSADTGGQGYTF	1
CSATKPYEQYF	1
CSASPGLKETQYF	1
CSGGLARNQETQYF	1
CSSTGGTSSYNEQFF	1
CSPQKAGGLSFNNEQFF	1
CSVFDRLYGYTF	1
CSVQQDTIGELFF	1
CSVVPAQGYEQYF	1
CSVAVVVETQYF	1
CSVGEKGTQYF	1
CSVGLAGVVETQYF	1
CSVGGAADNQHF	1
CSVDGAGSGSQTDTQYF	1
CSVDRGWYEQFF	1
CSVEGGERTGELFF	1
CSVEWTGRAYEQYF	1
CSVELQGAKTQYF	1
CSVERRETEQFF	1
CSVEAAPSGPSYEQYF	1
CSVEGTAGNNYGYTF	1
CSVEGEGSSYNEQFF	1
CSVEDTGDTYEQYF	1
CSVEEGQAHEQYF	1
CSVETATSYEQYF	1
CSVSSGSGETQYF	1
CSVPRLGTGSDTQYF	1
CSVGSGTTGELFF	1
CSVEISYEQYF	1
CSVAATGGHNYEQYF	1
CSVGQETRNTF	1
CSVRAGGTYPQHF	1
CSVPSGQGITGELFF	1
CSVTGTTSFYNEQFF	1
CSAPDRGSYNEQFF	1
CSAEQAGTTDTQYF	1
CSANPGTGGTYTQYF	1
CSASMGFPLGETQYF	1
CSGEGRGLSSYNEQFF	1
CSGGGGAGYGYTF	1
CSGMFLGLAKNIQYF	1
CSGGQGGTYEQYF	1
CSDQGAQGNQPQHF	1
CSELAGGGNEQFF	1
CSIPGQGAYEQYF	1
RASPVGLGDEQYF	1
RASSLGIVDSDYEQYF	1
RASSSDRISYNEQFF	1
CAWTTKTDSYNEQFF	2
CARSYRGPSGNTIYF	2
CAISERRWGEQFF	2
CASLVWGSNQPQHF	2
CASSRGAGRYNEQFF	2
CASSTEANVLTF	2
CASSRLAGGDRIF	2
CASSFGGGLNEQFF	2
CASSQEWREGGNEQFF	2
CASRSRGHTDTQYF	2
CASTYDPLSGANVLTF	2
CASSPSGGGRIHEQFF	2
CASSLGHTGANVLTF	2
CASSLTDQETQYF	2
CASSLRPHSGANVLTF	2
CASSLLTGRSGANVLTF	2
CASSPGLNSGANVLTF	2
CASSVLQGAQETQYF	2
CASSENTGELFF	2
CASSMGQVPETQYF	2
CASRIQGAVGANVLTF	2
CASSFQVTGVNEQFF	1
CASSSTSGPTGELFF	1
CASSPNSGSGTGELFF	1
CALAGLAGETQYF	1
CASTGGDGTDTQYF	1
CAWFRGRLNTEAFF	1
CAWVSGRTYNEQFF	1
CAWGRDEKLFF	1
CAWGLAGGRAVIDTQYF	1
CAWTQGGNIQYF	1
CAWSVPGSRDTF	1
CAWSVRAGGGYEQYF	1
CAWSVVLAGGPSSYNEQFF	1
CAWSVARYSGPQHF	1
CAWSVDSPHSPLHF	1
CAWSAGLAPANEQFF	1
CAWSGQGLVNEQFF	1
CAWSGLGGYTF	1
CAWSDRFTYEQYF	1
CAWSMGLINQPQHF	1
CAWSILGTNQFF	1
CAWSPFGQGGNQPQHF	1
CAWSDPGELFF	1
CAWRGQGVTEAFF	1
CAWRTVRKLFF	1
CAWRKDRGGYTF	1
CAWNDIIPWRPNTGELFF	1
CAWNAGYGTLDEQFF	1
CAWKTSGMGELFF	1
CAWKSGTSYNEQFF	1
CARTSASPWGTDTQYF	1
CAVPSGTSGRGSTGELFF	1
CAVGQGTQYF	1
CAASTGNTQYF	1
CAGARGNQETQYF	1
CAGWSSGVNTQYF	1
CAITSGAHYNEQFF	1
CAIGADTQYF	1
CAIGGGGETQYF	1
CAIGSGGGDTQYF	1
CAITVTRSSYEQYF	1
CAISYQSGSNEQFF	1
CAISPGVRDGYEQYF	1
CAISVSGMYNEQFF	1
CAISDETEYQETQYF	1
CAISESYAAGRHEQYF	1
CAISESNAKNEQFF	1
CAISESRDGYNTEAFF	1
CAISESVRPRTGELFF	1
CAISEPGTGLNEQFF	1
CAISEPPKEQYF	1
CAISEPDRVPNEQFF	1
CAISEGLAGVGKTQYF	1
CAISEGVEETQYF	1
CAISLQGARDNEQFF	1
CAISGTGGGNEQFF	1
CAISTGTSGSPTYNEQFF	1
CAIKDAGTSGYNEQFF	1
CATRQGNYNEQFF	1
CATSWFRGDEQFF	1
CATSKSASYEQYF	1
CATSESGASYEQYF	1
CATLPSAGETVGETQHF	1
CATRPDRGQGGRLYEQYF	1
CATQDTRGSTGELFF	1
CATQSGGETQDHRFF	1
CATGGTGGPRETQYF	1
CATGGRDGGRLGTDTQYF	1
CATGEGGSNQPQHF	1
CATTATRTGYGYTF	1
CATSFAAAANTGELFF	1
CATSPETGAFSYNEQFF	1
CATSALRGEQYF	1
CATSAGLVNEQFF	1
CATSGHGQGKVSYNEQFF	1
CATSGVGRGAHNEQFF	1
CATSDFQGGSYNEQFF	1
CATSDFRGPGTDTQYF	1
CATSDFAGSLEETQYF	1
CATSDFDRTSYNEQFF	1
CATSDWGQPYNEQFF	1
CATSDLYSGGATDTQYF	1
CATSDLRTSGTNEQFF	1
CATSDPQGASYEQYF	1
CATSDRNRVRNEQFF	1
CATSDRTGGTDTQYF	1
CATSDRQFSDTQYF	1
CATSDRGDDRGRYEQYF	1
CATSDQLTTGPVPPDRNTGELFF	1
CATSDQGGPKDTQYF	1
CATSDGDSEGDTQYF	1
CATSDISSTEQYF	1
CATSDTGTGKGEQYF	1
CATSDSGSTDTQYF	1
CATSDPFGNEQFF	1
CATSDPTPDRQETQYF	1
CATSDRGRGHGYTF	1
CATSDRTGYTGELFF	1
CATSDHHRGGSSYNEQFF	1
CATSDAGGRGGTQYF	1
CATSDGQGAPTEAFF	1
CATSDETSGRGMDEQFF	1
CATSDRTGSSYNEQFF	1
CATSETLTSGGLNEQFF	1
CATSAPGSEQFF	1
CATSRTRDTIEQYF	1
CATSRTGSNEQFF	1
CATRPGGQPSSYNEQFF	1
CATRAEMKKLFF	1
CATRTGSTDTQYF	1
CATGLMTGSNTGELFF	1
CATTPGTRAGGYTF	1
CATKGAGGSYEQYF	1
CASRKSGSLTYEQYF	1
CASTPGTGKEVGYTF	1
CASTFGTRSNEQFF	1
CASTTGSNLYEQFF	1
CASSPGLQETQYF	1
CASSPNEGNEQFF	1
CASSRSTSGGLLGHDEQFF	1
CASSARQGTNENLFF	1
CASSDYSNQPQHF	1
CASSIWRATADRIYEQYF	1
CASSIEGNQPQHF	1
CASSIGFSSGNTIYF	1
CASSMGQGRFYEQYF	1
CASSIRSSYEQYF	1
CASSIVLTGAEDDEQFF	1
CASSIDRQGANTGELFF	1
CASSIRRNTDTQYF	1
CASSTQGRQPQHF	1
CASSSHRSWEQFF	1
CASSNWGRGGYEQYF	1
CASSLLSGQGEISNQPQHF	1
CASSPGQGYEQYF	1
CASSKGETQYF	1
CASRKHGDYEQYF	1
CASRSVRGATGELFF	1
CASRGGRTEAFF	1
CASNRREGPNEQFF	1
CASFVVQGSQSSSYNEQFF	1
CASLKDRPGPLRSGELFF	1
CASSSGGGYEQYF	1
CASSPRGRETQYF	1
CASSRLVKADLSYEQYF	1
CASSGLEQYF	1
CASSPDPGEQYF	1
CASSWEYEQYF	1
CASSLRRTTDTQYF	1
CASSPWDRGDGQPQHF	1
CASSPRQGPSYNEQFF	1
CASSPQGQGQPQHF	1
CASSPGRGSEAFF	1
CASSPSGYEPYEQYF	1
CASSPPGGWTQYF	1
CASSPQPNIQSSGTETNGYTF	1
CASSPGGRAYNEQFF	1
CASSPRGAPYEQYF	1
CASSPPNRRTPYGNEQFF	1
CASSPPAEYYEQYF	1
CASSPPNSNTQYF	1
CASSPHRGERETQYF	1
CASSPQGRNEQFF	1
CASSPQGYETQYF	1
CASSPQSYNSPLHF	1
CASSRQLNTGELFF	1
CASSVYGGKAQPQHF	1
CASSVQETQYF	1
CASSESRVGGTGELFF	1
CASCAGDAKNIQYF	1
CASWTGTGGKETQYF	1
CASLDRGSNQPQHF	1
CASLPPGVYEQFF	1
CASLIPGLADLSTDTQYF	1
CASPLHQKPKSSDRGRENIQYF	1
CASRVGSSDYNEQFF	1
CASRLAGSSYNEQFF	1
CASRSRLGPTEAFF	1
CASRPWTGRDSYEQYF	1
CASRGGELMIGFF	1
CASRKEGEDEQYF	1
CASQGPSYEQYF	1
CASQGQVSTDTQYF	1
CASQDWSRSYEQYF	1
CASVMRSSDTQYF	1
CASVPNSGNTIYF	1
CASVGGSFVMNTEAFF	1
CASAGTLGPRTDTQYF	1
CASAREGINEQFF	1
CASAQGGGNEQFF	1
CASATSGGMMRKDTQYF	1
CASATGGIIEEQFF	1
CASAHRQGNEQFF	1
CASAKGYSNSYEQYF	1
CASGIGLAGKDEQFF	1
CASGSYNSPLHF	1
CASGWGRGLDEQFF	1
CASGRTTFNEQFF	1
CASGGTLTSYEQYF	1
CASGSVRAVRF	1
CASGQGWEQFF	1
CASGGRTSSYEQYF	1
CASGREAETQYF	1
CASGSDRHYEQYF	1
CASGPSGGGRGNIQYF	1
CASGPGLGTSTDTQYF	1
CASGRTGVYGITDTQYF	1
CASGDRGQYEQYF	1
CASGMGGSSGGELFF	1
CASGRTGDEKLFF	1
CASGRLAGGSGRETQYF	1
CASGNRGSYEQYF	1
CASDLGGHDQPQHF	1
CASDHEQFF	1
CASEERGGLNTEAFF	1
CASISTSATPETQYF	1
CASISAGTLADTQYF	1
CASIRGTSGVADTQYF	1
CASIQGAENTEAFF	1
CASIHEALTKSGNTIYF	1
CASIGPDTQYF	1
CASIDDYNEQFF	1
CASIETGEGETQYF	1
CASMRETDYEQYF	1
CASMVGWGGVTDTQYF	1
CASMRDSTDTQYF	1
CASIRGWNEQFF	1
CASTFANEQFF	1
CASTSNRVYEQYF	1
CASTQNSYNEQFF	1
CASTTKGGQGRNEQFF	1
CASTKRGYSGGLQETQYF	1
CASTLALGQYNEQFF	1
CASTLAGGPTHSYNEQFF	1
CASTSALSSHNEQFF	1
CASTLFSGSYNEQFF	1
CASTLRQGGQPQHF	1
CASTLAGGPDTQYF	1
CASTPTQGRETQYF	1
CASTPSLRAGRDTGELFF	1
CASTPGTGGNEQFF	1
CASTRLAEGGNEQFF	1
CASTRLAGSSYNEQFF	1
CASTRVETPTQYF	1
CASTRVGSRINEQFF	1
CASTRLAGSYEQYF	1
CASTRGAGSGYEQYF	1
CASTHNQNIQYF	1
CASTQTGTTSVRSYEQYF	1
CASTQETQYF	1
CASTVIAGYNEQFF	1
CASTGLAGGPSEQFF	1
CASTEGGFLTGNTIYF	1
CASTESRVSGPTGSSYYNEQFF	1
CASTEGTDLSADTQYF	1
CASTRLIGGEQFF	1
CASTNRQGEETQYF	1
CASTNTGGGSETQYF	1
CASTPGQPYNEQFF	1
CASTGEILNTEAFF	1
CASTTQGAHEQYF	1
CASTTVHTGELFF	1
CASTSQSGRGEYEQYF	1
CASTPDRINNEQFF	1
CASTPNVHSYNEQFF	1
CASTGTLSYEQYF	1
CASSFFGSGSGETQYF	1
CASSFFTGEPYEQYF	1
CASSFLGIYRELFF	1
CASSFLSANEQFF	1
CASSFLAASTYEQYF	1
CASSFSYTALNTEAFF	1
CASSFSSSYNEQFF	1
CASSFSERVTYEQYF	1
CASSFSLAAREQFF	1
CASSFLGTGEKLFF	1
CASSFRLAGDNEQFF	1
CASSFRGRTYNEQFF	1
CASSFRGVFWNEQFF	1
CASSFGLQRTEQFF	1
CASSFGLAGGSRGGEQYF	1
CASSFGGVTYEQYF	1
CASSFGNPGELFF	1
CASSFDGAKNIQYF	1
CASSFEGHYEQYF	1
CASSFIFRDRADTQYF	1
CASSFMGRATYEQYF	1
CASSFSLTEAQYF	1
CASSFNPGGPAAASSQTQYF	1
CASSFLTRLAGGTDTQYF	1
CASSFSVTGTYEQYF	1
CASSFSNGNTGELFF	1
CASSFSHTPYNEQFF	1
CASSFYPSGSTDTQYF	1
CASSFLLAGDEQYF	1
CASSFLARTDTQYF	1
CASSFPGQGSTDTQYF	1
CASSFRQAGNQPQHF	1
CASSFRAGYEQYF	1
CASSFRGLSIF	1
CASSFRGSQETQYF	1
CASSFRGPSYEQYF	1
CASSFRQGTEQYF	1
CASSFHRSKSGTGELFF	1
CASSFVTGGTDTQYF	1
CASSFAVTSGGAYEQYF	1
CASSFGFYGYTF	1
CASSFGRGGDQPQHF	1
CASSFGGYETNEQFF	1
CASSFGGATGELFF	1
CASSFGMGTQYF	1
CASSFGNGYSYEQYF	1
CASSFDSVGSDEQFF	1
CASSFELAGGHLSYEQYF	1
CASSFETTNEQFF	1
CASSFMRGTYEQYF	1
CASSFTVGQETQYF	1
CASSFRGMGAREQFF	1
CASSFRRDTQYF	1
CASSFNEQFF	1
CASSFKGPLSQPQHF	1
CASSLSGVAGDTQYF	1
CASSLSPGTNYEQYF	1
CASSLSEKVRNQPQHF	1
CASSLVQGGPYEQYF	1
CASSLVPYGYTF	1
CASSLGLAEIYEQYF	1
CASSLGVVTLYNEQFF	1
CASSLGVMVYEQYF	1
CASSLGLAGDEQYF	1
CASSLGQLTDTQYF	1
CASSLGGNEQFF	1
CASSLGDRVNEQFF	1
CASSLGTSATTEQYF	1
CASSLEQGRGEQFF	1
CASSLTPAGYTF	1
CASSLTSGTTGELFF	1
CASSLTENSYEQYF	1
CASSLRHEQFF	1
CASSLRAPYEQYF	1
CASSLFSGGPGTDTQYF	1
CASSLFGGLSGNTIYF	1
CASSLLAGGPGEQFF	1
CASSLLAGAGEQFF	1
CASSLLGPGGEQFF	1
CASSLLDFSYEQYF	1
CASSLSSQGAGETQYF	1
CASSLSQGRDGIQYF	1
CASSLSTGGQQYF	1
CASSLSSRVRNQQYF	1
CASSLSLGQGETQYF	1
CASSLSVSTATDTQYF	1
CASSLSLAGGDRYEQFF	1
CASSLWWWNLDEQFF	1
CASSLWYGYSNQPQHF	1
CASSLWAGLDTYNEQFF	1
CASSLWDRGTDTQYF	1
CASSLYWGNYGYTF	1
CASSLYSPFYEQFF	1
CASSLLREVNTGELFF	1
CASSLLLGGSYEQYF	1
CASSLLAGVSYNEQFF	1
CASSLPPGRGIINEQFF	1
CASSLPPGAQYF	1
CASSLPGQSSGANVLTF	1
CASSLPDTRETQYF	1
CASSLPLGQGRGEQYF	1
CASSLQGAGGQETQYF	1
CASSLVWGGNTGELFF	1
CASSLVRTSTQYF	1
CASSLVLRGYNEQFF	1
CASSLARGTIETQYF	1
CASSLALPGLSTGELFF	1
CASSLALWQGRNNEQFF	1
CASSLALYSRPPQGTGELFF	1
CASSLAAEWTEAFF	1
CASSLAGGSGTQYF	1
CASSLAGEQFF	1
CASSLAGETDTQYF	1
CASSLAGSPRNEQFF	1
CASSLAGQGVEQFF	1
CASSLAGVTYNEQFF	1
CASSLAFGEQYF	1
CASSLAQGSYEQYF	1
CASSLAVGNQPQHF	1
CASSLGGPVYEQYF	1
CASSLGPRSPAEQYF	1
CASSLGSSANSYNEQFF	1
CASSLGWGTSSYEQYF	1
CASSLGAEDTQYF	1
CASSLGGAGGYTF	1
CASSLGTEIYNEQFF	1
CASSLGLAVEQYF	1
CASSLGLAGTDTQYF	1
CASSLGPLHQPQHF	1
CASSLGQSTNEKLFF	1
CASSLDLQLNEQFF	1
CASSLDPWASTDTQYF	1
CASSLDRTGGFQPQHF	1
CASSLEASGGQETQYF	1
CASSLEGWSSYNEQFF	1
CASSLEGLAGGYNEQFF	1
CASSLEGGGLADNEQFF	1
CASSLMAYNEQFF	1
CASSLTPLREQFF	1
CASSLTAAQRDEQYF	1
CASSLTLGPTDTQYF	1
CASSLSFSGAGVDTQYF	1
CASSLSGTDNQPQHF	1
CASSLSRGGAPKRGQPQHF	1
CASSLRPTGGYEQFF	1
CASSLRNRVARYYEQYF	1
CASSLNQRGYSYNEQFF	1
CASSSSTSYEQYF	1
CASSSWGAVRYF	1
CASSSTGGGQYF	1
CASSSNMGNEQFF	1
CASSSFSETQYF	1
CASSSFTSGISYEQYF	1
CASSSLDGGYNEQFF	1
CASSSSGGYTF	1
CASSSLGGHNEQFF	1
CASSSLGGGEKETQYF	1
CASSSPLGRGRHEQYF	1
CASSSPDRDYEQYF	1
CASSSRSSGAYEQYF	1
CASSSRQAGTPTYEQYF	1
CASSSRGQGRMETQYF	1
CASSSRDRGRGDQYF	1
CASSSRLAGGRLVASSYEQYF	1
CASSSHTDRSPYNEQFF	1
CASSSQGAGGFNEQFF	1
CASSSGAAGGMPGFGEQYF	1
CASSSGGAPYNEQFF	1
CASSSGTGGFDEQFF	1
CASSSGTGKQFF	1
CASSSGLSRQETQYF	1
CASSSDLEAEHEQFF	1
CASSSTGGEETQYF	1
CASSSRGLAGTGPQATQYF	1
CASSSRGAGLAGDEQFF	1
CASSSSRPGGSNQPQHF	1
CASSSSTGGDEQYF	1
CASSSPGVSTDTQYF	1
CASSSAAGTQYF	1
CASSSGLTTDTQYF	1
CASSSGGETQYF	1
CASSSGGGRETQYF	1
CASSSGLAGTYEQYF	1
CASSSTQGANTQYF	1
CASSSRGGRDETQYF	1
CASSSRSGYTF	1
CASSSADQRYGYTF	1
CASSSGAPNNEQFF	1
CASSSRTGIAINEQFF	1
CASSCLPLGETQYF	1
CASSCFGTSESNEQFF	1
CASSWFGELFF	1
CASSWLTDTQYF	1
CASSWGGGQETQYF	1
CASSWGDYNEQFF	1
CASSWGQTGANVLTF	1
CASSWRDTQYF	1
CASSYSPGREYGYTF	1
CASSYLAQETQYF	1
CASSYPFANVLTF	1
CASSYRGGPNEQYF	1
CASSYRSGYDTQYF	1
CASSYVLAGDQGPYNEQFF	1
CASSYGGEDNEQFF	1
CASSYTGQGWEQTQYF	1
CASSYSGGVFLYNEQFF	1
CASSYLSSGLGYEQFF	1
CASSYLGGFTGELFF	1
CASSYLPLAGTSYEQYF	1
CASSYLTAAPYEQYF	1
CASSYSLGVYGSTRDNEQFF	1
CASSYSSRGSYEQYF	1
CASSYSWGRNTGELFF	1
CASSYSLGTSGYNEQFF	1
CASSYSPEPGANVLTF	1
CASSYSGSLGDTQYF	1
CASSYSGGQDTYEQYF	1
CASSYSGKSRTEAFF	1
CASSYSTTGMLREQYF	1
CASSYSSRRLAGLTDTQYF	1
CASSYSFLSGPGNFYTF	1
CASSYSFSGANVLTF	1
CASSYSWTGMNTEAFF	1
CASSYSYSGANVLTF	1
CASSYSQSVSGANVLTF	1
CASSYSAVTRGSGYEQYF	1
CASSYSGQPNEQFF	1
CASSYSIGERNYGYTF	1
CASSYSIGADSHNEQFF	1
CASSYSTYRHQETQYF	1
CASSYSKGVLAGAQETQYF	1
CASSYSGGGLYEQYF	1
CASSYWRETSTDTQYF	1
CASSYYPGAITEQFF	1
CASSYYRSSTEAFF	1
CASSYPSGAQETQYF	1
CASSYPSGRAHEQFF	1
CASSYRVYQETQYF	1
CASSYRTPGQGTGETQYF	1
CASSYGSVESGANVLTF	1
CASSYGLGSFNEQFF	1
CASSYGQGLYEQYF	1
CASSYGNQMAAAQETQYF	1
CASSYDLPGGPGANVLTF	1
CASSYEAGGLGTGELFF	1
CASSYTSGGYNEQFF	1
CASSYTSRGGTEAFF	1
CASSYTSGAGYGYTF	1
CASSYRGRDEQYF	1
CASSYKSGEQYF	1
CASSYKETQYF	1
CASSLLPQVANEQFF	1
CASSLPGQSSYEQYF	1
CASSLAGGYEQYF	1
CASSLDNTGELFF	1
CASSLTRTSGSAYNEQFF	1
CASSLYSGLNHYEQYF	1
CASSLQGGRAAGELFF	1
CASSLEDRVVSYEQYF	1
CASSLRSQETQYF	1
CASSLRQGSHEQYF	1
CASSPWEGRSSYEQYF	1
CASSPLTGTYSNQPQHF	1
CASSPRNREPNTEAFF	1
CASSPRSSGSSLGSYEQYF	1
CASSPAGTSWHEQFF	1
CASSPTLAGGGYNEQFF	1
CASSPSGGAYNEQFF	1
CASSPRQGSGTDTQYF	1
CASSPSAGHPYEQYF	1
CASSPYRQPYEQYF	1
CASSPLAGAPANEQFF	1
CASSPPGELFF	1
CASSPRLTSGRIAQYF	1
CASSPRGLNYGYTF	1
CASSPRQGRYNEQFF	1
CASSPRDMDTQYF	1
CASSPRTMSEQYF	1
CASSPRLAGSTDTQYF	1
CASSPGTGMYEQYF	1
CASSPGLRYQETQYF	1
CASSPGQGASYNEQFF	1
CASSPDDSGASGELFF	1
CASSPTGAGETQYF	1
CASSPRSGTTSTDTQYF	1
CASSPVTSGGGREQFF	1
CASSPAGGRRNEQFF	1
CASSPGAGVYNEQFF	1
CASSPDRWRLAGQTEYNEQFF	1
CASSPTGSGGYTF	1
CASSPNRQGLYEQYF	1
CASSPLSPSGNEQFF	1
CASSPYNEQFF	1
CASSPRNEQFF	1
CASSPRTPKETQYF	1
CASSPAAGELFF	1
CASSPGVGGAYETQYF	1
CASSPGAGVSYNEQFF	1
CASSPDPGQGSYNEQFF	1
CASSPTPPGPIYNEQFF	1
CASSRGQPGANVLTF	1
CASSRAGTSGAKGTDTQYF	1
CASSRLAGDTQYF	1
CASSRGRSSPLHF	1
CASSRGQAEETQYF	1
CASSRSSYEQYF	1
CASSRPQGRFNTGELFF	1
CASSRGDRDEQYF	1
CASSRGHPNSNQPQHF	1
CASSHSGRKYNEQFF	1
CASSHLSDRGNQPQHF	1
CASSHPLPGDPSGWQYF	1
CASSHQGLAVLETQYF	1
CASSQLGGGIGGEQYF	1
CASSQGHLETQYF	1
CASSQLAGALLYNEQFF	1
CASSQGGAWTGDEQYF	1
CASSQTGETQYF	1
CASSVYEQYF	1
CASSVSEGGTTGELFF	1
CASSVGQGVLNEQFF	1
CASSVFFMNTEAFF	1
CASSAYPSGGRYEQYF	1
CASSAARGPRDTQYF	1
CASSAAGEVNIEQFF	1
CASSAGPATYEQYF	1
CASSAGHMTETQYF	1
CASSAVPGTSGLNEQFF	1
CASSAGSLNQPQHF	1
CASSGGAATNEQFF	1
CASSGSLQDLSNTDTQYF	1
CASSGWRAAYNEQFF	1
CASSGYNPRSLAGGTYEQYF	1
CASSGLGLANEQFF	1
CASSGLAGERDTQYF	1
CASSGRAYEQYF	1
CASSDSGFYEQYF	1
CASSDWGTDTQYF	1
CASSDVTGTYGYTF	1
CASSDGRSGAETQYF	1
CASSDTGSKNIQYF	1
CASSDPGDIAYEQYF	1
CASSDRDEQYF	1
CASSDRLAGLAFQETQYF	1
CASSDDAIVRETQYF	1
CASSDRGLQETQYF	1
CASSDRGPYEQYF	1
CASSDRGENTEAFF	1
CASSEPGHINTEAFF	1
CASSEVINEPHPTIYEQYF	1
CASSEGTGPSYEQYF	1
CASSEIGAGTDTQYF	1
CASSEIPRRTDRPGELFF	1
CASSEIREKPSYEQYF	1
CASSERGGANYEQYF	1
CASSEFQHSNQPQHF	1
CASSESGRVNSGRTTDTQYF	1
CASSESLGTASYEQYF	1
CASSESGTYEQYF	1
CASSEWYDSNQPQHF	1
CASSEYRRGQDEQFF	1
CASSERSGELFF	1
CASSERGVRHYPLAVQYF	1
CASSEQGEQYF	1
CASSEQSGRKDTQYF	1
CASSEVSGRWTGELFF	1
CASSEVRGGRETQYF	1
CASSEVGAHTGELFF	1
CASSEAHDTSSYNEQFF	1
CASSEGPRDADSNQPQHF	1
CASSEEREGLIEQYF	1
CASSEEGPSGQEETQYF	1
CASSEIRGSSYNEQFF	1
CASSETRGIPSTQYF	1
CASSERAGRSYEQYF	1
CASSIGLYNEQFF	1
CASSTLFYEQYF	1
CASSTHREGQSSSSGQPQHF	1
CASSTVGGYNEQFF	1
CASSTGTSGSEQFF	1
CASSTGQGWGEQFF	1
CASSTTGGSPYNEQFF	1
CASSTTGPYEQYF	1
CASSSPGAWYQETQYF	1
CASSSDYNEQFF	1
CASSRPGQGRYGYTF	1
CASSRTQDTQYF	1
CASSNIPDSYEQYF	1
CASSNRVSEQFF	1
CASSKHPGQGVTYEQYF	1
CASSKDRGFYF	1
CASSKLGGGTQYF	1
CASSFSSGGDEQFF	1
CASSFSWDNEQFF	1
CASSFSRVGTDTQYF	1
CASSFSPEQYF	1
CASSFLGGASYEQYF	1
CASSFLGGGQETQYF	1
CASSFLGQGAWETQYF	1
CASSFQQEIYNEQFF	1
CASSFGRTDTQYF	1
CASSFDGGIREQYF	1
CASSFTRGSYNEQFF	1
CASSFRRIPRGNEQFF	1
CASSFKVGGELFF	1
CASSFKVQDSYEQYF	1
CASSFFSADEQFF	1
CASSFSGGPRLHEQFF	1
CASSFPINEQFF	1
CASSFPGGGETQYF	1
CASSFRSWGTSGGTSTDTQYF	1
CASSFALSTSGDVYEQYF	1
CASSFAVGSSYEQYF	1
CASSFGVLAKNIQYF	1
CASSFGTDSSYEQYF	1
CASSFGLASGEQFF	1
CASSFETHGEQYF	1
CASSFINTGELFF	1
CASSFRLEQFF	1
CASSFNRGSYEQYF	1
CASSLFSSGGGLETQYF	1
CASSLLLSGEQFF	1
CASSLYRAYNEQFF	1
CASSLLGLAASSVNYEQYF	1
CASSLPLGAQETQYF	1
CASSLPGGGYNEQFF	1
CASSLPGRGYGYTF	1
CASSLQDEQYF	1
CASSLVGATYEQYF	1
CASSLAPETQYF	1
CASSLAGDIPANEQFF	1
CASSLAGTGAYNEQFF	1
CASSLGGTGDPEQYF	1
CASSLGNNQPQHF	1
CASSLGVEGYTF	1
CASSLGGITIYF	1
CASSLGQYYEQYF	1
CASSLGAGRVAEQYF	1
CASSLDTNTGELFF	1
CASSLIEGYEKLFF	1
CASSLTGLNTGELFF	1
CASSLTTNEQFF	1
CASSLRAGGQETQYF	1
CASSLRGLQETQYF	1
CASSLKGAGELFF	1
CASSLLFPRGDEQFF	1
CASSLLGGGTGELFF	1
CASSLLGLRYNEQFF	1
CASSLSSGRNNEQFF	1
CASSLSGGTDTQYF	1
CASSLSSGGRETQYF	1
CASSLSPSGMYEQYF	1
CASSLSDREYQPQHF	1
CASSLWGGLSSYNEQFF	1
CASSLWIGEQYF	1
CASSLYPGSGMDYEQYF	1
CASSLLSSRRPYNEQFF	1
CASSLPGLDRTYEQYF	1
CASSLRPGPPQYF	1
CASSLHGGGQNEQFF	1
CASSLQGVWGGSYQETQYF	1
CASSLVLGRGFNEQFF	1
CASSLVSSSGGAASYEQYF	1
CASSLVGPIKETQYF	1
CASSLVYGYEQYF	1
CASSLVLRDPEAFF	1
CASSLVPPSRTSGKLDTQYF	1
CASSLVPGQGGSEAFF	1
CASSLVQSGSVNSPLHF	1
CASSLVASGSHEQFF	1
CASSLVNPPLSQETQYF	1
CASSLVLGILSYEQYF	1
CASSLVSWAGEEDTQYF	1
CASSLVWGTGELFF	1
CASSLVRSGASQETQYF	1
CASSLVAASYNEQFF	1
CASSLVGGTGNTYEQYF	1
CASSLVGKVGETQYF	1
CASSLVTASSGNTIYF	1
CASSLASTSHYGYTF	1
CASSLAAEETQYF	1
CASSLADLRGIRETQYF	1
CASSLAKGQITGELFF	1
CASSLARDYPYEQYF	1
CASSLALAGTNEQFF	1
CASSLARLAGGGEQYF	1
CASSLARRWESTEAFF	1
CASSLARNYGYTF	1
CASSLAGGGHNEQFF	1
CASSLAGGNEQFF	1
CASSLAEIDARETQYF	1
CASSLATGWAYNEQFF	1
CASSLAIGYSSYNEQFF	1
CASSLATGGPYEQYF	1
CASSLGLAGSDTQYF	1
CASSLGGSGSARRLYF	1
CASSLGRDIYNEQFF	1
CASSLGHSSYNEQFF	1
CASSLGQQGYSKNIQYF	1
CASSLGVGESYEQYF	1
CASSLGGTQSREQFF	1
CASSLGGRGGLRTDTQYF	1
CASSLGIDSYNEQFF	1
CASSLGWTGSYNEQFF	1
CASSLGPGEETQYF	1
CASSLGRGLFGGRVDTEAFF	1
CASSLGQGNQPQHF	1
CASSLGGTNEKLFF	1
CASSLGGVPLQPNTGELFF	1
CASSLGGIQETQYF	1
CASSLGGGPIEQYF	1
CASSLGDRFF	1
CASSLGEVGELFF	1
CASSLGIRVHEQYF	1
CASSLGRGMRSYNEQFF	1
CASSLGPTNEQFF	1
CASSLGRVEQYF	1
CASSLGGGAGTMWETQYF	1
CASSLDWAYETQYF	1
CASSLDRFWGEGVLYEQFF	1
CASSLDRYEQYF	1
CASSLDLSGVDYEQYF	1
CASSLDGLGDEQFF	1
CASSLDGASSYNEQFF	1
CASSLEFAGGYSGRQETQYF	1
CASSLESTSGRSSYNEQFF	1
CASSLEWVANSGNTIYF	1
CASSLESGYEQYF	1
CASSLESGTESYEQYF	1
CASSLEVKVYYEQYF	1
CASSLEASGGYNEQFF	1
CASSLEASGGNEQFF	1
CASSLEGYTEAFF	1
CASSLEGTGLNEQFF	1
CASSLIASGRLQDEQFF	1
CASSLIQSVFWDYDYEQYF	1
CASSLTRTGELFF	1
CASSLTPEGNEQFF	1
CASSLTPGEYEQYF	1
CASSLTGRPAPYF	1
CASSLTSSGRVPYEQYF	1
CASSLTAGNYEQYF	1
CASSLTGYHEQYF	1
CASSLTLAGMYNEQYF	1
CASSLSNGGQETQYF	1
CASSLRPGTDYNEQFF	1
CASSLRAGETQYF	1
CASSLRGTRDTQYF	1
CASSLRDRDSNEQFF	1
CASSLRTGASYEQYF	1
CASSLRRVPSPPNNEQFF	1
CASSLKGTSPLHF	1
CASSLKGTAFNEQFF	1
CASSSYAGTGQYF	1
CASSSISGPGGDEQYF	1
CASSSSGSYNEQFF	1
CASSSWTSGRKETQYF	1
CASSSWTGPGELFF	1
CASSSYLDPVGADTQYF	1
CASSSLSPGEVTDTQYF	1
CASSSLAGGAYNEQFF	1
CASSSLWGGDLNEQFF	1
CASSSPRGGRAYEQYF	1
CASSSPAEGHNEQFF	1
CASSSRGTAQETQYF	1
CASSSRGQGFHEQFF	1
CASSSRLAGAYNEQFF	1
CASSSRQGQETQYF	1
CASSSHSGRGYEQYF	1
CASSSGGRGRQIYEQYF	1
CASSSGILGSPLHF	1
CASSSGTSGGLNTQYF	1
CASSSGTGVGEQYF	1
CASSSIFPTGTSGRRRSYNEQFF	1
CASSSTSGPYNEQFF	1
CASSSKFFRTGGTDTQYF	1
CASSSPGLPYEQYF	1
CASSSDRGVQGWYEQYF	1
CASSSIRGDEQFF	1
CASSSTQGNEQFF	1
CASSSTGFHEQYF	1
CASSSSGAPRNNEQFF	1
CASSSRQPTYEQYF	1
CASSSLAGGPHNEQFF	1
CASSSSPGTSGVRKTQYF	1
CASSSLIQGFEQYF	1
CASSSLGQGAEEQYF	1
CASSSPPDRANEQFF	1
CASSSPPWERDNEQFF	1
CASSSQAGGYNNEQFF	1
CASSSGVLGSDPQETQYF	1
CASSSGVGEQFF	1
CASSSGQGTDTQYF	1
CASSSRHAYNEQFF	1
CASSSKTGGDYGYTF	1
CASSWVGDRVRETQYF	1
CASSWGDGDEQYF	1
CASSWDPTYEQYF	1
CASSWTAYEQYF	1
CASSWTGWNTEAFF	1
CASSYTTSGSLGEQFF	1
CASSYTGVQETQYF	1
CASSYLTDRGNQPQHF	1
CASSYYPLAGVEQFF	1
CASSYRTAAPITDTQYF	1
CASSYTGEQFF	1
CASSYRASLSYEQYF	1
CASSLSRGIHTDTQYF	1
CASSLGLGSGQETQYF	1
CASSLSGREQFF	1
CASSLWGDTGELFF	1
CASSLLAGGQETQYF	1
CASSLPGAGGVSAEQYF	1
CASSLAGTATDTQYF	1
CASSLAAYSYEQYF	1
CASSLAAGAYNEQFF	1
CASSLGPTGGRSEVSYEQYF	1
CASSLGGAFKDTQYF	1
CASSLGQGRGKEETQYF	1
CASSLGSGASGSDTQYF	1
CASSLRASGSDTQYF	1
CASSLNERGNTGELFF	1
CASSLLSTDTQYF	1
CASSLPSGRTRSTGELFF	1
CASSLRTGGSASSYNEQFF	1
CASSLAGGRYEQYF	1
CASSLGARELFF	1
CASSLGAGSYNEQFF	1
CASSLGGVYEQYF	1
CASSLGTSPLLEQFF	1
CASSLGLATYNEQFF	1
CASSLGLVPRTGELFF	1
CASSLGLADSNEQFF	1
CASSLDTTANTGELFF	1
CASSLIPSGTQGIGNIQYF	1
CASSLRGGLGSNQPQHF	1
CASSLRTGGDTEAFF	1
CASSLVESHGYTF	1
CASSLGGAAGGNEQFF	1
CASSLGRVGEQYF	1
CASSLGHRRVYEQYF	1
CASSLDYEQYF	1
CASSPFPSSYNEQFF	1
CASSPRKNEQYF	1
CASSPRTSYEQYF	1
CASSPRLAGGLNEQFF	1
CASSPETGVAYNSPLHF	1
CASSPMGRGTDTQYF	1
CASSPSPVSSYEQYF	1
CASSPSGDAYNEQFF	1
CASSPNPTHMTQETQYF	1
CASSPNPAQETQYF	1
CASSPFPGTGDYEQYF	1
CASSPFQGKFGEQYF	1
CASSPFTSGGRVDTQYF	1
CASSPYQGVEQFF	1
CASSPYEGANSYEQYF	1
CASSPLEPLADTQYF	1
CASSPLAGEETQYF	1
CASSPPLTSDHNEQFF	1
CASSPPSAGRKISTDTQYF	1
CASSPRFKETQYF	1
CASSPRQGPPENYEQYF	1
CASSPRGGSAVYEQYF	1
CASSPHPGTSPGGELFF	1
CASSPQWGSKQYF	1
CASSPQWTSGISGELFF	1
CASSPQPDRGLQQYF	1
CASSPVEDPGLAGGSGEQFF	1
CASSPVRGLSQETQYF	1
CASSPVGSPYEQYF	1
CASSPGWGDQPQHF	1
CASSPGRGEQFF	1
CASSPEPGQVTYEQFF	1
CASSPESPYEQYF	1
CASSPTSGRSYEQYF	1
CASSPTGDYEQYF	1
CASSPSGEDEQFF	1
CASSPRVRGHGEETQYF	1
CASSPYRGRGYTF	1
CASSPRDGSYEQYF	1
CASSPQGGGNIQYF	1
CASSPAFVGSTDTQYF	1
CASSPGTSYEQYF	1
CASSPGTDNEQFF	1
CASSPGPLQETQYF	1
CASSPGAGYSYNEQFF	1
CASSPDGDRKYEQYF	1
CASSPDSPTSYNEQFF	1
CASSPEYTGELFF	1
CASSPEVGLAGLQETQYF	1
CASSPEGGLYEQYF	1
CASSPEVETQYF	1
CASSPMGSGNGIYNEQFF	1
CASSPTTGYNEQFF	1
CASSPTPTEETQYF	1
CASSPRLAGGQNEQFF	1
CASSPPSLSLTAGETQYF	1
CASSPQGGTIYF	1
CASSPGPTESLYF	1
CASSPGTAETQYF	1
CASSPTGTGFGYTF	1
CASSPTKPRTDTQYF	1
CASSPTVTNEQFF	1
CASSPSPGTRAGQETQYF	1
CASSPSSGGTLNEQFF	1
CASSRSDNEQFF	1
CASSRGTSGREQFF	1
CASSRWGEETQYF	1
CASSRRVEQFF	1
CASSRRGGIEQYF	1
CASSRVPLATETQYF	1
CASSRAMGGRETQYF	1
CASSRGGTVNRFSYNEQFF	1
CASSRGPTDSSYEQYF	1
CASSRGQGDQETQYF	1
CASSRGGPGGGKNIQYF	1
CASSRPRQRRYEQYF	1
CASSRGVLTSSYEQYF	1
CASSRDRGQETQYF	1
CASSRIIGEETQYF	1
CASSRTSGRIYEQYF	1
CASSRTGTSGDNEQFF	1
CASSRRDRTETQYF	1
CASSRLAGGGTDTQYF	1
CASSRWGQARRETQYF	1
CASSRQGADTQYF	1
CASSRVQGLYLEETQYF	1
CASSRAQGGHEQFF	1
CASSRGGQETQYF	1
CASSRTGESIINQPQHF	1
CASSHYSGRGVETQYF	1
CASSHYRAGDRGLNEQFF	1
CASSHLPGGQGVHSNQPQHF	1
CASSHPGQGPPHEQFF	1
CASSHRRGSFDEQFF	1
CASSHFGLTTYEQYF	1
CASSHRRGGSYNEQFF	1
CASSHRDADYEQYF	1
CASSHRWDSINEQFF	1
CASSHVDSNEKLFF	1
CASSHARGPAADEQYF	1
CASSHGGYYEQYF	1
CASSHGLAGGPAYNEQFF	1
CASSHDRDDYEQYF	1
CASSHTSGRETQYF	1
CASSHTTGGNYEQYF	1
CASSQSPGQGGETQYF	1
CASSQGALLTDTQYF	1
CASSQGPLTDTQYF	1
CASSQGGGRAGEEQYF	1
CASSQDGARSNQPQHF	1
CASSQIRQGAMIGQFF	1
CASSQTPLANEQFF	1
CASSQTRVGTTYEQYF	1
CASSQRTASSTGELFF	1
CASSQRSYEQYF	1
CASSQFGGPREQFF	1
CASSQSRTASFSWEFF	1
CASSQRGPFYEQYF	1
CASSQRGGEETQYF	1
CASSQHRTSGRGGKETQYF	1
CASSQQSGGRRNEQFF	1
CASSQVGTRRLSEQYF	1
CASSQAGEQYF	1
CASSQAPRLSDTQYF	1
CASSQAGISGNTIYF	1
CASSQGPSGRVNEQFF	1
CASSQGTTESLTDTQYF	1
CASSQGWGQGEEQPQHF	1
CASSQGAGQGDYGYTF	1
CASSQGTVSTDTQYF	1
CASSQGTGYSYEQYF	1
CASSQGTGEYEQYF	1
CASSQDSLELNEQFF	1
CASSQDPMGTEAFF	1
CASSQDRTVSYEQYF	1
CASSQDREPNNEQFF	1
CASSQDQSDEQFF	1
CASSQDVLGSWGSLTTGELFF	1
CASSQDGENNQETQYF	1
CASSQDGTPSNIQYF	1
CASSQDDGGEQFF	1
CASSQDRISGANVLTF	1
CASSQESSLAGGGGLAYEQYF	1
CASSQEPGGELFF	1
CASSQEATSSYEQYF	1
CASSQEGRTANEQFF	1
CASSQEIRASDTQYF	1
CASSQERAANTGELFF	1
CASSQIQPATYNEQFF	1
CASSQTGLAGGIEQFF	1
CASSQSRGFNEQYF	1
CASSVSGSQYEQYF	1
CASSVRDRGVNEQYF	1
CASSVDRGVETQYF	1
CASSVTRTSRSYNEQFF	1
CASSVSTDTQYF	1
CASSVISGGSRLDTQYF	1
CASSVVGSHNTDTQYF	1
CASSVASRQRSDLYNEQFF	1
CASSVGRVQDEQFF	1
CASSVGGASGRSFYNEQFF	1
CASSVESGGEQFF	1
CASSVEGGPYNEQFF	1
CASSAPIAGAYNEQFF	1
CASSAVDLYGYTF	1
CASSAAVGGAPGELFF	1
CASSATSGTGTDTQYF	1
CASSATFGGGARDTQYF	1
CASSARTLNEQFF	1
CASSGTSGSLGVNEQFF	1
CASSGTGGLAGEQFF	1
CASSGTVSYNEQFF	1
CASSGTGGSPTSNQPQHF	1
CASSGLANQETQYF	1
CASSGREGPNEQFF	1
CASSGVDSPYEQYF	1
CASSGKYSAEFF	1
CASSDPRVPDTQYF	1
CASSDPKAGTAKNIQYF	1
CASSELAGGTYEQYF	1
CASSEGLAGGQETQYF	1
CASSERRGGVEKLFF	1
CASSEGQGLGYTF	1
CASSILVADNEQFF	1
CASSILEGQRNEQFF	1
CASSIGSSGNTIYF	1
CASSINRGSHNEQFF	1
CASSIKGGTGELFF	1
CASSMGLAGEPSDEQFF	1
CASSMTGSMGRFSYEQYF	1
CASSIRTSSGRAYEQYF	1
CASSIAWDTQYF	1
CASSITGKGWPQHF	1
CASSTSPGLGDAYNEQFF	1
CASSTPGTGVDEQYF	1
CASSTKSGTDYEQYF	1
CASSTGTGETSYEQYF	1
CASSSPRGGPVVEETQYF	1
CASSSRQGDSYEQYF	1
CASSRERDYVNEQFF	1
CASSRQGSNEKLFF	1
CASSNLGGAQFF	1
CASSNPLSGGLNNEQFF	1
CASSNGDTLSGNTIYF	1
CASSNGRGAEKLLYNEQFF	1
CASSKRTSSGGPSTDTQYF	1
CASSKALGSPGTGTAEQYF	1
CASSKDPAGELFF	1
CASRSGSNQPQHF	1
CASRYGSNNEQYF	1
CASRPPGQGFGPDTQYF	1
CASRPSSYEQYF	1
CASRPSSERGYEQYF	1
CASRPARGRRADTQYF	1
CASRPGLAGGNEQFF	1
CASRRQSGLDSPLNEQFF	1
CASRAGQESSPLHF	1
CASRAKTSGSSRPYNEQFF	1
CASRGPLAGVDTGELFF	1
CASRGRWGETQYF	1
CASRGPGVGTPSTDTQYF	1
CASRGDRAGKQETQYF	1
CASRGTSGSLDTQYF	1
CASRGNEQFF	1
CASRGPTSGYGYTF	1
CASRGGVAGGGEQYF	1
CASRESGSRPSNQPQHF	1
CASRISRLSGVGSNEQFF	1
CASRIAGGIDTQYF	1
CASRTPGGAQNTEAFF	1
CASRTSGGDFNEQFF	1
CASRSTAVGNTIYF	1
CASRRADRTPGTQYF	1
CASRRAGATYEQYF	1
CASRLQGNYGYTF	1
CASRSPASHEQYF	1
CASRSHVGALSAIGELFF	1
CASRLRGGPENIQYF	1
CASRPPGQEGITSTDTQYF	1
CASRPSGRALDPTDTQYF	1
CASRPSGPTYEQYF	1
CASRPGQERHEQYF	1
CASRPDPRRDRNHEAFF	1
CASRPDRGEEQYF	1
CASRPTSGDYNEQFF	1
CASRRGTSGRDTQYF	1
CASRRTGYEQYF	1
CASRHSVLAGVNNEQFF	1
CASRHTSGGRSYEQYF	1
CASRGQGGNTEAFF	1
CASRGTLFGNTIYF	1
CASRDPGLGQHEQYF	1
CASRDSSYTGELFF	1
CASRITGVHEQFF	1
CASRMTSNTDTQYF	1
CASRTGGAYNEQFF	1
CASRSTASSSYNSPLHF	1
CASNFDTDEQFF	1
CASNLWDTQYF	1
CASNYIQETQYF	1
CASNLVRQGSTRNEQFF	1
CASNRVQGYEQYF	1
CASNTGTGSTDTQYF	1
CASNTGNPTYEQYF	1
CASNYDRGVAPLHF	1
CASNPPAGLTTSGSSYNEQFF	1
CASNPGQGASAGELFF	1
CASNRLTSDTGELFF	1
CASNVAGAYEQYF	1
CASKGYSNQPQHF	1
CASKKSGYTF	1
CASKKAGGGNEQFF	1
CASKYGTGVFANTGELFF	1
CASKGGWPYNEQFF	1
CASKDRGGTSGELFF	1
CASKINVPNEQFF	1
CASKRSTGELFF	1
CASKRTSYEQYF	1
CASKNSRVAYEQYF	1
CASKKAGGPAGELFF	1
CARIGGAVFRNEQFF	1
CAKKDRVVETQYF	1
CAAGTNTGELFF	1
CAAPQGGRQGGAKNIQYF	1
CATKRTGYASDNEQFF	1
CASFPDYPSYNEQFF	1
CASSSLGGQGIEAFF	1
CASSRTDYSYEQYF	1
CASSGRAGGDSPLHF	1
CASSKDGGRGTDTQYF	1
CASSRADDEQFF	1
CASSKEGGTQETQYF	1
CASWTGETQYF	1
CASLGTGSGYTF	1
CASLGLATYNEQFF	1
CASRGQETQYF	1
CASRQGFYQPQHF	1
CASVGQDRNEQFF	1
CASASSRLAGLSSYNEQFF	1
CASGPPGTQYF	1
CASEQLPGTSSEKTQYF	1
CASISGGGESYNEQFF	1
CASISGGSETQYF	1
CASMRLAGTDTQYF	1
CASMGLVKREQYF	1
CASTPEVGNNEQFF	1
CASTRESGTGKWETQYF	1
CASTESGHNEQFF	1
CASTKGAEYGEQFF	1
CASTQRTVDSTEAFF	1
CASTLDRPYYNEQFF	1
CASSFNLASQETQYF	1
CASSSPGTGEVVLHF	1
CASSQSGAGVEETQYF	1
CASSAGQGKGNYEQYF	1
CASSGHNQETQYF	1
CASSDFLWGNTEAFF	1
CASSDRTAYGYTF	1
CASSESRIGEETQYF	1
CASSESSYSWSSSSTDTQYF	1
CASSESVQETQYF	1
CASSRYQGSTTAEQFF	1
CASSFSDRRIVGNTEAFF	1
CASSFSRGGLTDTQYF	1
CASSFPLDGSTDTQYF	1
CASSFRSSSFESSYEQYF	1
CASSFQGFQETQYF	1
CASSFQTGTYEQYF	1
CASSFALNSGSNEQFF	1
CASSFGPREVSQYF	1
CASSFGPIPYEQYF	1
CASSFETGLYNEQFF	1
CASSFIRALGDSEQFF	1
CASSFTGLRGVYNEQFF	1
CASSFSSGGSSYNEQFF	1
CASSFKLGGPTYEQYF	1
CASSFFLGLAGRQSYNEQFF	1
CASSFSDEQYF	1
CASSFLAGERNEQFF	1
CASSFPTYSGSSYNEQFF	1
CASSFQRMSSYEQYF	1
CASSFGQGAYEQYF	1
CASSFGGSNYGYTF	1
CASSFGGRTDTQYF	1
CASSFGGESYEQYF	1
CASSFGDPSQGQYF	1
CASSFDAPLATPTDTQYF	1
CASSFDRGLSYEQYF	1
CASSFNGLIYEQYF	1
CASSLLGQGRYEQYF	1
CASSLSVVYNEQFF	1
CASSLSETQYF	1
CASSLSGIRPYEQYF	1
CASSLYGTPDEQYF	1
CASSLLASGGGTDTQYF	1
CASSLLHIITDTQYF	1
CASSLPLAGSYEQYF	1
CASSLPGTGSTDTQYF	1
CASSLRSGDLYNEQFF	1
CASSLREGLYEQYF	1
CASSLHGGGNEKLFF	1
CASSLQGVNTEAFF	1
CASSLQQTYNEQFF	1
CASSLVWDRAYEQYF	1
CASSLVDVRVSGDNEQFF	1
CASSLVLAWAGELFF	1
CASSLVDQETQYF	1
CASSLVADGYTF	1
CASSLVGSGSFRANEQFF	1
CASSLVFSSAGGFVEQYF	1
CASSLVKTPGQGDFTYEQYF	1
CASSLARGRSGEQYF	1
CASSLAAGGAYEQYF	1
CASSLAGDRGRAGRVDTQYF	1
CASSLAGSYEQYF	1
CASSLAGTSLYEQYF	1
CASSLAIYVNTEAFF	1
CASSLAIRPVTNEQFF	1
CASSLAIGTRDETQYF	1
CASSLARGAGYEQYF	1
CASSLALAGANEQFF	1
CASSLAPARGSTDTQYF	1
CASSLAAGGAGSDTQYF	1
CASSLAGSGSSETQYF	1
CASSLAGTGVYYGYTF	1
CASSLAFSVGQFF	1
CASSLAQGGHTGELFF	1
CASSLAVSETQYF	1
CASSLAGPPDEQYF	1
CASSLAGDRGQLEQFF	1
CASSLAGTRPVTEQFF	1
CASSLGQQETQYF	1
CASSLGQATYEQYF	1
CASSLGGDSRLGPDTQYF	1
CASSLGDSRNQPQHF	1
CASSLGLAENIQYF	1
CASSLGPLAGSQSYEQYF	1
CASSLGPEEETQYF	1
CASSLGRIPSGYTF	1
CASSLGAGSYNEQFF	1
CASSLGGGINSYNEQFF	1
CASSLGGTAYEQYF	1
CASSLGTSGSSSYEQYF	1
CASSLGTGTQYF	1
CASSLGPRPGADEQFF	1
CASSLGRLGRGRHYYNEQFF	1
CASSLGRTGQETQYF	1
CASSLGAGGIYEQYF	1
CASSLGGYEQYF	1
CASSLGDSSTGDTQYF	1
CASSLGEHTRKSPLHF	1
CASSLDLAGLPDNEQFF	1
CASSLDRDTEQYF	1
CASSLDVAASGSHEQYF	1
CASSLDLGTDTQYF	1
CASSLDPTQETQYF	1
CASSLDGKTVPWGLAKNIQYF	1
CASSLDGYEQYF	1
CASSLDRGNEQFF	1
CASSLEWVGNEQFF	1
CASSLEPSEFREQYF	1
CASSLEAGVNTGELFF	1
CASSLEGPGNTIYF	1
CASSLEGSYEQYF	1
CASSLEGLGGYTF	1
CASSLEGQGADEQYF	1
CASSLEGMSIDYGYTF	1
CASSLEGTGRPEQYF	1
CASSLEDRVTDTQYF	1
CASSLESGWGKQYF	1
CASSLEGGRAYNEQFF	1
CASSLEGASYNEQFF	1
CASSLEGLAGYNEQFF	1
CASSLEDGRGGFNEQFF	1
CASSLERVFTDTQYF	1
CASSLENGGFMNTEAFF	1
CASSLILAGGSTQYF	1
CASSLIGGAYEQYF	1
CASSLIVGDSQETQYF	1
CASSLMGQGSAFF	1
CASSLIGIGTDTQYF	1
CASSLTRQEPPYEQYF	1
CASSLTTSGVTDTQYF	1
CASSLTTGLGYTF	1
CASSLSPTSGRASNEQFF	1
CASSLSGQSADTQYF	1
CASSLRSGADNEQFF	1
CASSLRPGGSYEQYF	1
CASSLRRRAATNEKLFF	1
CASSLRTGSTGELFF	1
CASSLRGDNTGELFF	1
CASSLREVYYEQYF	1
CASSLNRVFIPLEYHEQYF	1
CASSLNLAGRRDTQYF	1
CASSLNRGSYNEQFF	1
CASSLKGDGYGYTF	1
CASSLLWITAGTVNEKLFF	1
CASSLSSGEQYF	1
CASSLSTDYEQYF	1
CASSLWTAGEQYF	1
CASSLPPGGYTF	1
CASSLQGSQETQYF	1
CASSLQGYGTDTQYF	1
CASSLQGANEQFF	1
CASSLQDTDTQYF	1
CASSLGTSDPADTQYF	1
CASSLTGNSYNEQFF	1
CASSSFDRLYEQYF	1
CASSSAGTGIQETQYF	1
CASSSGLGYNEQFF	1
CASSSWGDGGGFTNEQFF	1
CASSSPGLANNEQFF	1
CASSSRLAGERETQYF	1
CASSSRPTGQETQYF	1
CASSSARQGYNEQFF	1
CASSSEPTGGNYEQYF	1
CASSSTHLPDTQYF	1
CASSSRLDYNEQFF	1
CASSSWTSGGYNEQFF	1
CASSSPTGTDTQYF	1
CASSSPASGGGEQYF	1
CASSSQGGGTEAFF	1
CASSSVLLGTDTQYF	1
CASSSTSHNEQFF	1
CASSSTGPHYEQYF	1
CASSSTGQLQETQYF	1
CASSSSGTSGSNSYNEQFF	1
CASSSLQLRTDTQYF	1
CASSSPSGSEDEQFF	1
CASSSGVGTDTGELFF	1
CASSSGTGGNTEAFF	1
CASSSTSGGYEQYF	1
CASSWLTATEQYF	1
CASSWGGIASRSYEQYF	1
CASSWEQVVNEQFF	1
CASSWTENTDTQYF	1
CASSWTANTGELFF	1
CASSWRQAAYEQYF	1
CASSWRQGGDEQFF	1
CASSYGGRSGLYNEQFF	1
CASSYGDPAGWDF	1
CASSYTQQGPPYEQYF	1
CASSYLRDGLVNEQFF	1
CASSYRQSYEQYF	1
CASSLLQTRRGNEQYF	1
CASSLPTGLAVPDTQYF	1
CASSLGPHGLAGQETQYF	1
CASSLGNEQFF	1
CASSLEATGVGYTF	1
CASSLTPTYEQYF	1
CASSLGLAGGGKRNEQFF	1
CASSLGQLREKLFF	1
CASSLESGTLGNEQFF	1
CASSLMGQGVYEQYF	1
CASSLNSGRPHNEQFF	1
CASSPSASGSRSYEQYF	1
CASSPPGSTDTQYF	1
CASSPRTGGNEQFF	1
CASSPGLDWTGGYEQYF	1
CASSPGLSDTQYF	1
CASSPTSDRGTQYF	1
CASSPFLHWGYEQYF	1
CASSPSGEVGYEQYF	1
CASSPLLVQETQYF	1
CASSPLRGSHNEQFF	1
CASSPPTGAVTDTQYF	1
CASSPHRPRLAGVYNEQFF	1
CASSPGLPSSYNEQFF	1
CASSPGTGSLEQYF	1
CASSPEGINQPQHF	1
CASSPNRGWTYNEQFF	1
CASSPKLAGALSYNEQFF	1
CASSPYPQGYEQYF	1
CASSPRPGLAGGPPYNEQFF	1
CASSPGFETESYEQYF	1
CASSPGQMSSYNEQFF	1
CASSPDLTTNEKLFF	1
CASSPDRGIPEQYF	1
CASSPERGETWYQETQYF	1
CASSPTSQETQYF	1
CASSPTSGIGGGEQFF	1
CASSPHLGQGSSYNEQFF	1
CASSPHPGQRNYEQYF	1
CASSPEGDSYNEQFF	1
CASSPTPQRFSTDTQYF	1
CASSPNHGTGVYAQYF	1
CASSPNLQTYQETQYF	1
CASSRLSTEPQFF	1
CASSRTSGGASGNIQYF	1
CASSRKNIAGSRETQYF	1
CASSHQTSGRSAASNEQFF	1
CASSHLSSGGPNEQFF	1
CASSHLPGTALAKNIQYF	1
CASSQRSGSRNNEQFF	1
CASSQGDGSGSFVV	1
CASSQLGTGGYEQYF	1
CASSQSLSRGRETQYF	1
CASSQQVPGTGELFF	1
CASSQQGYEQYF	1
CASSQVLSQETQYF	1
CASSQVHREVTEAFF	1
CASSQVQGAPQYF	1
CASSQVLAEPTDTQYF	1
CASSQVFIGTGSSLFEEQYF	1
CASSQVGEAFF	1
CASSQAPLAKNIQYF	1
CASSQAGTMNTGELFF	1
CASSQGSPTGTSGGSSTDTQYF	1
CASSQGEGNQPQHF	1
CASSQDSRRPRLYPNYGYTF	1
CASSQDSRHFYEQYF	1
CASSQDPRYLAGGPKIQETQYF	1
CASSQDGQSPYNEQFF	1
CASSQDSTYEQYF	1
CASSQEQEPRGGAFF	1
CASSQIRGGNEKLFF	1
CASSQTRTGELFF	1
CASSVGGPGDTQYF	1
CASSVGDTNNEQFF	1
CASSVRLAGYEQYF	1
CASSVTGWEVGEQFF	1
CASSVRTTGTSGGPRSYNEQFF	1
CASSAWTGEYNEQFF	1
CASSAPGRETQYF	1
CASSASGTGGDRSYEQYF	1
CASSALANNEQFF	1
CASSAAVREQETQYF	1
CASSGWPGAYEQYF	1
CASSGGTGAYNEQFF	1
CASSGGPGVGREQYF	1
CASSGERTEAFF	1
CASSGRPRTRVSTDTQYF	1
CASSGKLAGALFYNEQFF	1
CASSDRVTDTQYF	1
CASSDTGGSYEQYF	1
CASSEDRRTQYF	1
CASSEIRRIAADTYEQYF	1
CASSIPGTRNYEQYF	1
CASSMTGISYGYTF	1
CASSTGQRETQYF	1
CASSTEGQRAGEQYF	1
CASSREGRVVTGELFF	1
CASSRFSGEAYNEQFF	1
CASSRLAGGNTGELFF	1
CASSRGQGIGDGNEQFF	1
CASSKLAGVGNEQFF	1
CASRDAGLAVYEQYF	1
CASRTSTSGGRSSYNEQFF	1
CASRRGSTDTQYF	1
CASRRESTDTQYF	1
CASRSLAGYLNEQFF	1
CASRYGQIQETQYF	1
CASRVAGGSYNEQFF	1
CASREWTSTDTQYF	1
CASRRDSPVGELFF	1
CASNGPGTDTQYF	1
CASKGPEYNEQFF	1
CASKGPNYEQYF	1
CARGDRLYEQYF	1
CSSNTQFNEQFF	1
CSVGSIYEQYF	1
CSAYDREGLEGEQYF	1
CSALRRRSSYNEQFF	1
CSALTQGDTQYF	1
CSAPRRGDGYTF	1
CSAPHSGLASGWYNEQFF	1
CSARRVGASIYNEQFF	1
CSARQLTYEQYF	1
CSARTSYEQFF	1
CSAQLAGGPGTQYF	1
CSAQTDRGDSWTQYF	1
CSAVERRNTGELFF	1
CSAGPWGRGSEQFF	1
CSAERTGTVGGYTF	1
CSAIFSPFVRNNEQFF	1
CSAIDHKPAGGPRVGTQYF	1
CSAISSTGGSNQPQHF	1
CSATSPGGYNEQFF	1
CSATLTGYNEQFF	1
CSATGTRSNEQYF	1
CSATGGEQYF	1
CSASGQLGQETQYF	1
CSASTGRVYNEQFF	1
CSASRAGIDTQYF	1
CSASLDRVGTNEQFF	1
CSASPYRVNENIQYF	1
CSASRQPNTEAFF	1
CSASRDNEQFF	1
CSASGGASYNEQFF	1
CSARPTSGVPNPYEQYF	1
CSARQLGETQYF	1
CSARVGQNYGYTF	1
CSARAPTSPPANTGELFF	1
CSARDPGIRGLETQYF	1
CSARDPGRDNEQFF	1
CSAREGFLGGYTF	1
CSARTESNQPQHF	1
CSARLGGLGEQYF	1
CSARSPSRDEQYF	1
CSARLAGGLREQYF	1
CSARPGGKETQYF	1
CSARPMRYNNSPLHF	1
CSARVWTTSSYNEQFF	1
CSARVLAGGELLSYNEQFF	1
CSARAGTAYEQYF	1
CSARAEVAGAHEQYF	1
CSARALEGGRGEQFF	1
CSARGSLAVNTGELFF	1
CSARGSGQNNEQFF	1
CSARGSSGGRWHNEQFF	1
CSARGEGRYEQYF	1
CSARGIQREISYEQYF	1
CSARGTGGANTGELFF	1
CSARGSDTGELFF	1
CSARGSGLAGGPLSYEQYF	1
CSARGTSGSYEQYF	1
CSARDSRDWDYEQYF	1
CSARDSARGASLFDTQYF	1
CSARDSGSGYTF	1
CSARDLTAGGPQETQYF	1
CSARDLGGNSYEQYF	1
CSARDLRGQGATDTQYF	1
CSARDPSGRINEQFF	1
CSARDRGQSSYEQYF	1
CSARDGGRGSYEQYF	1
CSARDGGAGVLGTGELFF	1
CSARDDGRKETQYF	1
CSARDSRGSLNTEAFF	1
CSARDRRGSGNTIYF	1
CSARDPIAGVADTQYF	1
CSARDERAGGVPSSYNEQFF	1
CSARDETIIYEQYF	1
CSARDTYMGAYEQYF	1
CSARDRDRGYNEQFF	1
CSARELFGVSGEKLFF	1
CSAREAPRDTGELFF	1
CSAREAGAKNIQYF	1
CSAREDHRYRRYEQYF	1
CSAREKGLAGGRGTWYTQYF	1
CSARKREGGEQYF	1
CSANPRTRNTDTQYF	1
CSAKDGSAYEQYF	1
CSALAGADNEQFF	1
CSALGLLPYGYTF	1
CSAPFRNYEQYF	1
CSARTGTYSYEQYF	1
CSAHGQAGISGNTIYF	1
CSAQTSLAGRAWETQYF	1
CSARGRSGYGYTF	1
CSARGPKGGSYNEQFF	1
CSAQAGNQETQYF	1
CSAGNSGRVPYEQYF	1
CSAIRGGARETQYF	1
CSAIERGRSYNEQFF	1
CSARTGGNQPQHF	1
CSARDTPNTGELFF	1
CSATPGQGAEDTQYF	1
CSARTGGEVYEQYF	1
CSTNAGLGYEQYF	1
CSSSPTQETQYF	1
CSLKSREQETQYF	1
CSVLQALGSYEQYF	1
CSVLGRGGGSYEQYF	1
CSVVGEEQFF	1
CSVGTSFYEQYF	1
CSVDLSRGGLGEQFF	1
CSVDGTSGGVPYEQYF	1
CSVELSPWTSGRGETQYF	1
CSVEVGLGRETQYF	1
CSVEGTTDTQYF	1
CSVEGGALIGDNEQFF	1
CSVEGTGRNRETQYF	1
CSVEDLALGGGYTF	1
CSVEDPLAGDTGELFF	1
CSVEDGLGEPYEQYF	1
CSVEDKRGQFF	1
CSVTGTSGGSSYEQYF	1
CSVSGGDGYTF	1
CSVPSLSLAGGSYEQYF	1
CSVRTSGPYEQYF	1
CSVVVGVGEQYF	1
CSVGQGGMETQYF	1
CSVIAGGLETQYF	1
CSVAGTSGSPVPNEQFF	1
CSASVSSGRAEETQYF	1
CSASRGQETQYF	1
CSASVLGVTSTDTQYF	1
CSARPPSYGYTF	1
CSAAEGDVDTQYF	1
CSAKRGAETQYF	1
CSAENTEAFF	1
CSARQGGLLSGNTIYF	1
CSGKRAHPPYEQYF	1
CSDRPGQTQFF	1
CRIGTPYNEQFF	1
WGVEEVNEQFF	1
RAHHGVGLAGGETQYF	1
RATLLAHLQETQYF	1
RASSLNTTLSSYNEQFF	1
RASSPITGIGYEQYF	1
CAWRRAGGGRETQYF	2
CASTAFGSGANVLTF	2
CASSFLIGSGANVLTF	2
CASSFRGGAETQYF	2
CASSPLGQGLGANVLTF	2
CASSHAAISGANVLTF	2
CASSQSGTGPRGEQFF	2
CASSQVATTGANVLTF	2
CASSRPSGRGNTGELFF	2
CASGLSGKANYGYTF	1
CASSLADQETQYF	1
CASSSGPPGLAGASSYNEQFF	1
CASSAGGRIDEQFF	1
CAFRLAGGPGTDTQYF	1
CASSGGSSSYNEQFF	1
CASGGWLGLGETDTQYF	1
CACNGIVLGEGYGYTF	1
CAWLSHGGYTF	1
CAWLAGSTDTQYF	1
CAWHTGASEAFF	1
CAWVFQGAPSYTF	1
CAWARAGGTEAFF	1
CAWDRGGYGYTF	1
CAWDLRPNTEAFF	1
CAWDRAVGNTIYF	1
CAWEGIPNSPLHF	1
CAWIRMGEQFF	1
CAWIGSGTDTQYF	1
CAWTHWVSSYNEQFF	1
CAWTGDRPTEAFF	1
CAWSRVSGLTGELFF	1
CAWSRDSKGHGYTF	1
CAWSVGPGYYNEQFF	1
CAWSVAGNTEAFF	1
CAWSVVAGTSGPYEQYF	1
CAWSVGNTGELFF	1
CAWSVSGIGEQYF	1
CAWSVQIGWTGELFF	1
CAWSVGAGSNEKLFF	1
CAWSAQLDSKFF	1
CAWSAEVGTGLHF	1
CAWSADSLNTEAFF	1
CAWSGSGGGTDTQYF	1
CAWSGGLEQYF	1
CAWSGTQETQYF	1
CAWSDTGGLRNQPQHF	1
CAWSEPDRVGYGYTF	1
CAWSIRAPSRGDTQYF	1
CAWSIVGTDGYTF	1
CAWSIANQPQHF	1
CAWSTRGQTQYF	1
CAWSATYNSPLHF	1
CAWRLAGGSDTQYF	1
CAWRPEWTVQETQYF	1
CAYQGANEQFF	1
CAVASGRGLRSYNEQFF	1
CAAHIEGSNSYEQYF	1
CAAGGPLGGGANVLTF	1
CAGSGHNEQFF	1
CAGEDRGREKLFF	1
CAGERASYTF	1
CAIPSAGAHTAGRGTDTQYF	1
CAIRLAPRGGTENEQFF	1
CAISNQETQYF	1
CAILGGAGELFF	1
CAITTGAYNEQFF	1
CAISRTLAAEDWYGNEQFF	1
CAISVTTGSLHNEQFF	1
CAISDRGYSYEQYF	1
CAISESGTGPYEQYF	1
CAISESMFNEQFF	1
CAISESRLAQTTGELFF	1
CAISEGTSINEQYF	1
CAISENRATGGSEQYF	1
CAISEPEGLAGGSSYNEQFF	1
CAISGTSGRPDEQYF	1
CAIRGSIAGGGLDEQFF	1
CAIRGLAYEQYF	1
CAIRTGEGYTF	1
CATSRQTIYNEQFF	1
CATPVRLAGVAYNEQFF	1
CATGTGGSYNEQFF	1
CATSGGYGYTF	1
CATSVDFSYNEQFF	1
CATRIHGTGGTGELFF	1
CATVPRLSGRSPRSSYNEQFF	1
CATAGSGANVLTF	1
CATGGGFASGAQETQYF	1
CATDGQAFNEQYF	1
CATETNPGRPNTGELFF	1
CATSRTGRTEAFF	1
CATSVRRGGSYNEQFF	1
CATSASSGGHNEQFF	1
CATSAQGPSHEQYF	1
CATSDLGEQFF	1
CATSDLTNTEQYF	1
CATSDSTDQETQYF	1
CATSDWQRDRYEQFF	1
CATSDLRDRVITDTQYF	1
CATSDPPGLAGAGSYNEQFF	1
CATSDRSGGHEQYF	1
CATSDVTSGSQEQYF	1
CATSDAGTGPYNEQFF	1
CATSDLGPSPGGQFF	1
CATSDPGLAGAKNIQYF	1
CATSDGRAFHTQYF	1
CATSTGEDGELFF	1
CATSPRPTGDTEAFF	1
CATSRGDRATGELFF	1
CATSGISQETQYF	1
CATSTPGHRGEQYF	1
CATSRLGLAGRIVSEQFF	1
CATSRDWSGQNSQQYF	1
CATSREKINYGYTF	1
CATRGPGQHEQYF	1
CATGLRVGTNVLTF	1
CASRGQGKFSGEQYF	1
CASRKGLAGPGYNEQFF	1
CASGLAGASVSAQYF	1
CASGHGGPGRPNYGYTF	1
CASTMPGQGYGYTF	1
CASTHWAGVGSSYNEQFF	1
CASSRQGYEQYF	1
CASSHGTASHEQYF	1
CASSQRSGTSGGVSYEQYF	1
CASSATAGNEQFF	1
CASSIPLRVNRYNEQFF	1
CASSIPYNEQFF	1
CASSIRAGGTDNEQFF	1
CASSITPYNEQFF	1
CASSMVETRRDLNEQYF	1
CASSIRGEYEQYF	1
CASSIGWDRGRGTQFF	1
CASRKLDEQFF	1
CASRGLRTSGTDTQYF	1
CASNAGTGVYEQYF	1
CASKRGELFF	1
CASSGGRNYGYTF	1
CASSYKGASTDTQYF	1
CASSPLTHQETQYF	1
CASSIGGRAADTQYF	1
CASSAWGSYEQYF	1
CASSSDYRGPYEQYF	1
CASSPRFWGFEEETQYF	1
CASSPTGKTGESYGYTF	1
CASSPSGTNYEQYF	1
CASSPRKGHHGYTF	1
CASSPVLAGGLSSYNEQFF	1
CASSPVKADHEQFF	1
CASSPPRAKDSSQETQYF	1
CASSPVGDQPQHF	1
CASSVDRGNTEAFF	1
CASSAATNEKLFF	1
CASSEGTLGYGYTF	1
CASSTTAIGTGQEGGETQYF	1
CASCGDSGQPQHF	1
CASLGQAIYSYNEQFF	1
CASPLGGRTDTQYF	1
CASRLVGETQYF	1
CASRGTGAALRQFF	1
CASRFVSAYEQYF	1
CASRGGLAGGHNEQFF	1
CASRDRAQETQYF	1
CASRTGGNNEQFF	1
CASRSGGGLGYNEQFF	1
CASRQGGAGELFF	1
CASQGHSGRGPDTQYF	1
CASQGTSLAGGPDTQYF	1
CASVRPGTDTQYF	1
CASARGGVSNQPQHF	1
CASAKGRNQPQHF	1
CASAPGHYGYTF	1
CASARDSYNEQFF	1
CASGLAGQETQYF	1
CASGLANTDTQYF	1
CASGTSGSFPSYNEQFF	1
CASGTGWSEQFF	1
CASGWGGYNEQFF	1
CASGQGSYNEQFF	1
CASGEYAQYNSPLHF	1
CASESGNHEQYF	1
CASEPGAGSEQFF	1
CASEDRVGGNTIYF	1
CASIDGRTANTGELFF	1
CASISVRRPLMNTGELFF	1
CASMGRAGELFF	1
CASIVGQDDLAKNIQYF	1
CASTPPGLVYEQYF	1
CASTHNQGGRTGELFF	1
CASTATYEQYF	1
CASTSGGSPLSYNEQFF	1
CASTSGRYNEQFF	1
CASTLGGPNTEAFF	1
CASTLTLTGGYTF	1
CASTSMGQEETQYF	1
CASTLLYQETQYF	1
CASTLLVGLSGNTIYF	1
CASTLGQAGGYTF	1
CASTLERPRSSGANVLTF	1
CASTPGPGYEQYF	1
CASTPGQGAKGANVLTF	1
CASTRGQGNEQFF	1
CASTQGTAGITGELFF	1
CASTAEKENTQYF	1
CASTGGGQGGNYEQYF	1
CASTDQQGNQPQHF	1
CASTIHDREYDYEQYF	1
CASTNYGTEYNEQFF	1
CASTKGTSGYNEQFF	1
CASTSGNKNNEQFF	1
CASTSGGVYNEQFF	1
CASTPNGAAGELFF	1
CASTPGGKGGYTF	1
CASSFLAGGTRDTQYF	1
CASSFSGRANEQFF	1
CASSFSGVRGGETQYF	1
CASSFWGANTGELFF	1
CASSFLAGTDTQYF	1
CASSFPGRAWNEQFF	1
CASSFRFRSDSSYEQYF	1
CASSFVGSPTYEQYF	1
CASSFARGAFF	1
CASSFGGSSYEQYF	1
CASSFGPPSNDEQYF	1
CASSFGTGAQETQYF	1
CASSFGRSNEQFF	1
CASSFGLAAIF	1
CASSFGRTGAQYF	1
CASSFGDTQYF	1
CASSFGTGYSFSYEQYF	1
CASSFEREAWGNEQFF	1
CASSFEGASYNEQFF	1
CASSFEGDPNEQFF	1
CASSFMAGGALGYF	1
CASSFTVAGGNEQFF	1
CASSFSLAGPSYEQYF	1
CASSFSGGGDEQFF	1
CASSFSGREDNEQFF	1
CASSFRGLSGGTQYF	1
CASSFNRASASSYEQYF	1
CASSFNNYNEQFF	1
CASSFLARTSRREQFF	1
CASSFLSGRENEQFF	1
CASSFSWGARAEKQYF	1
CASSFSGDNEQFF	1
CASSFSGINEQFF	1
CASSFLTSGYTYEQYF	1
CASSFLGLATSTDTQYF	1
CASSFLMASGSFNEQFF	1
CASSFPRDLYNEQFF	1
CASSFPGSSTPNTGELFF	1
CASSFPGGRDYNEQFF	1
CASSFRPAGLRGEQFF	1
CASSFQENTEAFF	1
CASSFQTGELFF	1
CASSFVVGSGVNEQFF	1
CASSFAVGGVSYNEQFF	1
CASSFGRNEQFF	1
CASSFGRIGELFF	1
CASSFGGILYEQYF	1
CASSFGGGETQYF	1
CASSFGGAGAPLHF	1
CASSFGGRGEQYF	1
CASSFDPGGFSYEQYF	1
CASSFTLSGTGGGYTF	1
CASSFTPYSGTSAFYEQYF	1
CASSFSEQFF	1
CASSFRVTEQFF	1
CASSFNGELFF	1
CASSFKETQYF	1
CASSLFPGKAYEQYF	1
CASSLRTSGGVETQYF	1
CASSLVQTRTGELFF	1
CASSLVPAGGSYEQYF	1
CASSLAYFSYNEQFF	1
CASSLAPLTSGSGNEQFF	1
CASSLGSGGGLLAQYF	1
CASSLGASYGYTF	1
CASSLGGFPEYEQYF	1
CASSLGLPYEQYF	1
CASSLGRNQPQHF	1
CASSLDLAGGHEQYF	1
CASSLEGRLFF	1
CASSLTGGDTEAFF	1
CASSLTGDNSPLHF	1
CASSLTGSSGNTIYF	1
CASSLTNTGELFF	1
CASSLSSFYRVEQFF	1
CASSLSEGPYEQYF	1
CASSLRGAGGPTYEQYF	1
CASSLKEGRDEQFF	1
CASSLLALGYTDTQYF	1
CASSLLGIGEDEQFF	1
CASSLSEYNEQFF	1
CASSLSVNTIYF	1
CASSLSARETQYF	1
CASSLSGDRVYYEQYF	1
CASSLSDRVYEQFF	1
CASSLSKPSRAVYNEQFF	1
CASSLSPHGGRGYTF	1
CASSLWSGLGSGNEQFF	1
CASSLWVIRLNNEQFF	1
CASSLWAGGNYEQYF	1
CASSLWGGENIQYF	1
CASSLPRTGSAHEQFF	1
CASSLPGTDLVEQYF	1
CASSLPGRETQYF	1
CASSLPTTDTSTDTQYF	1
CASSLHPGDGTDTQYF	1
CASSLVSRVQETQYF	1
CASSLVSGNSYEQYF	1
CASSLVAGGTDTQYF	1
CASSLVAGTYNEQFF	1
CASSLVRRGGSYNEQFF	1
CASSLAPQTLVADTQYF	1
CASSLAQGGAYNEQFF	1
CASSLAQKPLHF	1
CASSLAASGRADTQYF	1
CASSLAGLDSEISYEQYF	1
CASSLAGGINEQFF	1
CASSLAGTAYEQYF	1
CASSLAGGQETQYF	1
CASSLGSQVYEQYF	1
CASSLGPSRYEQYF	1
CASSLGTTYEQYF	1
CASSLGRTGILLAGNYNEQFF	1
CASSLGQRGAPHEQYF	1
CASSLGGRAYTGELFF	1
CASSLGSRTGPYEQYF	1
CASSLGRERETQYF	1
CASSLGHEQYF	1
CASSLGAGFTDTQYF	1
CASSLGGTRIYNEQFF	1
CASSLGDRGYNEQFF	1
CASSLGTLINEQFF	1
CASSLGANLGGRRNIQYF	1
CASSLGTSGSYEQYF	1
CASSLDMREGGTDTQYF	1
CASSLDRFIEQYF	1
CASSLDGPPRESYF	1
CASSLEGYFSGVSYNEQFF	1
CASSLEDRGPDEQYF	1
CASSLEIAGGPLEQYF	1
CASSLEVEGSGELFF	1
CASSLEAGDEQFF	1
CASSLIRRPGLQNTEAFF	1
CASSLMGVRGLSYEQYF	1
CASSLILRAYNEQFF	1
CASSLTDTQYF	1
CASSLTETQYF	1
CASSLSSVWFRETQYF	1
CASSLSTGGNGELFF	1
CASSLNWGRATDTQYF	1
CASSLNYGSNQPQHF	1
CASSLNLFEQYF	1
CASSSSSAQGLFTDTQYF	1
CASSSYRGSNTGELFF	1
CASSSHYEQYF	1
CASSSAAYNSPLHF	1
CASSSSPGNEQFF	1
CASSSSWTSGYNEQFF	1
CASSSWPFGTDTQYF	1
CASSSLSGPDRGYNEQFF	1
CASSSRGLADTQETQYF	1
CASSSHRETQYF	1
CASSSGSRLYEQYF	1
CASSSGQFF	1
CASSSGTSGSVGEQYF	1
CASSSGWRTRQSTGELFF	1
CASSSDFSGPSYNEQFF	1
CASSSTGTAYYNEQFF	1
CASSSRIWETQYF	1
CASSSSGRDPYEQYF	1
CASSSQGFQETQYF	1
CASSSAGGGSYEQYF	1
CASSSGAGGSDNEKLFF	1
CASSSGGRHQPQHF	1
CASSSISGFVSYEQYF	1
CASSSTSGALGYF	1
CASSSRYQETQYF	1
CASSSFAGETQYF	1
CASSSDGRGGNEQFF	1
CASSSTIIQYF	1
CASSWLAGGLSSYNEQFF	1
CASSWPGYDTEQYF	1
CASSWREIKDTQYF	1
CASSWQGAHEQYF	1
CASSWGGAQYF	1
CASSWGTGGNEQFF	1
CASSWGNEQFF	1
CASSWGLAGVGEQFF	1
CASSYSPYYYEQYF	1
CASSYPLGPRQGSNQPQHF	1
CASSYPGLAGGETQYF	1
CASSYPGLEGETQYF	1
CASSYQGLEETQYF	1
CASSYRPSGLWEQYF	1
CASSYNGHTYEQYF	1
CASSYFQAAGGVYEQYF	1
CASSYFADTEQFF	1
CASSYFGGSYEQYF	1
CASSYLKTGNTEAFF	1
CASSYLGLAGGPLTDTQYF	1
CASSYSWQQSYEQYF	1
CASSYSPQGLAGGGETQYF	1
CASSYSISSGSTYEQYF	1
CASSYSTIGGTSGYNEQFF	1
CASSYSGTISPGGYTF	1
CASSYSMYTNEQFF	1
CASSYSTGIGEKLFF	1
CASSYSSGRAFGDTQYF	1
CASSYSRVLADTQYF	1
CASSYSRVGSTYEQYF	1
CASSYSRADYEQYF	1
CASSYSNSANTGELFF	1
CASSYSGPYEQYF	1
CASSYWTSGRTYNEQFF	1
CASSYYKGEGYEQYF	1
CASSYLINEQYF	1
CASSYPQREVNYEQYF	1
CASSYVGGGTGELFF	1
CASSYVGQGANNSPLHF	1
CASSYGRLTETQYF	1
CASSYGYSTYEQYF	1
CASSYGLAGNEQFF	1
CASSYGQGNYEQYF	1
CASSYDYSYNEQFF	1
CASSYITAQETQYF	1
CASSYTGQGAYEQYF	1
CASSYSLSLGGGSYNEQFF	1
CASSYSRGAGDNEQFF	1
CASSYKAGVGETQYF	1
CASSLRFGSGETQYF	1
CASSLGKGGLNTEAFF	1
CASSLGSLTGAYEQYF	1
CASSLILTGVGFSGELFF	1
CASSLRIYSKNIQYF	1
CASSLTGHPNYGYTF	1
CASSLRRGGWDEQYF	1
CASSLPGLSTDTQYF	1
CASSLAGGNTGELFF	1
CASSPFGRVGYNEQFF	1
CASSPGGYLGQFF	1
CASSPGTSGITDTQYF	1
CASSPFGAGAYEQYF	1
CASSPLTDQETQYF	1
CASSPSGQGAGEQYF	1
CASSPSITDTQYF	1
CASSPWTSPGGDTQYF	1
CASSPYRGSGGYTF	1
CASSPPERNIQYF	1
CASSPHASRGMQYF	1
CASSPQVAGIYNEQFF	1
CASSPQAHQPQHF	1
CASSPGGSSKNIQYF	1
CASSPGTSGGWGDTQYF	1
CASSPGTVWEQYF	1
CASSPGTGRADTQYF	1
CASSPERGRGRPAKNIQYF	1
CASSPPGPAGTDTQYF	1
CASSPAKAGSYEQYF	1
CASSPGTEAFF	1
CASSPGLAGRYF	1
CASSPGLAGGPVTGELFF	1
CASSPTSGGKNEQFF	1
CASSPTAYEQYF	1
CASSPTGPPTDTQYF	1
CASSPSQGYTF	1
CASSPPEYSEQFF	1
CASSPRLAVGELFF	1
CASSPGQGRPRETQYF	1
CASSPTPGDRGQFF	1
CASSPTDRGLSSSYNSPLHF	1
CASSPSRGGYGYTF	1
CASSPSNQPQHF	1
CASSPRPSSHEQYF	1
CASSRRQGLVSTGELFF	1
CASSRNSGGASEQFF	1
CASSRLTWTGELFF	1
CASSRAWDLNEQYF	1
CASSRRLAGGGSYNEQFF	1
CASSRAHPYEQYF	1
CASSRGYSNQPQHF	1
CASSRDFQYEQYF	1
CASSRRTSGRRGAYNEQFF	1
CASSRRLAETQYF	1
CASSRGQGRSYNEQFF	1
CASSRTGTSGIDPTYNEQFF	1
CASSRKGLAGGSYNEQFF	1
CASSHFGVMNTEAFF	1
CASSHDNSRHTQYF	1
CASSHREGGRGTDTQYF	1
CASSQDGNEQYF	1
CASSQNSGTGGPGELFF	1
CASSQSGASYNEQFF	1
CASSQNQPQHF	1
CASSVLAGGIRSTYNEQFF	1
CASSVWQDRDLYEQYF	1
CASSVQPDRFVGDEQYF	1
CASSVGQGGGEQYF	1
CASSVEGGELFF	1
CASSAIAGVYNEQFF	1
CASSAYDFTYEQYF	1
CASSAPGFYGYTF	1
CASSAPADTQYF	1
CASSARAYEQYF	1
CASSADTTNYGYTF	1
CASSARGLADYNEQFF	1
CASSALLGKRDNPDTQYF	1
CASSAGGSGNTEAFF	1
CASSGQSRQYF	1
CASSGDRGGISTDTQYF	1
CASSGRANSYEQYF	1
CASSGYQETQYF	1
CASSGLGTNTGELFF	1
CASSGGVTSGRETQYF	1
CASSGDVAGGYEQYF	1
CASSGTSGLDEQYF	1
CASSGTGENHEQYF	1
CASSGKTQYF	1
CASSGLAGTDTQYF	1
CASSGRDRTVQETQYF	1
CASSGAGGPLYEQFF	1
CASSGNPGGEAKNIQYF	1
CASSDPGLAGLRDTQYF	1
CASSDQGNSPLHF	1
CASSDVGNTGELFF	1
CASSDSPPLAGRQETQYF	1
CASSDVRGGIIEQFF	1
CASSDNEQFF	1
CASSEQIGREQYF	1
CASSEEGLQGYPGELFF	1
CASSERVGTSGDSSYEQYF	1
CASSEFSIQGRSTGEQYF	1
CASSELRLGAYNEQFF	1
CASSEYSWGDSYNEQFF	1
CASSERLAGGDETQYF	1
CASSEALVSGIYEQYF	1
CASSEAVAGAGGYF	1
CASSEAVRASGAYEQYF	1
CASSEAGGSFPPYGYTF	1
CASSEGLETYNEQFF	1
CASSEGQPQHF	1
CASSEGLASGELFF	1
CASSEESRSYNEQFF	1
CASSEISAGTEQYF	1
CASSESEKLFF	1
CASSITINSGYNEQFF	1
CASSISTDTQYF	1
CASSIRETQYF	1
CASSIRRGTNPNEQFF	1
CASSIGTWEYEQYF	1
CASSIRERGSYEQYF	1
CASSMRGRPNNEQFF	1
CASSIFPNEQFF	1
CASSTRTGGTGELFF	1
CASSTAGETQYF	1
CASSTGTGGMTGELFF	1
CASSTPGQLEETQYF	1
CASSSGFGNEQFF	1
CASSSILAGGTHEQFF	1
CASSRRGVNNEQFF	1
CASSNDNRGDTGELFF	1
CASSNSGSGIGELFF	1
CASSNPSGIIYEQYF	1
CASSNPDRGVYEQYF	1
CASSNRAPNRPYSNQPQHF	1
CASSKMSGGRQETQYF	1
CASSKTGGTSSYEQYF	1
CASSKSGVRTGELFF	1
CASSFLPSRPLWNEQFF	1
CASSFSGFGNEQFF	1
CASSFLEGSNNEQFF	1
CASSFPERGGVDEQFF	1
CASSFGGDYTF	1
CASSFDYRALDYGYTF	1
CASSFETGESIYEQFF	1
CASSFTRGSNNEQFF	1
CASSFTGQGLTDGYTF	1
CASSFSGASYNEQFF	1
CASSFSGRSNEQFF	1
CASSFSGRAHNEQFF	1
CASSFLSGGAREQFF	1
CASSFYSGEQFF	1
CASSFLLAGTFAYNEQFF	1
CASSFPLAGADNEQFF	1
CASSFRLAGVIWDEQFF	1
CASSFRGGLRETQYF	1
CASSFVGTGGRNEQFF	1
CASSFGRQNTDTQYF	1
CASSFGHSSYEQYF	1
CASSFGQGTETQYF	1
CASSFDRNEKLFF	1
CASSFDRGPQSTGELFF	1
CASSFERPSSYEQYF	1
CASSLLSQGVAGVHEQYF	1
CASSLSYEQYF	1
CASSLSGSSTDTQYF	1
CASSLSGAHEQYF	1
CASSLWTSGGNEQFF	1
CASSLYLAGADRETQYF	1
CASSLYRAGRLLTNEQFF	1
CASSLLLAGAANEQFF	1
CASSLPSGTAAYEQYF	1
CASSLQSGGGETQYF	1
CASSLVVGTSGERYNEQFF	1
CASSLVAVGTDTQYF	1
CASSLASVNNEQFF	1
CASSLAEYNEQFF	1
CASSLGPDRVNQPQHF	1
CASSLGQGGIQYF	1
CASSLGGDSNEQFF	1
CASSLGRSPKETQYF	1
CASSLGTAYEQYF	1
CASSLGLAGYEQYF	1
CASSLGQGAYEQYF	1
CASSLGDRFAQGTGELFF	1
CASSLDSYEQFF	1
CASSLEVNQPQHF	1
CASSLEGTGGFGDEQFF	1
CASSLEGRNYNEQFF	1
CASSLETDTQYF	1
CASSLINEQFF	1
CASSLTGTPIYEQYF	1
CASSLFGETQYF	1
CASSLLVGTGELFF	1
CASSLLGFEQFF	1
CASSLLGLAGGHPETQYF	1
CASSLLNQREGFTQYF	1
CASSLSPGRGVREQYF	1
CASSLSGQGRQPQHF	1
CASSLSSGPPFSYNEQFF	1
CASSLSPGPSTDTQYF	1
CASSLSVNEQFF	1
CASSLSRIEQYF	1
CASSLWASDGYTF	1
CASSLYLDYGYTF	1
CASSLYRGPTDTQYF	1
CASSLLGWAYGYTF	1
CASSLLPHNEQFF	1
CASSLPPRGAKGDTGELFF	1
CASSLPMGRTKATDTQYF	1
CASSLPASSYNEQFF	1
CASSLPKHRGIGETQYF	1
CASSLRGGGDYEQYF	1
CASSLRGGLAGGVEQFF	1
CASSLQGITDTQYF	1
CASSLQGTGGETQYF	1
CASSLQGSEQYF	1
CASSLVGGPGEQYF	1
CASSLVSGGAYNEQFF	1
CASSLVSTDTQYF	1
CASSLVSNRGYTF	1
CASSLVLAGRNEQFF	1
CASSLVEGGRTFF	1
CASSLVTSGTITQYF	1
CASSLVGESSTDTQYF	1
CASSLVDRQAFF	1
CASSLVSGAIEAFF	1
CASSLVRWTFSRTGELFF	1
CASSLVRGYGVSSYNEQFF	1
CASSLVRETQYF	1
CASSLVAGGFWNEQFF	1
CASSLVGGSSYNEQFF	1
CASSLAGGPNEQYF	1
CASSLARADEQFF	1
CASSLAFSGRANYNEQFF	1
CASSLALEGGSYEQYF	1
CASSLASDTQYF	1
CASSLAPDRVSYEQYF	1
CASSLARQGAETDTQYF	1
CASSLASVFSRGGNEQFF	1
CASSLALGSQETQYF	1
CASSLAPQFNEQFF	1
CASSLARPGKGWNEQYF	1
CASSLAGSSYEQYF	1
CASSLAGADTQYF	1
CASSLAEGLAGSYEQYF	1
CASSLAGGVGANVLTF	1
CASSLAGGSTDTQYF	1
CASSLGSSAGIMNTEAFF	1
CASSLGLPVRVSYNEQFF	1
CASSLGGDSNIQYF	1
CASSLGRGGTYEQYF	1
CASSLGNSGGDMGTDTQYF	1
CASSLGLYEQYF	1
CASSLGWGADTQYF	1
CASSLGLAGDNEQFF	1
CASSLGAENQPQHF	1
CASSLGGRAGAGSYEQYF	1
CASSLGGGEQYF	1
CASSLGGGAGYNEQFF	1
CASSLGTALETQYF	1
CASSLGLAGDWARSSNEQFF	1
CASSLDYYQETQYF	1
CASSLDLQGWETQYF	1
CASSLDAGAYEQYF	1
CASSLDSGGGYEQFF	1
CASSLDSGVSYEQYF	1
CASSLDPIATGERFF	1
CASSLDRQDQRTNEQFF	1
CASSLDNLGGSTDTQYF	1
CASSLERGTDTQYF	1
CASSLEVSSQFF	1
CASSLEVMTGELFF	1
CASSLEGGPDTQYF	1
CASSLEDYEQYF	1
CASSLEFAGARNEQFF	1
CASSLELGYGYTF	1
CASSLEGLDTGELFF	1
CASSLEGGGSNQPQHF	1
CASSLIPWGRGDRGYEQYF	1
CASSLMRDHEQYF	1
CASSLISVGNTEAFF	1
CASSLTPLGSSYEQYF	1
CASSLTTSSYEQYF	1
CASSLTLAGEETQYF	1
CASSLSSFTYNEQFF	1
CASSLSSGSRHEQYF	1
CASSLRGSMMNTEAFF	1
CASSLRTSVQETQYF	1
CASSLRGPETQYF	1
CASSLRGVTYNEQFF	1
CASSLNWRETQYF	1
CASSLNRGGGRETQYF	1
CASSSYAGGPQTQYF	1
CASSSPTGRVTGELFF	1
CASSSSGSDNEQFF	1
CASSSSGGLVLF	1
CASSSSRSSNTEAFF	1
CASSSYGVGTDTQYF	1
CASSSLPRTSGYEQYF	1
CASSSPGTDRAGYEQYF	1
CASSSRGTGRKETQYF	1
CASSSRDSSYEQYF	1
CASSSRVANEQYF	1
CASSSRAGLREQYF	1
CASSSQGDDEQYF	1
CASSSQQGGGRNEQYF	1
CASSSVAAGSYEQYF	1
CASSSAAGGYNEQFF	1
CASSSGGRADNEQFF	1
CASSSGTGHEQYF	1
CASSSDITDTQYF	1
CASSSSVKETQYF	1
CASSSSGRFDEQFF	1
CASSSRRQGVLETQYF	1
CASSSFLFGTSGSQFF	1
CASSSFRWGEPKTEAFF	1
CASSSLRTIQAEGNSYEQYF	1
CASSSPSWREAFTDTQYF	1
CASSSPQGAQGNQPQHF	1
CASSSRQGSEQFF	1
CASSSGLAGIQETQYF	1
CASSSDYYPEQFF	1
CASSSTGQHQQETQYF	1
CASSSLAGLYEQYF	1
CASSSLAGGPSHEQYF	1
CASSSQNRGTTQETQYF	1
CASSSGYEQYF	1
CASSSGLAGTNNEQFF	1
CASSSTQRRSSYNEQFF	1
CASSSRDTSRQETQYF	1
CASSWRLDQETQYF	1
CASSWGVGAGGAEAFF	1
CASSWGDRGLEQYF	1
CASSWGRGEQFF	1
CASSYDLQPIEKLFF	1
CASSYGRGQGSADTQYF	1
CASSYGTGKYF	1
CASSYERGGRKQYF	1
CASSYELGVQETQYF	1
CASSYIPGLGSYEQYF	1
CASSYTPERGVTDTQYF	1
CASSYSGRAGETQYF	1
CASSYKGGNEQFF	1
CASSLPLGVKETQYF	1
CASSLGRGLDEQYF	1
CASSLEVTGELFF	1
CASSLFRDSYNEKLFF	1
CASSLWAGQVIYEQYF	1
CASSLPQGLKSIMSGEQYF	1
CASSLRTSGRQPRRTDTQYF	1
CASSLRREGETQYF	1
CASSLQGGFSYEQYF	1
CASSLGRQETQYF	1
CASSLRTGMPGVQFF	1
CASSLLDQPQHF	1
CASSLGRSYEQYF	1
CASSLGLAVGEQFF	1
CASSLIQGEQFF	1
CASSLTSGSANEQFF	1
CASSLSTGGGTGELFF	1
CASSLYGRQENEQFF	1
CASSLLGQGAIYEQYF	1
CASSLRETQYF	1
CASSLRTGTDLPYEQYF	1
CASSPLGGLAGLSTGELFF	1
CASSPSVGGEQYF	1
CASSPPVGRSYNEQFF	1
CASSPRSGRVFREQYF	1
CASSPRTGLGTEAFF	1
CASSPVGDLPWNEQFF	1
CASSPGARLAGGLGFF	1
CASSPNSVNEQFF	1
CASSPNRYNEQFF	1
CASSPKRIERGRQYF	1
CASSPFSGSNEQFF	1
CASSPLGASGAYEQYF	1
CASSPSGGVVYNEQFF	1
CASSPYLGLNEQFF	1
CASSPLDNEQFF	1
CASSPLGRGPYEQYF	1
CASSPLLAGVNNEQFF	1
CASSPPRQDTQYF	1
CASSPPRRRGGNTIYF	1
CASSPPGSYEQYF	1
CASSPPTGTYNEQFF	1
CASSPRPPQGYPYEQYF	1
CASSPRAGDGAYEQYF	1
CASSPRTSGGTGTTYNEQFF	1
CASSPRTSGGQLAKNIQYF	1
CASSPRTRGINEQFF	1
CASSPRTGQETQYF	1
CASSPRSSYEQYF	1
CASSPRLLSYEQYF	1
CASSPRQGWETQYF	1
CASSPQTGTVYNEQFF	1
CASSPASTDTQYF	1
CASSPADRRTSYEQYF	1
CASSPGPGLAGPYNEQFF	1
CASSPGAAGYGYTF	1
CASSPGGGRAYEQYF	1
CASSPGTGGQETQYF	1
CASSPIGGVTQYF	1
CASSPTGTSGTYEQYF	1
CASSPTGRNQPQHF	1
CASSPREGTREQYF	1
CASSPRLEPYEQYF	1
CASSPGGTLQETQYF	1
CASSPGLAGAYEQYF	1
CASSPDLGNEYNEQFF	1
CASSPTESFYNEQFF	1
CASSPLGGRINEQFF	1
CASSPYRGGFYEQYF	1
CASSPRLAGGTDTQYF	1
CASSPRQGAYEQYF	1
CASSPHFDYEQYF	1
CASSPQQATNEKLFF	1
CASSPGEAGFTDTQYF	1
CASSPGDRGSYEQYF	1
CASSPMNTEAFF	1
CASSPTSLSTDTQYF	1
CASSPRTGAVLDYRSSYNEQFF	1
CASSPNLIAGGPESYNEQFF	1
CASSPKGFNEQFF	1
CASSRSGGNAYEQYF	1
CASSRPGVPNEQYF	1
CASSRATGDRNEQFF	1
CASSRRGERSTDTQYF	1
CASSRLRGTYEQYF	1
CASSRLAGETDTQYF	1
CASSRVKELQYF	1
CASSRPSRHDSPQYF	1
CASSRPGLAGDNEQFF	1
CASSRVNEQYF	1
CASSRGGTGAYEQYF	1
CASSRGGGYLASYNEQFF	1
CASSRGGGPEYF	1
CASSRDSTYEQYF	1
CASSRENGGTNEKLFF	1
CASSRNSGLEGETQYF	1
CASSRSLKQSGNQETQYF	1
CASSRAPTSGNGNEQFF	1
CASSRGTSGSYEQYF	1
CASSRDTGTLETQYF	1
CASSRTTGTQLTDTQYF	1
CASSHGGGLSNEQFF	1
CASSHGQRGYTF	1
CASSHFQPGRSAEQYF	1
CASSHSTGGQNTGELFF	1
CASSHPGTAETQYF	1
CASSHGGGREQYF	1
CASSHGLAGGPWELFF	1
CASSHTHSGRETQYF	1
CASSHRTGTATPAFMNTEAFF	1
CASSHNPSHLAGGQETQYF	1
CASSQLEGSNYEQYF	1
CASSQPNQPQHF	1
CASSQQFLRGKSEQFF	1
CASSQGQRAYYEQYF	1
CASSQTSGTSTDTQYF	1
CASSQRKDTQYF	1
CASSQNPGLAGNTLYNEQFF	1
CASSQFYGSGTGELFF	1
CASSQLSGGAYEQYF	1
CASSQRGPYEQYF	1
CASSQVFRDPYGYTF	1
CASSQVADQQFF	1
CASSQVRYLQETQYF	1
CASSQVKLAGADTQYF	1
CASSQVEDRSSPLHF	1
CASSQAKNTQYF	1
CASSQALAPLLAGENEQFF	1
CASSQAGSGRAGRMEQFF	1
CASSQGRGTALIQQYF	1
CASSQGVLSGYNEQFF	1
CASSQGGSGRNLNNEQFF	1
CASSQGGGGYGYTF	1
CASSQGGTSGVQETQYF	1
CASSQGGNSNQPQHF	1
CASSQGTTDSREQYF	1
CASSQDFSSGRRGYTF	1
CASSQDSGQYNEQFF	1
CASSQDWALDTQYF	1
CASSQDWRKGGGAGDTQYF	1
CASSQDLLGPTGELFF	1
CASSQDGTSGRVDNEQFF	1
CASSQDIWLAGGNPETQYF	1
CASSQDRDRGSPLHF	1
CASSQDVGAKNIQYF	1
CASSQDAEGTQYF	1
CASSQDGTEITYEQYF	1
CASSQEFSSGRTDTQYF	1
CASSQEFARYNEQFF	1
CASSQESWNEQYF	1
CASSQELADSPSTDTQYF	1
CASSQEGLGTGWGNTDTQYF	1
CASSQEGTSSYNEQFF	1
CASSQEGLAGGLFHEQFF	1
CASSQELGQGADTQYF	1
CASSQTGTMNTEVFF	1
CASSQTSGRAPNEQFF	1
CASSQSAAGPLNYGYTF	1
CASSQNTGGKETQYF	1
CASSVGTSGNNEQYF	1
CASSVEHEGGLETQYF	1
CASSVGRISTDTQYF	1
CASSVRRSTDTQYF	1
CASSVQGNRQPQHF	1
CASSVVHGYNEQFF	1
CASSVAQSTEAFF	1
CASSVAGGYNEQFF	1
CASSVGGEIPGQYGYTF	1
CASSVGGTSRTQYF	1
CASSVDPPGLARNNEQFF	1
CASSVEWTSAQETQYF	1
CASSVSGRAPETQYF	1
CASSAYRGEAKNIQYF	1
CASSAPGGNQPQHF	1
CASSAVAATEAFF	1
CASSAAGSGGRKETQYF	1
CASSAGTAAYEQYF	1
CASSGGYLIAVEQYF	1
CASSGQLGYTGELFF	1
CASSGQGARYNEQFF	1
CASSGGDWGYEQYF	1
CASSDAGGMETQYF	1
CASSDRVQETQYF	1
CASSDRGGNYGYTF	1
CASSEVGISTNEQFF	1
CASSEDSERLYNEQFF	1
CASSEQAAGGYGYTF	1
CASSIGISTDTQYF	1
CASSMLLAVSYNEQFF	1
CASSTSGTPYEQYF	1
CASSTPPGGAGLFSYEQYF	1
CASSTQGQRETQYF	1
CASSTVEAGFNEQFF	1
CASSTRPPVAGGPFDNEQFF	1
CASSTGTSDINEQYF	1
CASSRGDFYSYNEQFF	1
CASSRGRTSGVKDEQFF	1
CASSRGGETQYF	1
CASSRDISTDTQYF	1
CASSRAEPETQYF	1
CASSRKGLVSFDIQYF	1
CASSNQGAGETQYF	1
CASSNSGRARVEQFF	1
CASSNRLSTDTQYF	1
CASSKGQAPRGEQYF	1
CASRLAGQGDQRDRGTNEQFF	1
CASRSHGRINEQFF	1
CASRSSGGAGEQFF	1
CASRSRETQYF	1
CASRLGTGDGYTF	1
CASRPYYLGTGNEQFF	1
CASRPQTGNYEQYF	1
CASRPDPGQGQAKRTYEQYF	1
CASRPGYYNEQFF	1
CASRRPGRPYEQYF	1
CASRRGRAPSSYNEQFF	1
CASRQGGWVGRRSSYNEQFF	1
CASRVTGDKDTQYF	1
CASRATVAGVAGELFF	1
CASRAGSTEAFF	1
CASRAMTSSFINEQFF	1
CASRGRDRGSDEQYF	1
CASRGAAQDTQYF	1
CASRGSGGSYNEQFF	1
CASRGPINNYGYTF	1
CASRDPRGWLNTGELFF	1
CASRDRDSYEQYF	1
CASREDRSYEQYF	1
CASRISRKLTDTQYF	1
CASRIAWTEAYEQYF	1
CASRIRDRPSYEQYF	1
CASRTSGGSYNEQFF	1
CASRTHNIHEQYF	1
CASRRREVTRQETQYF	1
CASRRLAATYNEQFF	1
CASRRAGEETQYF	1
CASRNRGPSYNEQFF	1
CASRKREGGNEQFF	1
CASRLAGGRYEQYF	1
CASRSSGAGNTGELFF	1
CASRSTGYNEQFF	1
CASRYSGGGDTQYF	1
CASRYRGLYQDYGYTF	1
CASRLKQGVGGYTF	1
CASRPPGGFDRPGELFF	1
CASRPTETSTDTQYF	1
CASRPPGTELNEQFF	1
CASRPTLAWGSDEQFF	1
CASRPAGTVGGEQFF	1
CASRRRTSGSTDTQYF	1
CASRRTSSEQFF	1
CASRRTSGDDNEQFF	1
CASRRFSGGEQYF	1
CASRRDRAIYNEQFF	1
CASRQGADGAQYF	1
CASRGSGQPQHF	1
CASRGWAGGYGYTF	1
CASRGGPVYEQYF	1
CASRGTEYSSSYNSPLHF	1
CASRTDRGVFF	1
CASRTRGGLLVTEAFF	1
CASRTDRDYEQYF	1
CASRTPGDYEQYF	1
CASRTSSYNEQFF	1
CASRRDRGLLLNTGELFF	1
CASRRQGSSYEQYF	1
CASRRQGAGETQYF	1
CASRRTGTRANEQFF	1
CASRNPGLAGETQYF	1
CASRKFPNYEQYF	1
CASRKTSGRREGTDTQYF	1
CASRKSRVYNEQFF	1
CASNPLRDRVIYEQFF	1
CASNGAVNSYNEQFF	1
CASNGGTSYNEQFF	1
CASNWRESLDTQYF	1
CASNLDSNEQFF	1
CASNPVGSAGELFF	1
CASNHRGPLNEQFF	1
CASNQRGAVSYNEQFF	1
CASNQGGKAEQFF	1
CASNEPTGELFF	1
CASKGYFGVMAQHF	1
CASKELAAKSGYNEQFF	1
CASKRVLTGELFF	1
CASKSPGVSYEQYF	1
CASKRTSGRTDTQYF	1
CASKQNIGRDSTDTQYF	1
CASKGALNQPQHF	1
CASKGTGVWDTQYF	1
CASKDRVFTDTQYF	1
CASKDRPSLYEQYF	1
CASKRQGLDEQYF	1
CASKKLAGARDTQYF	1
CAARGTYEQYF	1
CATREGNEQFF	1
CATILANVLTF	1
CASSPPGTTGETQYF	1
CASTRASGVYNEQFF	1
CASPGRGRDGVYGYTF	1
CASRSVLRDTYHNEQFF	1
CASAEGGEQYF	1
CASGSAGGPVETQYF	1
CASGGGQYYEQYF	1
CASGGPNQETQYF	1
CASGTGTSGEQFF	1
CASITGTGTYNEQFF	1
CASMKDNSYEQYF	1
CASTPTFISSYNEQFF	1
CASTGGNYEQYF	1
CASTVGTESYEQYF	1
CASSLSGSSYNEQFF	1
CASSSGLTGEQFF	1
CASSPSRDTQYF	1
CASSPGTAGDEQFF	1
CASSPGLGTDTQYF	1
CASSRKTGGFNEKLFF	1
CASSHTGGNYEQYF	1
CASSVMGTGTGAPGELFF	1
CASSAAGRLGDTQYF	1
CASSDNQATQYF	1
CASSESGSTDTQYF	1
CASSEQQDLGGTDTQYF	1
CASSFWRTYEQYF	1
CASSFQGAMHEQYF	1
CASSFQDEQFF	1
CASSFKSGTQYEQYF	1
CASSFSLKIARDEQFF	1
CASSFLTGTSSYEQYF	1
CASSFPQGSTGTDTQYF	1
CASSFRDRDYGYTF	1
CASSFRTGLAAYEQYF	1
CASSFHKDRTNTGELFF	1
CASSFQTSGGETQYF	1
CASSFGTAPLNTGELFF	1
CASSFETGELFF	1
CASSLFPPMQDYSYEQYF	1
CASSLFRGPQIKMSSYNEQFF	1
CASSLLPPPDEQYF	1
CASSLLPETGETQYF	1
CASSLLGPGGSYNEQFF	1
CASSLSAGGGFDIQYF	1
CASSLSNFNSYNEQFF	1
CASSLSAGGLQETQYF	1
CASSLYGYSYEQYF	1
CASSLLLVGGQETQYF	1
CASSLLRRPSGDTQYF	1
CASSLPGVSYEQYF	1
CASSLRGDEQYF	1
CASSLREEETQYF	1
CASSLRAGGDEQFF	1
CASSLQFTGVGTEAFF	1
CASSLQAGRETQYF	1
CASSLVYRRDIYEQYF	1
CASSLVPQSSESSYNEQFF	1
CASSLVVKTTNQPQHF	1
CASSLVADGWETQYF	1
CASSLVGATNEQFF	1
CASSLVPSGSGGYNEQFF	1
CASSLVWTSGGYNEQFF	1
CASSLVLAGGVDTQYF	1
CASSLVQGHYEQYF	1
CASSLVTASSYEQYF	1
CASSLVTGLGNEQFF	1
CASSLVTGDLQETQYF	1
CASSLVTNIENEQFF	1
CASSLAFGLAGSNEQFF	1
CASSLASADTQYF	1
CASSLALALSSYNEQFF	1
CASSLAPPSNEQFF	1
CASSLAPGQKTYEQYF	1
CASSLARGRDQETQYF	1
CASSLAAGTGEQFF	1
CASSLAGVSVETQYF	1
CASSLAGASSYNEQFF	1
CASSLAGGAGHRGFSYNEQFF	1
CASSLAGLAGLDEQYF	1
CASSLAGVPYEQYF	1
CASSLAKAAGYEQYF	1
CASSLAGSGGPLNTGELFF	1
CASSLGPGELFF	1
CASSLGQDLNEQFF	1
CASSLGAQETQYF	1
CASSLGGYNEQFF	1
CASSLGGGEQYF	1
CASSLGLDRGWETQYF	1
CASSLGRVSLETQYF	1
CASSLGLARKEDTQYF	1
CASSLGARTQYF	1
CASSLGGNPSYNEQFF	1
CASSLGGGPYNEQFF	1
CASSLGGIEQFF	1
CASSLGTPSYEQYF	1
CASSLGKSYEQYF	1
CASSLGSWGNNEQFF	1
CASSLGWGYTGELFF	1
CASSLGLAGVETQYF	1
CASSLGQRTDTQYF	1
CASSLGQGYNEQFF	1
CASSLGQGPSLSYNEQFF	1
CASSLGQGNSPLHF	1
CASSLGQSSYNEQFF	1
CASSLGVAGANEQFF	1
CASSLGMGQGSYEQYF	1
CASSLDFLGGAYTDTQYF	1
CASSLDLAGEEDEQFF	1
CASSLDPSGGPTYEQYF	1
CASSLDVKETQYF	1
CASSLDGGSYNEQFF	1
CASSLDRVQETQYF	1
CASSLDSPSTDTQYF	1
CASSLDRTWAGELFF	1
CASSLDRNYEQYF	1
CASSLEFGRRPVSSYEQYF	1
CASSLESNTGELFF	1
CASSLEWETSSYEQYF	1
CASSLEPNEQFF	1
CASSLEAESYEQYF	1
CASSLEGINQPQHF	1
CASSLEGYYEQYF	1
CASSLEGAGQNYEQYF	1
CASSLEGYQETQYF	1
CASSLEGQGLRNEQFF	1
CASSLEDKNNEQFF	1
CASSLEYAVETQYF	1
CASSLELGGSYEQYF	1
CASSLEQGRSEQYF	1
CASSLEGLVTDTQYF	1
CASSLEGRSSYNEQFF	1
CASSLETAETQYF	1
CASSLTIRDRYFYEQYF	1
CASSLTAGPTEAFF	1
CASSLSSETYYEQYF	1
CASSLSPGQINNEQFF	1
CASSLSTSGSYEQYF	1
CASSLSQKSSYNEQFF	1
CASSLRTGALEQYF	1
CASSLNNIYEQYF	1
CASSLKLGSTDTQYF	1
CASSLKGTLPYEQYF	1
CASSLYPGYKDNEQFF	1
CASSLYLLSSYNEQFF	1
CASSLLAGAVGDNEQFF	1
CASSLPSGNTGELFF	1
CASSLPGTGSETQYF	1
CASSLPGQGASGELFF	1
CASSLPGQETQYF	1
CASSLQVLGPLSNTGELFF	1
CASSLAGLAPYNEQFF	1
CASSLAVTSDPYEQYF	1
CASSLGPVGNSEQFF	1
CASSLGAHGGSYEQYF	1
CASSLGTEVMNTEAFF	1
CASSLISGGYQETQYF	1
CASSLTGTYEQYF	1
CASSLTTGTNSYEQYF	1
CASSLSPTVISEQFF	1
CASSLRTRSKNIQYF	1
CASSSFNEQFF	1
CASSSSGTYEQYF	1
CASSSWTGEGNEQFF	1
CASSSYNYNEQFF	1
CASSSLGEDEQFF	1
CASSSPTLHEQFF	1
CASSSRPLDDTQYF	1
CASSSTGTGDGRGQFF	1
CASSSVLAGAGYNEQFF	1
CASSSGMEAGSNEQFF	1
CASSSGTSRQETQYF	1
CASSSGLAGVSTIAPYEQYF	1
CASSSGQGTYEQYF	1
CASSSTSGNFGETQYF	1
CASSSTGGIETQYF	1
CASSSLAASTDTQYF	1
CASSSTGQNTEAFF	1
CASSWLTGSADTQYF	1
CASSWLAGDQETQYF	1
CASSWPKREQETQYF	1
CASSWQKGLAGTDTQYF	1
CASSWGTDNTGELFF	1
CASSWGRWDSYEQYF	1
CASSWDRGGSEQYF	1
CASSYLGLLEETQYF	1
CASSLPPSGANVLTF	1
CASSLGTAQETQYF	1
CASSLGTVVGELFF	1
CASSLELSGASYEQYF	1
CASSLLAGTGAYEQYF	1
CASSLRDISYEQYF	1
CASSLQGARGDTQYF	1
CASSLGQGLGEQFF	1
CASSPLNTGELFF	1
CASSPPIAGVGNEQFF	1
CASSPAGLPLGSYNEQFF	1
CASSPDLSYEQYF	1
CASSPKPTDRSYNEQFF	1
CASSPLPSESRWSSYNEQFF	1
CASSPLQGAGGELFF	1
CASSPPSHPREETDTQYF	1
CASSPPGAGPNTGELFF	1
CASSPGTSGSRQYF	1
CASSPGRSSYEQYF	1
CASSPGLAEDTQYF	1
CASSPDSPWEQYF	1
CASSPEDRYEQYF	1
CASSPILDGYEQYF	1
CASSPTRIGGRTPSTDTQYF	1
CASSPTAYQETQYF	1
CASSPTGATDTQYF	1
CASSPSGGAFQETQYF	1
CASSPLAGGSLRSYNEQFF	1
CASSPGGSNQETQYF	1
CASSPTAGAYEQYF	1
CASSRQTGTYNEQFF	1
CASSREGGDDNEQFF	1
CASSRGGRGDEQYF	1
CASSRDSTSDTQYF	1
CASSRASGPPWDTQYF	1
CASSHPLAGDASQYF	1
CASSHKNRAPSSYNEQFF	1
CASSHMPAAKNYNEQFF	1
CASSQWRGDTGTPYEQYF	1
CASSQVQNTGELFF	1
CASSQGLAGNSDTQYF	1
CASSQTSSYEQYF	1
CASSQNDFGNTIYF	1
CASSQFPTGTYGYTF	1
CASSQSVEGGTQYF	1
CASSQLTGLAGNEQFF	1
CASSQLGRWRRDEQYF	1
CASSQPGLAGVNEQFF	1
CASSQPLAGSYEQYF	1
CASSQVWDRGYEQYF	1
CASSQVYAGMAQYF	1
CASSQVPNTGELFF	1
CASSQVAGGKYNEQFF	1
CASSQVFKMWGNEQFF	1
CASSQGPWGQETQYF	1
CASSQGGRINQPQHF	1
CASSQGLAGGLLEQYF	1
CASSQGTGSYEQYF	1
CASSQDPGRGDSEAFF	1
CASSQDRGDGEKLFF	1
CASSQDGVRRGGGYTF	1
CASSQDGGLNSGNTIYF	1
CASSQDKGRGVSEQFF	1
CASSQDLAGISSYEQYF	1
CASSQDQSGTNTGELFF	1
CASSQDRDHKAYEQYF	1
CASSQEGTGGEKLFF	1
CASSQEDPGQGNYEQYF	1
CASSQETTSQETQYF	1
CASSQIGGFTDTQYF	1
CASSQTGTDPGELFF	1
CASSQRGRGTEPDTQYF	1
CASSQNNPGQGDEQFF	1
CASSVGLAGGQFF	1
CASSASTDTQYF	1
CASSATMVRETQYF	1
CASSATEGFSGYTF	1
CASSATGTYEQFF	1
CASSALPLRESVNEQFF	1
CASSAHQETQYF	1
CASSGRGGAWTGELFF	1
CASSGGRSTGELFF	1
CASSGGLGGNEQFF	1
CASSGGTGGLYNEQFF	1
CASSDPDFYEQYF	1
CASSDRQGLAKNIQYF	1
CASSDQGPGRGGYTF	1
CASSDRGQETQYF	1
CASSDRLAGGTTDTQYF	1
CASSETGSQETQYF	1
CASSMGSSARRGYEQYF	1
CASSMIAGGAYEQFF	1
CASSIRTSGGGNEQFF	1
CASSTRGGEQYF	1
CASSSKGRTGQNEQFF	1
CASSRQGQTSYEQYF	1
CASSNGGASYNEQFF	1
CASRLTEGALDIQYF	1
CASRSGASYEQYF	1
CASRAIMPYNEQFF	1
CASRGPIVGETQYF	1
CASRGPSVSSYEQYF	1
CASRGTRPSTDTQYF	1
CASRGTGYNEQFF	1
CASRGERGRSFGTQYF	1
CASRNRPRGTQYF	1
CASRPGTGRYNEQFF	1
CASRPGTAYEQYF	1
CASRAGSGDQFF	1
CASRAALPNEQFF	1
CASRAVGGDQETQYF	1
CASRNTGEGLAFF	1
CASNRGWGPPRLDTQYF	1
CASKRVQETQYF	1
CSAWGNPGQGGYEQYF	1
CSALRTLAGDFNYNEQFF	1
CSALRLAGPYNEQFF	1
CSAPSSTSSYNEQFF	1
CSAPDQGASYEQYF	1
CSARASGGFNEQFF	1
CSAGRGEYTYNEQFF	1
CSAGANDADTQYF	1
CSAGMGGVSYEQYF	1
CSADLRGTPYEQYF	1
CSAEDGVLHEQYF	1
CSAELAGVSYEQYF	1
CSASPLRLAESYEQYF	1
CSASPPEETQYF	1
CSASPGYGEQFF	1
CSASASPSGANEKLFF	1
CSASDRGRNTYEQYF	1
CSASEGPDFMDEQYF	1
CSASSLIATYEQYF	1
CSASNLAQETQYF	1
CSASSGPLTGELFF	1
CSASPRTDTEAFF	1
CSASRTSGEDEQFF	1
CSASGMGRDNEQFF	1
CSASRWGLLYNEQFF	1
CSARAPGLAGGGPQETQYF	1
CSARDREVSEQYF	1
CSARFREQFF	1
CSARSQDRVLYNEQFF	1
CSARRGIRYEQYF	1
CSARQGAQETQYF	1
CSARVGDLFSGEQYF	1
CSARVGHMNTEAFF	1
CSARVGGASSYNEQFF	1
CSARVGGPYEQYF	1
CSARVGGLGEQYF	1
CSARVEGGYGYTF	1
CSARAPAKGYEQYF	1
CSARAQADYEQYF	1
CSARAASGRAGLYNEQFF	1
CSARGARETRYYEQYF	1
CSARGAGGPGNEQFF	1
CSARGGGPEQFF	1
CSARGTGSAYEQYF	1
CSARDRGTSAYEQYF	1
CSARDRRGDEQYF	1
CSARDVASGYNEQFF	1
CSARDGTSDQETQYF	1
CSARDGSGSFGEQFF	1
CSARDMRPSPTTYNEQFF	1
CSARDMNSYEQYF	1
CSARDIMVNEQFF	1
CSARDPHNNEQFF	1
CSARDRDFETYEQYF	1
CSARDGGPYEQYF	1
CSARDGTSGRMPYEQYF	1
CSARNINEKLFF	1
CSARKQGDQPQHF	1
CSANALGGGPTDTQYF	1
CSAKWREPQETQYF	1
CSASPQGANPDEQYF	1
CSAYQILSSYEQYF	1
CSAYRGSRTDTQYF	1
CSAPSGPSTDTQYF	1
CSAPRTSGSQDTQYF	1
CSAPGVGNQPQHF	1
CSAGGGEYNEQFF	1
CSAGERPGSYEQYF	1
CSAEPKGARTDTQYF	1
CSATGLPGLAPETQYF	1
CSARLASADTQYF	1
CSAKTGGGNTQYF	1
CSAADRVIYEQYF	1
CSAGSGRSSYNEQFF	1
CSAGTDGNSPLHF	1
CSAGSVNEQFF	1
CSAKTSGGSYEQYF	1
CSAYIGAVGNSPLHF	1
CSANGLASTDTQYF	1
CSTWGGKGNEQFF	1
CSNGTGFPEQYF	1
CSVPAHRRGARGYTF	1
CSVVRDTGELFF	1
CSVVDRDGVLTF	1
CSVVKEGTTYEQYF	1
CSVVGFRGEGVYEQFF	1
CSVASTNTGELFF	1
CSVALDRSELSGGYTF	1
CSVGRVAYEQYF	1
CSVGAAGGPVEQFF	1
CSVGERLVRLSNEQFF	1
CSVDRGNTEAFF	1
CSVDRDNEQFF	1
CSVEFRGNYNEQFF	1
CSVESQFTGELFF	1
CSVEVWQAKTYEQYF	1
CSVEGRIAGGTYNEQFF	1
CSVEDLGLPTDTQYF	1
CSVERPGGTSGSETQYF	1
CSVTSGYNEQFF	1
CSVTGGAGETQYF	1
CSVLSVTHYEQYF	1
CSVLSGSSTDTQYF	1
CSVAPSGRGETQYF	1
CSVTGTGLGEQYF	1
CSVSGAGRGEQFF	1
CSVVPGLAPTGELFF	1
CSVIDPGRGTGELFF	1
CSAKESRLGTSGSGTQYF	1
CSAGLADYNEQFF	1
CSAGTGGFADTQYF	1
CSDLADEQFF	1
CRVPDRTTGELFF	1
CRGGGQGTNEQYF	1
RASSLLPRPYEQYF	1
RASSLSRTSSSYNEQFF	1
RASSLRGGAYEQYF	1
CASIAGTGISGANVLTF	2
CASSFGTGANVLTF	2
CASSLVRSRSGANVLTF	2
CASSLQAGVRNEQFF	2
CASRITSGANVLTF	2
CASSLRTLALAGLNNEQFF	2
CASSQEGGTGELFF	2
CASRTWETQYF	2
CSVVGDSSGANVLTF	2
CASSVGIGTDTQYF	1
CASSLTPGGEYNEQFF	1
CAFEAGGRYNEQFF	1
CAFTSGGQDEQYF	1
CASRGVYNEQFF	1
CACGQRTDTQYF	1
CACKTGTAQIGTSGGWNNEQFF	1
CAWRRAGRSNTEAFF	1
CAWAVTGTYGYTF	1
CAWASSEQYF	1
CAWGNKQGFYTEAFF	1
CAWSFTLTQETQYF	1
CAWSPHKIGNTIYF	1
CAWSPGTDTQYF	1
CAWSRSGFYNEQFF	1
CAWSVGGARAFF	1
CAWSVWWGGSYNEQFF	1
CAWSVLGVHEQFF	1
CAWSVRRQFQETQYF	1
CAWSVQANYGYTF	1
CAWSVMDSGNTIYF	1
CAWSVKGPLSTFNQPQHF	1
CAWSAVSVYEQYF	1
CAWSATDKIAYGYTF	1
CAWSGDRGPGAEQFF	1
CAWSDGNQPQHF	1
CAWSDRTGRWGAEAFF	1
CAWSPPDRWWNEQFF	1
CAWSKTVNTEAFF	1
CAWSKKGLADNEQFF	1
CAWRVSGTDTQYF	1
CAWKYAGVYGYTF	1
CAYAREISGNTIYF	1
CAYRTGSYGYTF	1
CAAGGSSYNEQFF	1
CAASLRTGELFF	1
CAGSKGLSYNEQFF	1
CAGGRYNYGYTF	1
CAGSSYNEQFF	1
CAGLAGVDEQYF	1
CADSQRWEGLWVNEQFF	1
CAISASGSYEQYF	1
CAIPPGVDEQYF	1
CAISSERTRGNEQFF	1
CAISAGGYSSYNEQFF	1
CAISGLAGGPPPGELFF	1
CAISDGPLAGQYNEQFF	1
CAISDPRQGGREAFF	1
CAISEGTGAGEQYF	1
CAISSNTGELFF	1
CAISRDAYEQYF	1
CAISQLKGRVPHEQFF	1
CAISMASGASYNEQFF	1
CAIRRPSDEQYF	1
CAIRTEGAYEQYF	1
CAIRQGIAYEQYF	1
CAIKTSRLSSGANVLTF	1
CAIKSDGYEQYF	1
CAMRDGTYEQYF	1
CAIGHYNEQFF	1
CATLGTSAYEQYF	1
CATPRGVNTGELFF	1
CATREGGNQPQHF	1
CATVAGGVYNEQFF	1
CATDLGQLPHHINEQFF	1
CATIGGMANYGYTF	1
CATTTGGQETQYF	1
CATTRGEQETQYF	1
CATSPRRTSSYNEQFF	1
CATSQGLAGGSSYNEHFF	1
CATSGPQGTRTYF	1
CATSDFSTSPRNEQFF	1
CATSDFQGYTDTQYF	1
CATSDYFRLAGGTGELFF	1
CATSDPRVDSSSYNEQFF	1
CATSDPGEGAKTQYF	1
CATSDRAGGRETQYF	1
CATSDLDRSSYNEQFF	1
CATSDPGLAGGETQYF	1
CATSDQRQGQETQYF	1
CATSDSDRDEQYF	1
CATSEMDREYNEQFF	1
CATSGRVGEQFF	1
CATSRDRAGMSNQPQHF	1
CATRTAGGYTF	1
CATREGGLVGEQFF	1
CATKGTAAYNEQFF	1
CATQSKSDGGGLYNEQFF	1
CASVRDGGETQYF	1
CASVDRGDRNEQFF	1
CASGWFPNTEAFF	1
CASGGTQYF	1
CASTPRFSSYNEQFF	1
CASTNSYVWGRRDEQYF	1
CASSFAGQGAYEQFF	1
CASSSGQGGTYEQYF	1
CASSPGQALYEQYF	1
CASSRTGLPYNEQFF	1
CASSQASAEKLFF	1
CASSIRDSFSYEQYF	1
CASSIQGAPAGELFF	1
CASSIADTQYF	1
CASSIGPGGLTGELFF	1
CASSIRETQYF	1
CASSINRGTEAFF	1
CASSTLPGQGAREQFF	1
CASSTGAYNEQFF	1
CASSPGPGPVYGYTF	1
CASKRRRGETQYF	1
CASFLGQEQFF	1
CASLRGSSYNEQFF	1
CASLPFDRSSYEQYF	1
CASLSGGGEADTQYF	1
CASSPSPDSSAKTQYF	1
CASSRANTGELFF	1
CASSRGSRGLYEQYF	1
CASSAGGTDTQYF	1
CASSGGGPLTDTQYF	1
CASSSGTGGLNEQFF	1
CASSLREGRRYNEQFF	1
CASSPREMKDTEAFF	1
CASSPLSSREQYF	1
CASSPLGGDGQPQHF	1
CASSPPQGSAEKLFF	1
CASSPHMYEQYF	1
CASSPGRGQDYGYTF	1
CASSPPSGGTDTQYF	1
CASSPPSTQETQYF	1
CASSPRTVSTGELFF	1
CASSPQFAGGRYEQYF	1
CASSPGERNEQFF	1
CASSRDGNYEQYF	1
CASSVNTEAFF	1
CASYSPTDEQFF	1
CASLGPSSYNEQFF	1
CASLDRGSLNEQFF	1
CASLDEETQYF	1
CASLARFVSGFTDTQYF	1
CASLSGVSYNEQFF	1
CASRGGSNQPQHF	1
CASRKSYEQYF	1
CASRSRGGGSYNEQFF	1
CASHPRGSTDTQYF	1
CASQDVGPSYEQYF	1
CASVLGGPYETQYF	1
CASVLAGGDEQFF	1
CASAQGVGDEQYF	1
CASAQNTGELFF	1
CASAAWGTAYEQYF	1
CASAEEGAGNVWYSPLHF	1
CASAPGLAGLKPYF	1
CASGLEREGPRNEQFF	1
CASGLVAQNTGELFF	1
CASGLRTGYYNEQFF	1
CASGLTKTGTQETQYF	1
CASGLAGGRNEQFF	1
CASGQAGGNQPQHF	1
CASDIAGLAGDNEQFF	1
CASELAGQETQYF	1
CASEERISNQPQHF	1
CASERGAEDNEQFF	1
CASERDIYTGELFF	1
CASEASGYNEQFF	1
CASIGQRLSYEQYF	1
CASISGSTGGNEQFF	1
CASIQYQGFEQFF	1
CASIGFQAGGITDTQYF	1
CASIGLVGNEQFF	1
CASIRASSTDTQYF	1
CASIAYPGSDEQFF	1
CASIGSSYEQYF	1
CASIRTSGSGELFF	1
CASTPPGLAGRETQYF	1
CASTHVGPTGGHGELFF	1
CASTLGVRLDEQYF	1
CASTLSNEQFF	1
CASTLGGTLIYNEQFF	1
CASTPQGTFPYYNEQFF	1
CASTPGTGELFF	1
CASTPSGTGGFGEQFF	1
CASTPWQGVYDEQFF	1
CASTPTGRRETQYF	1
CASTPDTPSYNEQFF	1
CASTRFPTSGSFFSEQYF	1
CASTREETQYF	1
CASTRTSGDLGFF	1
CASTRLAGAIEQYF	1
CASTVREGMGEQYF	1
CASTASSMGRGVLTGNTIYF	1
CASTGVGYNEQFF	1
CASTGTSGDYGYTF	1
CASTELAGTQETQYF	1
CASTMMGVQETQYF	1
CASTKGGFGHEQYF	1
CASTRGSSYEQYF	1
CASTGLQRAETQYF	1
CASTTGTYNEQFF	1
CASTTSGRYNEQFF	1
CASTKTAQRYGYTF	1
CASSFFGTSGNEQFF	1
CASSFLVPPETQYF	1
CASSFSQSSTDTQYF	1
CASSFSGTEAYEQYF	1
CASSFSGQDYEFF	1
CASSFSGVGDTQYF	1
CASSFYSGGPDTQYF	1
CASSFLNTGGSYEQYF	1
CASSFLTSGGNEQFF	1
CASSFLSYTGLDFRNEQFF	1
CASSFPGRGYEQFF	1
CASSFPGGEQYF	1
CASSFRQGSYYEQYF	1
CASSFRYGRWTSYEQYF	1
CASSFRPGLAGVRHEQYF	1
CASSFRGWGADTQYF	1
CASSFRLNSPLHF	1
CASSFQITRPINYEQYF	1
CASSFQVEQFF	1
CASSFVFFLAGEQGYQETQYF	1
CASSFARSGTNSYNEQFF	1
CASSFAAKDTQYF	1
CASSFGLSETQYF	1
CASSFGSLGEQFF	1
CASSFGVIANEQFF	1
CASSFGAAGADTQYF	1
CASSFGGTGGQEQYF	1
CASSFGGPRIDTQYF	1
CASSFDGYEQYF	1
CASSFDRGQQYF	1
CASSFSGRVTGVLFF	1
CASSFSRGSGRVPYEQYF	1
CASSFRWDDSYEQYF	1
CASSFKSGGTDTQYF	1
CASSFSPPSGANVLTF	1
CASSFSAGTTDTQYF	1
CASSFLQGLHNEQFF	1
CASSFPSLGGSKNEQFF	1
CASSFPTSTSGGVFNEQFF	1
CASSFRGQETQYF	1
CASSFGTDYNEQFF	1
CASSFDKREGYEQFF	1
CASSFTVNQETQYF	1
CASSFSGRAGSYEQYF	1
CASSFRAEAFF	1
CASSFNYEQYF	1
CASSLSFGRFSTEQETQYF	1
CASSLSYEQYF	1
CASSLYRAYEQYF	1
CASSLVRAGEAYEQYF	1
CASSLVPGRYNEQFF	1
CASSLVSSGVKTQYF	1
CASSLVAGTVYEQYF	1
CASSLGSGGGEQYF	1
CASSLGWGFPYNEQFF	1
CASSLGRDRGAFQHF	1
CASSLGERTYEQYF	1
CASSLGKVEFF	1
CASSLGLEETQYF	1
CASSLGQGFRSPLHF	1
CASSLDEGLAVMEQYF	1
CASSLEWPSTDTQYF	1
CASSLTSVNNEQFF	1
CASSLTFRDGIYEQYF	1
CASSLTGGPYEQYF	1
CASSLLLAEGIYEQYF	1
CASSLLRKGNYGYTF	1
CASSLSARGAGGELFF	1
CASSLSGNSYEQYF	1
CASSLWGEAFF	1
CASSLYGGVINEQFF	1
CASSLYEAFF	1
CASSLYLLGRPNEQFF	1
CASSLYIPTDGYEQYF	1
CASSLPRAGAHNEQFF	1
CASSLPHVNEQYF	1
CASSLPQDRGQANNEQFF	1
CASSLPTPRGWYGYTF	1
CASSLRAGAYQETQYF	1
CASSLHAARGTGELFF	1
CASSLHLRGSTDTQYF	1
CASSLQAGGSEQFF	1
CASSLVSGELFF	1
CASSLVYEQYF	1
CASSLVPQGTDTEAFF	1
CASSLVVNTEAFF	1
CASSLVSGPAEGYTF	1
CASSLALTSGRDNEQFF	1
CASSLAYTGSIIDEQFF	1
CASSLAYSEDLQETQYF	1
CASSLAQWREGEQFF	1
CASSLAGTAYDEQYF	1
CASSLAPSVTYNEQFF	1
CASSLAQTYEQYF	1
CASSLAGGMNEQFF	1
CASSLGWVYEQYF	1
CASSLGWGPGNYNEQFF	1
CASSLGSYEQYF	1
CASSLGGLTVEETQYF	1
CASSLGGANTGELFF	1
CASSLGTHSSYEQYF	1
CASSLGQISSYNSPLHF	1
CASSLDGGPYNEQFF	1
CASSLDPGRAQYF	1
CASSLDNPGLGDQETQYF	1
CASSLEFRRYDNEQFF	1
CASSLEYLAYEQYF	1
CASSLEPGTGPTNEQFF	1
CASSLEGTGGEQYF	1
CASSLETYRGSGGYTF	1
CASSLIPSGSYNEQFF	1
CASSLTIAGAYSYNEQFF	1
CASSLTSGGTDTQYF	1
CASSLTHLAGVWYEQFF	1
CASSSLVQETQYF	1
CASSSRGRGYTF	1
CASSSQGRSGANVLTF	1
CASSSNSPLHF	1
CASSSSGGDSHNEQFF	1
CASSSSTYNEQFF	1
CASSSLSGHNEQFF	1
CASSSLTGTGNGEQYF	1
CASSSLTSGANEQFF	1
CASSSRESTDTQYF	1
CASSSGLYEQYF	1
CASSSGTGYYNEQFF	1
CASSSTLTGVGQFF	1
CASSSYRVPLVPAHKNNEQFF	1
CASSSLAGGLAVGNEQFF	1
CASSSRRTEGHEQYF	1
CASSSGGAGEQYF	1
CASSSYGGGASLEQFF	1
CASSSQFREQYF	1
CASSSASGGADTQYF	1
CASSSGVTGSWGGYTF	1
CASSSGHQPQHF	1
CASSSDDRGTRWAQYF	1
CASSSTSGSPSYEQYF	1
CASSWREAYNEQFF	1
CASSWQETQYF	1
CASSWASGMAGWNEQFF	1
CASSWAGVGQPQHF	1
CASSWGTDFTGELFF	1
CASSWGQPSSYEQYF	1
CASSYSDSYEQYF	1
CASSYYRGEEQFF	1
CASSYGSLYEQYF	1
CASSYNPGLAVSYEQYF	1
CASSYNTVQETQYF	1
CASSYFRTSGRAYEQFF	1
CASSYSLTGQRYEQYF	1
CASSYSLHGDEETQYF	1
CASSYSQRANHNEQFF	1
CASSYSFLVGKEQYF	1
CASSYSPRLGYEQYF	1
CASSYSPGQHYEQYF	1
CASSYSRSAGGYDEQYF	1
CASSYSRRNTDTQYF	1
CASSYSAGTDNEQFF	1
CASSYSGQGARGNTIYF	1
CASSYSMGGSYLYEQYF	1
CASSYSIAGGYEQYF	1
CASSYSISGNVEQYF	1
CASSYSTVQETQYF	1
CASSYSSGTVATGELFF	1
CASSYSNSGGDTQYF	1
CASSYSILGYGYTF	1
CASSYPWRGPMEQYF	1
CASSYPRTSVETQYF	1
CASSYRTGTGANVLTF	1
CASSYVDPTYNEQFF	1
CASSYGGGAGKTQYF	1
CASSYGRTSGGYTF	1
CASSYGAPPPLETQYF	1
CASSYGGTEAFF	1
CASSYGLAGGSYEQYF	1
CASSYGQLSEQYF	1
CASSYGVVSDTQYF	1
CASSYEAGITYEQYF	1
CASSYIHTGSGSYEQYF	1
CASSYMGQNTGELFF	1
CASSYTSSGRNEQFF	1
CASSYTGPSGAGTDTQYF	1
CASSYRGGETQYF	1
CASSYRTGADTQYF	1
CASSLHWRLDPYEQYF	1
CASSLLAGGAAQYF	1
CASSLGSSPNEQFF	1
CASSLEDPRRNEQFF	1
CASSLTADNNEQFF	1
CASSPSTWKEGYTF	1
CASSPLGLSDEQYF	1
CASSPRDRSYEQYF	1
CASSPMSGAQNNEQFF	1
CASSPTVGEQYF	1
CASSPKQGSGGYEQYF	1
CASSPLAKNIQYF	1
CASSPYGGSGTGELFF	1
CASSPLGQINQPQHF	1
CASSPLITHSAGDTIYF	1
CASSPLRKVFRSGELFF	1
CASSPLFDRAQNLHYEQYF	1
CASSPLGTGTYEQYF	1
CASSPLALGETQYF	1
CASSPRVPVLYNEQFF	1
CASSPRNNEQFF	1
CASSPHLAGGPLREQFF	1
CASSPHRGAETQYF	1
CASSPGTLGNGELFF	1
CASSPGREGLNEQFF	1
CASSPGLAGATTDTQYF	1
CASSPGQGRWEQYF	1
CASSPDMGNEQFF	1
CASSPIGGQGDNEQFF	1
CASSPTGGRTYEQYF	1
CASSPSGTVYEQYF	1
CASSPRGPNEQYF	1
CASSPAGLTGELFF	1
CASSPGTGLSTDTQYF	1
CASSPGLGSGANVLTF	1
CASSPTSGTYEQYF	1
CASSPNGGGGEQYF	1
CASSPLAGTGGYEQYF	1
CASSPRGPAGEQYF	1
CASSPQGVQETQYF	1
CASSPVSGAGRLSYNEQFF	1
CASSPGTANQPQHF	1
CASSPTSGINNEQFF	1
CASSPTPTRQETQYF	1
CASSPSISRDRGDGYTF	1
CASSPRTGGGYEQYF	1
CASSRQWNEQFF	1
CASSRAPSGANVLTF	1
CASSRGTSGTGELFF	1
CASSRTSGINTGELFF	1
CASSRDRDSNQPQHF	1
CASSRDRDYGYTF	1
CASSRTSGSYEQYF	1
CASSRTDTDTQYF	1
CASSRSLAGGHNNEQFF	1
CASSRTRGGEQYF	1
CASSHSQETQYF	1
CASSQGSSYNEQFF	1
CASSQTSGGFYEQYF	1
CASSQTGVEGRLYNEQFF	1
CASSQLPGEGPDTQYF	1
CASSQNQGYHQPQHF	1
CASSVQETQYF	1
CASSVGAVGSLGMNEQFF	1
CASSVLKLNQPQHF	1
CASSVRGLEGEQFF	1
CASSVDRGQYF	1
CASSVGSAGWGTYNEQFF	1
CASSASSGVYEQYF	1
CASSAPGTGSTDTQYF	1
CASSAAPRGAYNEQFF	1
CASSAGGAGYEQYF	1
CASSADSYNEQFF	1
CASSGFKADTQYF	1
CASSGGPSNEKLFF	1
CASSGLGDEQYF	1
CASSGVQGGEQFF	1
CASSGAAGDDFLDEQFF	1
CASSGGGVEQYF	1
CASSGDRGTRF	1
CASSGRLAEETQYF	1
CASSGSWRPDEQYF	1
CASSGHPTGTREVNEQFF	1
CASSGQGIETQYF	1
CASSGDISYEQYF	1
CASSGDNEQFF	1
CASSDPGRIGEKLFF	1
CASSDGDTIYF	1
CASSDTVVVARDNNQPQHF	1
CASSDSSGTGGGGANVLTF	1
CASSDRLAGISYNEQFF	1
CASSDDFGPGELFF	1
CASSDDKGPQDYEQYF	1
CASSEWGTGFYNEQFF	1
CASSELGTGDGNEQFF	1
CASSETSGDYNEQFF	1
CASSETAGQETQYF	1
CASSEFIRGTDYEQYF	1
CASSELSKPGGQPQHF	1
CASSESAGGGVTDTQYF	1
CASSEYRGDGYTF	1
CASSELGSTDTQYF	1
CASSELAGVTDTQYF	1
CASSEQGDMNTEAFF	1
CASSEQGASGSGYTF	1
CASSEVWGSPLHF	1
CASSEVRAYTEAFF	1
CASSEVAGGPYTQYF	1
CASSEALDRLRDRFAFF	1
CASSEARQSYEQYF	1
CASSEAKGGASKTNF	1
CASSEGSPANTGELFF	1
CASSEGTSGSYEQYF	1
CASSEEGEADTQYF	1
CASSEILGRQETQYF	1
CASSEIAGTQETQYF	1
CASSEIAGASTDTQYF	1
CASSETVADTDTQYF	1
CASSESPGLAYEQFF	1
CASSERWRDHEQYF	1
CASSEKGKGYTGELFF	1
CASSIWESSYNEQFF	1
CASSIPGLAGGYTDTQYF	1
CASSIGTNNNEQFF	1
CASSMLGYSDTQYF	1
CASSMPSAQTSGGVTTYYNEQFF	1
CASSIMGLAGGHQETQYF	1
CASSTEGGTDTQYF	1
CASSTSGGDSEQFF	1
CASSTTLGLPSGGYTF	1
CASSTTGIDTQYF	1
CASSTYSGANVLTF	1
CASSTPGTSGVPFTDTQYF	1
CASSTTSGSRDEQFF	1
CASSSTGFLTREQYF	1
CASSRGGTTQYF	1
CASSRTAYQPQHF	1
CASSRQGYVEKLFF	1
CASSRDWGQGETQYF	1
CASSRRGEVEQFF	1
CASSFSQGTYEQYF	1
CASSFSVPGGDEQYF	1
CASSFSASTADTQYF	1
CASSFLTGTSGGALATDTQYF	1
CASSFGFGQGTPLHF	1
CASSFDDGPYGYTF	1
CASSFIGSMNTEAFF	1
CASSFIRALDSPLHF	1
CASSFTGGIFDYEQYF	1
CASSFSSYEQYF	1
CASSFNADQPQHF	1
CASSFWTGGAPARGAQYF	1
CASSFPRDYADTQYF	1
CASSFRLSGRGVMAETQYF	1
CASSFQLPIETQYF	1
CASSFVGGEETQYF	1
CASSFATAGIGRSLFYEQYF	1
CASSFGYVNEQFF	1
CASSFGETYNTGELFF	1
CASSFGLGHSSYEQYF	1
CASSFIENYGYTF	1
CASSFIQQATSSSYEQYF	1
CASSFTDGGSPLHF	1
CASSFRGVLREQYF	1
CASSFKDSSYEQYF	1
CASSLSYAVVNERFF	1
CASSLPQETQYF	1
CASSLPQGNMITDTQYF	1
CASSLPDRVSPLHF	1
CASSLREYNEQFF	1
CASSLVSYRVTDTQYF	1
CASSLVLGYPSTYNEQFF	1
CASSLAWTVPDEQYF	1
CASSLAGIYEQYF	1
CASSLGRGNSPLHF	1
CASSLGGLPPYNEQFF	1
CASSLGDRGWYEQYF	1
CASSLGTSQETQYF	1
CASSLGLAEIYEQYF	1
CASSLEGQGQETQYF	1
CASSLTLPSTDTQYF	1
CASSLTIPSGTYNEQFF	1
CASSLTESREQFF	1
CASSLRGGPYNEQFF	1
CASSLNGGGASTDEQYF	1
CASSLFGGTEQYF	1
CASSLSRTYEQYF	1
CASSLSGAGMYNEQFF	1
CASSLPGQGVNGYTF	1
CASSLPGQGFSGNTIYF	1
CASSLPTGFRTGELFF	1
CASSLRDRGYEQYF	1
CASSLVPGLTDTQYF	1
CASSLVPDPADTQYF	1
CASSLVASGRAFYSYEQYF	1
CASSLVASQETQYF	1
CASSLVDEDTQYF	1
CASSLVMRQFF	1
CASSLVGSSYNSPLHF	1
CASSLVRLGTSYEQYF	1
CASSLVPSGRARQETQYF	1
CASSLVQVLNEQFF	1
CASSLVGGASYNEQFF	1
CASSLVMGQKDEQYF	1
CASSLVSGGVSSYNEQFF	1
CASSLARASGPGELFF	1
CASSLANAGNTDTQYF	1
CASSLASGAKDTQYF	1
CASSLAWALVSYNEQFF	1
CASSLAQGFHSYEQYF	1
CASSLAYPGTSNEQFF	1
CASSLALSGVINEQFF	1
CASSLAPGVETQYF	1
CASSLARASGDNEQFF	1
CASSLAVGLPYEQYF	1
CASSLAVSYEQYF	1
CASSLAAGLTNEQYF	1
CASSLAPGFYYEQYF	1
CASSLARNEKLFF	1
CASSLGLWDREHEQYF	1
CASSLGGTGAQETQYF	1
CASSLGSGSSYNEQFF	1
CASSLGLSRDSQPF	1
CASSLGPQITYEQYF	1
CASSLGRGRYGYNEQFF	1
CASSLGQGAGSPLHF	1
CASSLGSTSGSSYEQYF	1
CASSLGWENEQFF	1
CASSLGYSSYEQYF	1
CASSLGYNEQFF	1
CASSLGLAGGPDTQYF	1
CASSLGGRSYEQYF	1
CASSLGGAGEQFF	1
CASSLGDEQFF	1
CASSLGTSGSPYEQYF	1
CASSLGTSGSSYNEQFF	1
CASSLGTGESDEQFF	1
CASSLGRGREQYF	1
CASSLGSTRDTGELFF	1
CASSLGLVDNEQFF	1
CASSLGLAGRYNEQFF	1
CASSLGLAMDEQFF	1
CASSLGVGAGGAETQYF	1
CASSLGGLAGVDEQFF	1
CASSLGSQSMNTGELFF	1
CASSLGSVGTGGYNEQFF	1
CASSLGKDTQYF	1
CASSLDLGHLSGNTIYF	1
CASSLDLQGSTDTQYF	1
CASSLDHSWGSETYNEQFF	1
CASSLDSNQPQHF	1
CASSLDSYEQYF	1
CASSLDPQQVYNEQFF	1
CASSLDPGTGELFF	1
CASSLDRKAKPSYNEQFF	1
CASSLDVGPGELFF	1
CASSLEVRGLAGDLGEQYF	1
CASSLEGRQETQYF	1
CASSLEGGSRYEQYF	1
CASSLEGLNGYTF	1
CASSLETSLHEQYF	1
CASSLERETQYF	1
CASSLERTANTGELFF	1
CASSLMFRNNYEQYF	1
CASSLTGGTGELFF	1
CASSLTGNEQFF	1
CASSLSYRRPSTDTQYF	1
CASSLRPKGISRDEQFF	1
CASSLRRGGDYEQYF	1
CASSLNLAGGSGTVETQYF	1
CASSLNELAKNIQYF	1
CASSLNRAEQYF	1
CASSLKSDSYEQYF	1
CASSLKSTSYNEQFF	1
CASSSYTDTQYF	1
CASSSLSLGNEQFF	1
CASSSLAGEPFNFQETQYF	1
CASSSLTSGDTDTQYF	1
CASSSPDRGAEAFF	1
CASSSAGTGTYEQYF	1
CASSSGEYNEQFF	1
CASSSLQQMDTQYF	1
CASSSLAGVHEQFF	1
CASSSPGDTEPYSYEQYF	1
CASSSPWGTANTGELFF	1
CASSSPKNYEQYF	1
CASSSRGLAGGLWTYEQYF	1
CASSSRTSGEQFF	1
CASSSQGAGQPQHF	1
CASSSGVSAGGYNEQFF	1
CASSSGTSFGEQYF	1
CASSSDRGPYEQYF	1
CASSSEEDSPVYTDTQYF	1
CASSSTSTGLPTEQYF	1
CASSSTGGARYNEQFF	1
CASSSTFPGLAASYSYNEQFF	1
CASSSSSGASYNEQFF	1
CASSSLQGSMNTEAFF	1
CASSSPGLLGGTDTQYF	1
CASSSAGGETYEQYF	1
CASSSGGGREQYF	1
CASSSGDRGLQETQYF	1
CASSSGGGTDTQYF	1
CASSSGQIRDF	1
CASSSDPTSGSFFGLRPQYF	1
CASSSTATPTGRKTDTQYF	1
CASSSTGPQGNIQYF	1
CASSSTDIEQFF	1
CASSSNSGEFYNEQFF	1
CASSSSGTPYEQYF	1
CASSSRLAGGYEQYF	1
CASSSAGTDTQYF	1
CASSSGLAGGSSYEQYF	1
CASSSILTSGRSVSSYEQYF	1
CASSSTLAGGGEQYF	1
CASSSKRTGPYNEQFF	1
CASSWAGAGANVLTF	1
CASSWASGLAGDDEQFF	1
CASSWGRRGYEQYF	1
CASSWGTVSYEQYF	1
CASSWGQGNQPQHF	1
CASSWDRGRDEQFF	1
CASSWTSGITFSYEQYF	1
CASSYGDRRPYEQYF	1
CASSYGTDLGLGGPSSYNEQFF	1
CASSYSRRGASIGYTF	1
CASSYSTETQYF	1
CASSYPGGLGSTGELFF	1
CASSYRGGSFYEQYF	1
CASSYRDRGNAEQYF	1
CASSYGLAGEQYF	1
CASSYTGTGTDTQYF	1
CASSYNQGVGETQYF	1
CASSLRRQETQYF	1
CASSLQGVASYEQYF	1
CASSLLRTTDTQYF	1
CASSLLSGRAIGEQFF	1
CASSLRGFPTDTQYF	1
CASSLQGGQETQYF	1
CASSLAQGAETQYF	1
CASSLGGGRETQYF	1
CASSLGTEYYEQYF	1
CASSLEGSDTQYF	1
CASSLWRDYNEQFF	1
CASSLRGRTGVSGYTF	1
CASSLGQTYEQYF	1
CASSLTSGRAVTKSGSYNEQFF	1
CASSLSGIKYNEQFF	1
CASSLWDSTDTQYF	1
CASSLPGGGSVEQYF	1
CASSLARWSSYNEQFF	1
CASSLGTYEQYF	1
CASSLDPNTGELFF	1
CASSLTPGPEQYF	1
CASSLTPDTQYF	1
CASSPFMASGLPDTQYF	1
CASSPFGGGYNEQFF	1
CASSPPWSGGLDEQFF	1
CASSPPTSGRSNEQFF	1
CASSPHHGPGETQYF	1
CASSPVVSGANVLTF	1
CASSPVVAGAGEQYF	1
CASSPGDPIVGYTF	1
CASSPGTVSTDTQYF	1
CASSPEGVGVKDTQYF	1
CASSPIKEKLFF	1
CASSPSGSRYNEQFF	1
CASSPNFEQYF	1
CASSPNPYRQGAYNEQFF	1
CASSPNNEQFF	1
CASSPLGSGAFLGGSYEQYF	1
CASSPLTDRTDTQYF	1
CASSPSGGYEQYF	1
CASSPSGEETQYF	1
CASSPLPNVQGRFQPQHF	1
CASSPLPPTSGTTQYF	1
CASSPLAGGTDTQYF	1
CASSPLGEGYNEQFF	1
CASSPPWGAPDTGELFF	1
CASSPPAGGVPGELFF	1
CASSPPGPTDTQYF	1
CASSPPGENEQFF	1
CASSPRRNGQETQYF	1
CASSPRTDQETQYF	1
CASSPHSTPRLAGGEQFF	1
CASSPQVSGANVLTF	1
CASSPQASGMFNEQFF	1
CASSPASMGNEQFF	1
CASSPGAGTQNNNEQFF	1
CASSPGSVVGYEQYF	1
CASSPGTDLSEQYF	1
CASSPGQGTYNEQFF	1
CASSPDRNKGNSPLHF	1
CASSPIGSGTPRNEQFF	1
CASSPSGQSYNEQFF	1
CASSPSRATETQYF	1
CASSPRQAGTSAGELFF	1
CASSPRGDGHYNEQFF	1
CASSPVLYEQYF	1
CASSPGQPPLNEQFF	1
CASSPGRGSSYNEQFF	1
CASSPDVTYEQYF	1
CASSPFRADTQYF	1
CASSPLAVYSYNEQFF	1
CASSPRQLVGSHEKLFF	1
CASSPRGAGATYEQYF	1
CASSPAGGPLSYEQYF	1
CASSPAAGGQETQYF	1
CASSPGASSGNTIYF	1
CASSPGGPYGYTF	1
CASSPDPSRAYEQYF	1
CASSPEDRGYEQYF	1
CASSPMTGQGDNEQFF	1
CASSPTRRGRVETQYF	1
CASSPRVRGGPETQYF	1
CASSRLSGGRFPYGYTF	1
CASSRQGGVSTDTQYF	1
CASSRYQQGSGANVLTF	1
CASSRLGGQTSTDTQYF	1
CASSRPGANTGELFF	1
CASSRATGTVYNSPLHF	1
CASSRTWTGNYNEQFF	1
CASSRKKPTQPGPPGTGVSETQYF	1
CASSRAESSPLHF	1
CASSRDPTDTQYF	1
CASSRTGGPKNIQYF	1
CASSRFRAGPQETQYF	1
CASSRLAGGDNEQFF	1
CASSRRSSGTDTQYF	1
CASSRQGLSSNQPQHF	1
CASSHPGQDNEQFF	1
CASSHRAGGPYNEQFF	1
CASSHQETQYF	1
CASSHNYVRIEQFF	1
CASSHSFGELFF	1
CASSHSSRDEAFYEQYF	1
CASSHLGTGGYNEQFF	1
CASSHPLVIVGSTGELFF	1
CASSHPGPLRDSYEQYF	1
CASSHPDRGPYNEQFF	1
CASSHRTSGVETQYF	1
CASSHGQGQETQYF	1
CASSHSGGTDTQYF	1
CASSQRGGDLEQFF	1
CASSQHRDEQYF	1
CASSQGAAGYEQYF	1
CASSQGGETQYF	1
CASSQKVGAKNIQYF	1
CASSQPSAGGLDTQYF	1
CASSQPRDSANTEAFF	1
CASSQRTSGTDTQYF	1
CASSQVSIGGNEQFF	1
CASSQVGGGRGETQYF	1
CASSQVGGASIQYF	1
CASSQVRGLTTLNTGELFF	1
CASSQVGGEINEQFF	1
CASSQVQGTGELFF	1
CASSQASLSSYNEQFF	1
CASSQAVTGTGELFF	1
CASSQAGDPREQYF	1
CASSQAIRDRGGNTIYF	1
CASSQAGRAYEQYF	1
CASSQGLGGFEQYF	1
CASSQGLGFTHYEQYF	1
CASSQGTKLGPYNEQFF	1
CASSQGVSGTYNEQFF	1
CASSQGESALSSYEQYF	1
CASSQGGYEQYF	1
CASSQDLNPRGSPLHF	1
CASSQDWTQNQPQHF	1
CASSQDLWGETQYF	1
CASSQDLAGPGGVDTQYF	1
CASSQDPLEWQETQYF	1
CASSQDPGPLGTQYF	1
CASSQDPAVTGNEQFF	1
CASSQDRGHYTDTQYF	1
CASSQDREVFYNEQFF	1
CASSQDVGDRVNEQFF	1
CASSQDGGRRHRRTDTQYF	1
CASSQDIRANTGELFF	1
CASSQDIAHPKTYEQYF	1
CASSQDRFRGGESYNEQFF	1
CASSQESLAGGGEQFF	1
CASSQEGHEQYF	1
CASSQEMAGGYEQYF	1
CASSQESDRGFSYEQYF	1
CASSQEPYEQYF	1
CASSQEGSADNEQFF	1
CASSQEIVAGVINEQFF	1
CASSQRDRGDGQYF	1
CASSVNEQFF	1
CASSVGDLYEQYF	1
CASSVGQGTGELFF	1
CASSVVGYNEQFF	1
CASSVGANRQETQYF	1
CASSVGADTQYF	1
CASSVGGGGRLEQYF	1
CASSALAGVTDTQYF	1
CASSAFLTDTQYF	1
CASSAYTRARSYNEQFF	1
CASSARITSGPNTGELFF	1
CASSGPQLLWTRPSTDTQYF	1
CASSGGGRREPTSNEQFF	1
CASSGIGDSVQYF	1
CASSGLALNSRGYEQYF	1
CASSGQGANVLTF	1
CASSGAGAGNTIYF	1
CASSDIGLSHEQYF	1
CASSDQETQYF	1
CASSDRGVQETQYF	1
CASSDRGNTDTQYF	1
CASSEFGTGAGVDGKLFF	1
CASSERRGSETQYF	1
CASSEVTRMAYEQYF	1
CASSIVTGTSGISWSYEQYF	1
CASSIATGELFF	1
CASSISGGPNNEQFF	1
CASSMVAGTGTDEQYF	1
CASSMGLANFNEQFF	1
CASSTQQGVQYNEQFF	1
CASSTLAGGPRETQYF	1
CASSTRTREEQYF	1
CASSTRDTYYNEQFF	1
CASSTSLQASGRAAGELFF	1
CASSSLRVHSGANVLTF	1
CASSSRVLAGANVLTF	1
CASSSQMTSGVTGELFF	1
CASSRGTGELFF	1
CASSNVYEQYF	1
CASSNIQGPGEQFF	1
CASSNKSWGSGRTQYF	1
CASSKSTGYEQYF	1
CASSKGPGLTGTGELFF	1
CASSKEWGMLYNEQFF	1
CASSKTGLGPDTQYF	1
CASSKNQGASNEQFF	1
CASRWGVGTDTQYF	1
CASRLPGAGEQYF	1
CASRLRDDYEQYF	1
CASRLSEKGERERETQYF	1
CASRPQLGNEQFF	1
CASRPRGAANYGYTF	1
CASRPWGPDTQYF	1
CASRPDRYNQPQHF	1
CASRPYQKETQYF	1
CASRRGLESYEQYF	1
CASRQGADTDTQYF	1
CASRVGDTQYF	1
CASRAFHEQFF	1
CASRAGGPVEQFF	1
CASRGGGHYEQYF	1
CASRGMGGIDTQYF	1
CASRGSGGETQYF	1
CASRGTDTQYF	1
CASRGSATDTQYF	1
CASRGGASGSSETQYF	1
CASRGTSGRNEQFF	1
CASRGTDQETQYF	1
CASRGRGGDDTQYF	1
CASRDWVGTQYF	1
CASRESGTSSYEQYF	1
CASRTAGSTDTQYF	1
CASRRGFTYEQYF	1
CASRRDYTDTQYF	1
CASRRLAFAEPTDEQFF	1
CASRRLGTSSYNEQFF	1
CASRRAVSSYNEQFF	1
CASRRGTSGNNEQFF	1
CASRNLLAGGPETQYF	1
CASRKTGSLYEQYF	1
CASRPSGTGSYNEQFF	1
CASRRRTYEQYF	1
CASRRGQMNTEAFF	1
CASRRGLADHYPTYNEQFF	1
CASRHRWGRDTQYF	1
CASRHRVANTEAFF	1
CASRQTGSGTDTQYF	1
CASRQSAKTNEQFF	1
CASRATSSYNEQFF	1
CASRAGYEQYF	1
CASREGLTGELFF	1
CASREQGYNEQFF	1
CASREIGQNYRHEQFF	1
CASRIDREAAYNEQFF	1
CASRTVAGPEETQYF	1
CASNLRREGPNEQFF	1
CASNPFGVGQETQYF	1
CASNGQGTDTQYF	1
CASNSGQGRGNTEAFF	1
CASNLMAGGIGGELFF	1
CASNRWSGDEQYF	1
CASNHDRDITYEQYF	1
CASNAVAGVEQFF	1
CASNRQGALYEQYF	1
CASNKGTSGSYEQYF	1
CASNKDSFGQETQYF	1
CASKRRNQPQHF	1
CASKRQGAEQFF	1
CASKNSGTEVWETQYF	1
CASKKGQGLYEQYF	1
CARSRLQETQYF	1
CAKPPGPQTYEQYF	1
CASTLGGQPNEQFF	1
CGSGSSPNEQYF	1
CATTTGRTDTQYF	1
CATRDSQETQYF	1
CATRGEAYYEQYF	1
CATIGPANEQFF	1
CASCCPGTGKRYGYTF	1
CASGTSGGADTQYF	1
CASSPAAGGPTDTQYF	1
CASSNTMGEAGELFF	1
CASYPDKETQYF	1
CASLMGPHSYEQYF	1
CASRLAVSSYNEQFF	1
CASRPGRGNEQYF	1
CASRPDGNPLTYYGYTF	1
CASRQVNSWGARSNEQFF	1
CASQAGAQETQYF	1
CASVYGTSPYNEQFF	1
CASVPGGTYNEQFF	1
CASGQDHERGEQFF	1
CASGPGQDMNTEAFF	1
CASILSPTLLSDTQYF	1
CASTSGQGGYTDTQYF	1
CASTRIAGGTDTQYF	1
CASTGFVAGETQYF	1
CASTEHFAETQYF	1
CASTEAGELFF	1
CASTGPRAQICTDEQYF	1
CASSSGTGSYEQYF	1
CASSYRQAQETQYF	1
CASSYRRANEKLFF	1
CASSPEPNRSQETQYF	1
CASSRTSGGNTDTQYF	1
CASSQSETGASGRQETQYF	1
CASSGEGGTSYEQYF	1
CASSDRGRDTDTQYF	1
CASSESLGSGANVLTF	1
CASSESGQETQYF	1
CASSEVSGGSYNEQFF	1
CASSETWDGRYGYTF	1
CASSEPWTGTIPFF	1
CASSEGGSGANVLTF	1
CASSRGARTDTQYF	1
CASSKTGTDTQYF	1
CASSFFESGTKAAEQYF	1
CASSFSNRGGAYEQYF	1
CASSFGQGSDSTDTQYF	1
CASSFGHLQETQYF	1
CASSFTRDFLYNEQFF	1
CASSFTGTGANTGELFF	1
CASSFTGGEENEQFF	1
CASSFHPTGSGMGEQFF	1
CASSFQQGIPDTQYF	1
CASSFVSENTGELFF	1
CASSFGRTGYEQYF	1
CASSFGQGNPGANVLTF	1
CASSFGTETYEQYF	1
CASSFRYQETQYF	1
CASSLLGASYEQYF	1
CASSLLGGVETQYF	1
CASSLSVITDTQYF	1
CASSLWSRGRTDTQYF	1
CASSLYEVQETQYF	1
CASSLPRRGEDIQYF	1
CASSLRDTSLTDTQYF	1
CASSLRLVRDGKTQYF	1
CASSLQGGETQYF	1
CASSLVWGPPRSEQYF	1
CASSLVGSSGRAASYNEQFF	1
CASSLVGSRPAGAQYF	1
CASSLVSGASYQETQYF	1
CASSLVPYADTQYF	1
CASSLVPQLGETQYF	1
CASSLVPGKMEQFF	1
CASSLVGGAGPYNEQFF	1
CASSLVGETQYF	1
CASSLVELSSYNSPLHF	1
CASSLVLAGQETQYF	1
CASSLVQTSAGYEQFF	1
CASSLVAVVGGHQETQYF	1
CASSLVGNQPQHF	1
CASSLVTGAGGTQYF	1
CASSLAWVSQETQYF	1
CASSLALGQGKTDTQYF	1
CASSLASGSYDNEQFF	1
CASSLALAGGQETQYF	1
CASSLALGVSDTQYF	1
CASSLALRRINTDTQYF	1
CASSLAPGGAGNEQFF	1
CASSLAQTTGTETQYF	1
CASSLAGIADNEQFF	1
CASSLADVTVFNYGYTF	1
CASSLARGGVYNEQFF	1
CASSLARGQGIYEQYF	1
CASSLARGDRTQYF	1
CASSLAPGTSYNEQFF	1
CASSLASLEDTQYF	1
CASSLGFPYEQYF	1
CASSLGPGSSYEQYF	1
CASSLGGGSYNEQFF	1
CASSLGDRVTDTQYF	1
CASSLGGANEQFF	1
CASSLGRTGQETQYF	1
CASSLGSMVQETQYF	1
CASSLGQVSSYNEQFF	1
CASSLGQTGSNEQYF	1
CASSLGVAYEQYF	1
CASSLGVSGGNEQFF	1
CASSLGASGTFTDTQYF	1
CASSLGGGKNEQYF	1
CASSLGGTQETQYF	1
CASSLGMGLQETQYF	1
CASSLGMGDEQYF	1
CASSLGNKVPTTDTQYF	1
CASSLGLPTDRVAKNIQYF	1
CASSLGPTPTYEQYF	1
CASSLGRNGGAGDEQFF	1
CASSLGQQQETQYF	1
CASSLGVNQPQHF	1
CASSLGTADTQYF	1
CASSLGSGGTDTQYF	1
CASSLDLADNQETQYF	1
CASSLDSNTDTQYF	1
CASSLDPGLKEQYF	1
CASSLDRQGLRNEQYF	1
CASSLDDLGQETQYF	1
CASSLEFRTGFYEQYF	1
CASSLEPSGGLYEQYF	1
CASSLERGYTDEQYF	1
CASSLEVAGIGNEQFF	1
CASSLEATKSTDTQYF	1
CASSLEGVTVYGYTF	1
CASSLEGQGAYEQYF	1
CASSLEGDSYNEQFF	1
CASSLEEGTDTQYF	1
CASSLEVWGRETQYF	1
CASSLEDTQYF	1
CASSLMRETQYF	1
CASSLIADTQYF	1
CASSLIDRDRDYEQYF	1
CASSLTTGWDGYTF	1
CASSLSAGYEQYF	1
CASSLSGGVHEQFF	1
CASSLRERTVNEKLFF	1
CASSLRRLEQFF	1
CASSLKEAGHNEQFF	1
CASSLKGEQYF	1
CASSLKTANLDNEQFF	1
CASSLLRGANEQFF	1
CASSLLGETQYF	1
CASSLPQETQYF	1
CASSLPGGANTGELFF	1
CASSLRTGGNEQFF	1
CASSLQFNEQFF	1
CASSLQGPPLSTDTQYF	1
CASSLATGPSTYEQFF	1
CASSLGQGRETQYF	1
CASSLSHHQNTGELFF	1
CASSSGLAGADTQYF	1
CASSSRLHPGQAFYEQYF	1
CASSSRDPQETQYF	1
CASSSVSGPETQYF	1
CASSSGMNYGYTF	1
CASSSGTSGTTQYF	1
CASSSGTSYEQYF	1
CASSSITLSSGSRETQYF	1
CASSSTTGDYNEQFF	1
CASSSFRDRGIQETQYF	1
CASSSLPFFGRESNEQFF	1
CASSSQPQGRSYNEQFF	1
CASSSGQDYTDTQYF	1
CASSSHSTDTQYF	1
CASSSTVDRSIPHNEQFF	1
CASSWGRGYEQYF	1
CASSWDRASNQPQHF	1
CASSWTQETQYF	1
CASSWTDPWDEQYF	1
CASSWNVEETQYF	1
CASSLPRTGASYNEQFF	1
CASSLPGIHASNEQFF	1
CASSLRGTGDEQFF	1
CASSLGGLAGDEQYF	1
CASSLILHALSYNEQFF	1
CASSLPLGTQYF	1
CASSLGQGTYTDTQYF	1
CASSLDGRQETQYF	1
CASSLRGVYNEQFF	1
CASSLLQGVTTEAFF	1
CASSLRPSGSYEQYF	1
CASSLRQIKYF	1
CASSPSTGTQETQYF	1
CASSPGLQEGEQYF	1
CASSPSGGGSLEQYF	1
CASSPLLGGNSYEQYF	1
CASSPRGGLAGNNEQFF	1
CASSPQYGGGDEQFF	1
CASSPGLAGPYNEQFF	1
CASSPRFPLGTDTQYF	1
CASSPRLGSSGETQYF	1
CASSPRGAGTEAFF	1
CASSPGSGPETQYF	1
CASSPGQGDEKLFF	1
CASSPSTAPVEAFF	1
CASSPGRRGSVSYEQYF	1
CASSPTLETQYF	1
CASSPRTSGSFYNEQFF	1
CASSPKTGTGHNEQYF	1
CASSRSGGAAETQYF	1
CASSRPQNTEAFF	1
CASSRPPGQGTSYEQYF	1
CASSRGTGEAKNIQYF	1
CASSRDHNEQFF	1
CASSRWDRGRVVDQYF	1
CASSRQLGFLSYEQYF	1
CASSRDSSYEQYF	1
CASSRDRVADTQYF	1
CASSRTGLGGGNEQFF	1
CASSRTRGNTEAFF	1
CASSRTGDGETQYF	1
CASSRYSGRATSSYNEQFF	1
CASSRQVYSGTSGRLGHNEQFF	1
CASSHPTPLAKNIQYF	1
CASSHRYNEQFF	1
CASSHRDRTYEQYF	1
CASSQGQTLTGELFF	1
CASSQPQETQYF	1
CASSQPGGPDTQYF	1
CASSQVRDNEQFF	1
CASSQVSRGRYEQYF	1
CASSQVSGRLSGQYF	1
CASSQVNMFRGLPEAFF	1
CASSQGGYWGPQETQYF	1
CASSQDLTDDGYTF	1
CASSQDFLAGGYNEQFF	1
CASSQDTGVRLAGTEQFF	1
CASSQEGAGGISNQPQHF	1
CASSQEGGPITDTQYF	1
CASSVSRETQYF	1
CASSVQETQYF	1
CASSVVPGVDQPQHF	1
CASSVGLADNEQFF	1
CASSVQGAGEKYF	1
CASSAGTPGNEQFF	1
CASSAPGTEETQYF	1
CASSARQGNEKPDRPAYGYTF	1
CASSATGGFGRETQYF	1
CASSGIGVGNYGYTF	1
CASSGGWSGSYEQYF	1
CASSGDRGETQYF	1
CASSGGGPLAKNIQYF	1
CASSDEWGRSNTQYF	1
CASSDKTGFSGGATDTQYF	1
CASSELTSNYGYTF	1
CASSIRQGQETQYF	1
CASSIRTGQGYQPQHF	1
CASSTLDLRMTETQYF	1
CASSTQGYQETQYF	1
CASSTRQGLSYEQYF	1
CASSTNTDTQYF	1
CASSKPLRGSEQFF	1
CASSKYRSQETQYF	1
CASRSGGYEQYF	1
CASRPSSGWDEQFF	1
CASRDGQMAGELFF	1
CASRISLAVEETQYF	1
CASRLGTGADTQYF	1
CASRPGNTGELFF	1
CASRQGQETQYF	1
CASRRGLAGGTQETQYF	1
CASRRTGGSETQYF	1
CASNHGWQAFMNTEAFF	1
CASNGGGHQETQYF	1
CASNFMPGTGRDATGELFF	1
CASNYGAQETQYF	1
CASNLDVQETQYF	1
CASKLAGGEYEQYF	1
CSVTTGGRETQYF	1
CSVRSGRADSEQFF	1
CSVRAHSSQLAGYNEQFF	1
CSVSRAAEQYF	1
CSASTDRAGGPQETQYF	1
CSALEPSGEHNEQFF	1
CSAPGTSGTSSYNEQFF	1
CSAPGTGSYEQYF	1
CSAPSGGSPSYNEQFF	1
CSAPRGDSYNEQFF	1
CSAHTTGLGQPQHF	1
CSAAGHRLAELTDTQYF	1
CSAGGTSRPETQYF	1
CSAEYRAAVDFEQYF	1
CSAIDRYYEQYF	1
CSAMYNEQFF	1
CSATSGGNTEAFF	1
CSATGRATDTQYF	1
CSATKASGNSYEQYF	1
CSASLSLLGVLETQYF	1
CSASPAAGVGETQYF	1
CSASRGQGLDDRFF	1
CSASSRDNEQFF	1
CSASPGLRHHEQFF	1
CSASPGQGALNEQFF	1
CSASRLGQSRANYGYTF	1
CSASRQEGHRNEQFF	1
CSASRSASTDTQYF	1
CSARATETQYF	1
CSARASVGGGSYNEQFF	1
CSARGLGGLNYNEQFF	1
CSARGDRAPETQYF	1
CSARSQMTGGDSYEQYF	1
CSARKEENTGELFF	1
CSARSGTSGIGGTGELFF	1
CSARPGTSGRSAYNEQFF	1
CSARRPGVDTGELFF	1
CSARRARVGTTQYF	1
CSARQTDYNSPLHF	1
CSARVGQGGSPLHF	1
CSARVERSSYNEQFF	1
CSARVFEDTQYF	1
CSARVVGEQYF	1
CSARAPDGMGLYGYTF	1
CSARASQGWSGEQYF	1
CSARGDQDYEQYF	1
CSARGVGGRGASEQYF	1
CSARDLKSPYEQYF	1
CSARDPRTSGISYEQYF	1
CSARDPGQKYEQYF	1
CSARDRGLYYNEQFF	1
CSARDRRLAGVFSYNEQFF	1
CSARDVGAWSYNSPLHF	1
CSARDVGGQGREARTYGYTF	1
CSARDGRDRAYEQYF	1
CSARDGGGEEQYF	1
CSARDGGAGAFF	1
CSARDIPASYQETQYF	1
CSARDKDFLLSKNEQFF	1
CSARDPFTGGVSGEQFF	1
CSARDRTGAGNEQFF	1
CSARILAGGKNEQFF	1
CSARTYLPPEQYF	1
CSARTLAGRAVYNEQFF	1
CSARTGGVSGNTIYF	1
CSARKGAFYEQYF	1
CSAKKEVFSTDTQYF	1
CSAFTRGGAYEQYF	1
CSASTQNTPNYGYTF	1
CSALTQSSGNTIYF	1
CSALGGGPGTGELFF	1
CSAPTSGYNEQFF	1
CSAAPFVVGTSTDTQYF	1
CSAANPGTSGGFQETQYF	1
CSAIPLGAGGTGELFF	1
CSAIAGDTEQFF	1
CSAPGQQETQYF	1
CSATRRLATNEKLFF	1
CSAWTLADRDNEQFF	1
CSAGQTGRKNIQYF	1
CSAIGILAGGRTDTQYF	1
CSAKPGLTYEQYF	1
CSGAGGTYEQYF	1
CSTSGGFFATYEQYF	1
CSVPLAGSYNEQFF	1
CSVVGRESAGELFF	1
CSVVNNEQFF	1
CSVAGFGGGRETQYF	1
CSVGTSVNQPQHF	1
CSVGVVGQETQYF	1
CSVGNLAGQFGELFF	1
CSVDGVSGAGREQYF	1
CSVEFTSGVQETQYF	1
CSVESPTGTGDKNIQYF	1
CSVETGAPYEQYF	1
CSVERAPNTEAFF	1
CSVEWAYEQYF	1
CSVEPSGGINEQFF	1
CSVEQFAPYEQYF	1
CSVEVWGGGDGQFF	1
CSVEVGATSYEQYF	1
CSVEGVRSSSEQYF	1
CSVEDLRIKQYF	1
CSVEDLIIAGGYNEQFF	1
CSVANTGELFF	1
CSVLGGITTEAFF	1
CSANRGGKETQYF	1
CSAFVPGLARETQYF	1
CSAPDGSTTDTQYF	1
CSAQGDWGYEQYF	1
CSASLAGSTDTQYF	1
CSGQGGMGETQYF	1
CSGLYTGELFF	1
CSEIGGQEGGDTQYF	1
CSTGTPSSQETQYF	1
RASSLRKKHNEQFF	1
RASSRDRDSSYEQYF	1
RASSQRGLAYNEQFF	1
RASSVRPGNNYEQYF	1
CASSLAGRGGHNEQFF	2
CASSQEVGSYEQYF	2
CASSLDSGKETQYF	2
CASSSSTLAGYQETQYF	2
CASSQDGGSGANVLTF	2
SASSRTTGDGYTF	1
CPSSIGSSETQYF	1
CASSLWGGDTQYF	1
CASSTGLAGVSNEQFF	1
CASRQEWRNTEAFF	1
CAWGTGGAYGYTF	1
CAWEDRVDEQFF	1
CAWIKQGIQEKLFF	1
CAWMGGGLGTDTQYF	1
CAWTGGGSSGNTIYF	1
CAWSPGYKTPQETQYF	1
CAWSRGIEQFF	1
CAWSVSHLSSYEQYF	1
CAWSVFTKETQYF	1
CAWSVDRGADTQYF	1
CAWSVEPRDYGYTF	1
CAWSVHSGGKNIQYF	1
CAWSVQGRAFF	1
CAWSVVGEQYF	1
CAWSVGGAGAPYEQYF	1
CAWSVNSGGTEAFF	1
CAWSADREGLAFF	1
CAWSDPGRGVGETQYF	1
CAWSTGNSNQPQHF	1
CAWSKDRGETQYF	1
CAWSRGDSLETQYF	1
CAWSDPWGTYNEQFF	1
CAWRDGISGNTIYF	1
CAWRKGANTEAFF	1
CAWNSGSGYTF	1
CAAGGQTNEQFF	1
CAGGGGGSQETQYF	1
CAGGEGASTDTQYF	1
CADSELTGNEQYF	1
CAISTGSGANVLTF	1
CAIPGQGAYEQYF	1
CAIPGTSGKRYTGELFF	1
CAIQVGGRNTGELFF	1
CAIQGSGYNEQFF	1
CAIQGSGSLEQYF	1
CAITRQSSYNEQFF	1
CAISWTSAENEQFF	1
CAISVGTGYNEQFF	1
CAISAGGSKTGELFF	1
CAISAETGPRTDTQYF	1
CAISAGQNNEQFF	1
CAISGPPGNEQFF	1
CAISDWDYRKNIQYF	1
CAISETGLQETQYF	1
CAISTTGLSTDTQYF	1
CAISLPSSYEQYF	1
CAIRDLDGTSGSYEQYF	1
CAMTSRATGGLTDTQYF	1
CATSLGSYNEQFF	1
CATSGANEKLFF	1
CATLPGGSYNEQFF	1
CATAPTARGEQYF	1
CATGWRGGRHDEQFF	1
CATIRDSRSGANVLTF	1
CATTRGGLAEQETQYF	1
CATSGPTGDAYEQYF	1
CATSGFNEQFF	1
CATSDLRHSDFTDTQYF	1
CATSDLTGADTQYF	1
CATSDSSGRGGYNEQFF	1
CATSDSRTGGSEQFF	1
CATSDSGLASGANVLTF	1
CATSDRHRGGELFF	1
CATSDLPGQGYNEQFF	1
CATSDSGQDGANVLTF	1
CATSDRRYYNEQFF	1
CATSDEDRIGGYTF	1
CATSDRSSTDTQYF	1
CATSSRTYQETQYF	1
CATSADGIQETQYF	1
CATSRVGGQGPANYGYTF	1
CATSRDFRWQFGQNTEAFF	1
CATSRDLPPRWRQGEEQYF	1
CATSRDLGPDTQYF	1
CATSRDSLELDTQYF	1
CATRLPGNTIYF	1
CATNTPGQGNSPLHF	1
CATKSPRLLDTQYF	1
CATKGQPTGELFF	1
CASSRRGGGQETSPLHF	1
CASLQRPAGLQETQYF	1
CASRLGVGRAQETQYF	1
CASQSRISSYNEQFF	1
CASVSGTGELFF	1
CASGLGQGADTQYF	1
CASGRGTYNEQFF	1
CASGLAGGKEQYF	1
CASISGTSSGEQFF	1
CASSFGPNYGYTF	1
CASSSLDRASDTQYF	1
CASSLLAGGFNEQFF	1
CASSPDRYVAEAFF	1
CASSHRMGGLSNQPQHF	1
CASSVPGTSLQETQYF	1
CASSGTGGSTEQYF	1
CASSGRQGIADTQYF	1
CASSEQLNTGELFF	1
CASSIYEANEQFF	1
CASSIRKGEGQETQYF	1
CASSIRHPNTEAFF	1
CASSISPGGYTF	1
CASSIADRGDTQYF	1
CASSISPTGVGEQYF	1
CASSILQYSNQPQHF	1
CASSIVPGGLAGAFTGELFF	1
CASSIGEFTEAFF	1
CASSTGINTGELFF	1
CASSPSPGPETQYF	1
CASSRLAGAGSYNEQFF	1
CASSGVSYNEQFF	1
CASRTVRGNPFF	1
CASKPPGQRETQYF	1
CASSPQGTGANVLTF	1
CASSGGDLSEQYF	1
CASSLLGEVNTEAFF	1
CASSLPVGGGYSYNEQFF	1
CASSPVDFYEQYF	1
CASSPPSESQPQHF	1
CASSPPAAGTNEKLFF	1
CASSPPSTDTQYF	1
CASSPPNAGDTQYF	1
CASSPGVSRDEQYF	1
CASSPGTDTQYF	1
CASSPGDKDGTGELFF	1
CASSPETYEQYF	1
CASSPIPEETQYF	1
CASSPNGQGAESPLHF	1
CASSHDREAKETQYF	1
CASSGQRSTDTQYF	1
CASSEGYNEQFF	1
CASWPPSTDTQYF	1
CASYRRFSGGSSNEQFF	1
CASLRAPGEQYF	1
CASLGRSNEQFF	1
CASRAGLAAETQYF	1
CASRGGFSSNEQFF	1
CASRLVRGDTQYF	1
CASRGGGPTDTQYF	1
CASRGLSGANVLTF	1
CASRTGGRSYGYTF	1
CASQRTGGGNTIYF	1
CASQDRDRGYGYTF	1
CASVRRGPLYEQYF	1
CASAGRDSLSYEQYF	1
CASAFSGSGYNEQFF	1
CASAALASGNYNEQFF	1
CASASRPSETQYF	1
CASAVGDTQYF	1
CASGDRNYGYTF	1
CASGTGQAMTGYTF	1
CASGLLATYNEQFF	1
CASGQDRGLGQPQHF	1
CASGIRWGETQYF	1
CASDGRNEQFF	1
CASEGQGETQYF	1
CASIRLAGEQFF	1
CASIGLAGGLQYF	1
CASIGSGREGTQYF	1
CASIKRMTGVKHVNHEQFF	1
CASMFGTGGSYEQYF	1
CASMRAVTSDTQYF	1
CASTFGGDTQYF	1
CASTSATGQPFQETQYF	1
CASTRGVAGGRQYF	1
CASTGSVISGKSDTQYF	1
CASTGQGAEGANVLTF	1
CASTLGSKQFF	1
CASTLDWGRDEQFF	1
CASTYLGTSGNNEQFF	1
CASTLRPGGNTGELFF	1
CASTLRRSSGGRETQYF	1
CASTLGLGRETQYF	1
CASTLGPGQGYNEQFF	1
CASTPWGTGGPWGNYEQYF	1
CASTPGQGGGYEQYF	1
CASTPGEQFF	1
CASTPGPSSYEQYF	1
CASTPRLAGYNEQFF	1
CASTRTGTGRSTGELFF	1
CASTVAEPIYEQYF	1
CASTGAAGFNQPQHF	1
CASTGTSGRRTQYF	1
CASTIGTSEQFF	1
CASTRRGGPYEQYF	1
CASTNLYSGVAETQYF	1
CASTPQSNSPLHF	1
CASTGPGDQFF	1
CASTRETLGSYEQYF	1
CASTTWGEGVDSPLHF	1
CASSFFYPYGYTF	1
CASSFSSGRVSYEQYF	1
CASSFSGTYGYTF	1
CASSFSNTGELFF	1
CASSFWDATGSSYNSPLHF	1
CASSFWTSGYNEQFF	1
CASSFPPLLAANTGELFF	1
CASSFRRSGRAGEQFF	1
CASSFRGWQFF	1
CASSFQGALYSPLHF	1
CASSFQMETQYF	1
CASSFGGNEQFF	1
CASSFGGSSWTQYF	1
CASSFGGQLNSPLHF	1
CASSFSRGQFF	1
CASSFKGGRGDQPQHF	1
CASSFFPPLGTSEAYEQYF	1
CASSFSLAGGRETQYF	1
CASSFSPFSGSSYNEQFF	1
CASSFSLGRVIYEQYF	1
CASSFLLGETQYF	1
CASSFPRTGVYEQYF	1
CASSFRLAGGPTDTQYF	1
CASSFRGFEQYF	1
CASSFQLGSYEQYF	1
CASSFQGTDTQYF	1
CASSFQSGRAYEQYF	1
CASSFARQMYEQYF	1
CASSFGRSRGSNYGYTF	1
CASSFGAVLGAKNIQYF	1
CASSFGEPYGYTF	1
CASSFGTSGPDTQYF	1
CASSFGLGDSYEQYF	1
CASSFNGWAYEQYF	1
CASSLLAGGQETQYF	1
CASSLRGQAYQETQYF	1
CASSLAIGYEQYF	1
CASSLGSNQPQHF	1
CASSLGYEQYF	1
CASSLGSGVSSYEQYF	1
CASSLGLGGPDHEQYF	1
CASSLGGNEQFF	1
CASSLGVLINEQFF	1
CASSLMLGHPPYNEQFF	1
CASSLTRDRETQYF	1
CASSLSLNEQYF	1
CASSLSGGPSYEQYF	1
CASSLNHLRGPLTTQYF	1
CASSLLDRRNEQFF	1
CASSLSAGGGQTQYF	1
CASSLSRWAETQYF	1
CASSLSLDRAYEQYF	1
CASSLSSALPYEQYF	1
CASSLSGRGLYEQYF	1
CASSLSENSYEQYF	1
CASSLSSRDSRNEQFF	1
CASSLYGTGTSIQETQYF	1
CASSLYTSGADNEQFF	1
CASSLLSVGGYEQYF	1
CASSLLAAYNEQFF	1
CASSLPNHPTQYF	1
CASSLPGGLQDEQFF	1
CASSLPGGPYNEQFF	1
CASSLREREGTYNEQFF	1
CASSLRIFYNEQFF	1
CASSLQGYEQYF	1
CASSLVPTGTQETQYF	1
CASSLVRASYEQYF	1
CASSLASGNTGELFF	1
CASSLARGPDRAEETQYF	1
CASSLAQGDQETQYF	1
CASSLAGRDEQFF	1
CASSLAPAGSSYNEQFF	1
CASSLARGATSTDTQYF	1
CASSLAVTYEQYF	1
CASSLAVAGVNRETQYF	1
CASSLAGGSYEQYF	1
CASSLGPTRGSRSTEAFF	1
CASSLGRTGRETQYF	1
CASSLGGGAGETQYF	1
CASSLGSPGVSDEQFF	1
CASSLGYSYEQYF	1
CASSLGLASDTQYF	1
CASSLGGSPDTQYF	1
CASSLGTTGTSGLDEQFF	1
CASSLDRGSSISYNEQFF	1
CASSLDGRPHNEQFF	1
CASSLEAEQFF	1
CASSLEASVRAKNIQYF	1
CASSLIGTGSEQYF	1
CASSLITGGNYGYTF	1
CASSLMSGGPQRSDTQYF	1
CASSLRASANIYEQYF	1
CASSLRLGGQRQETQYF	1
CASSLRKATGRGYTF	1
CASSLNGIHATDTQYF	1
CASSLNGRGEQYF	1
CASSLKPGQSTGELFF	1
CASSSLAGGHNEQFF	1
CASSSGDRRTDTQYF	1
CASSSTSSYEQYF	1
CASSSSWVETQYF	1
CASSSSDRGGRDEQFF	1
CASSSSGGDEQFF	1
CASSSPTAGLPYNEQFF	1
CASSSRAGGPYNEQFF	1
CASSSQTGAGELFF	1
CASSSQSRFSLGEQFF	1
CASSSGRGRNSLIPNIQYF	1
CASSSGRRETQYF	1
CASSSTSGSFYEQYF	1
CASSSNRDEQYF	1
CASSSGSTDTQYF	1
CASSSDREVAGANVLTF	1
CASSSSSSTDTQYF	1
CASSSPGQGPYEQYF	1
CASSSAGGPTDTQYF	1
CASSSDSYYEQYF	1
CASSSKETQYF	1
CASSWRLAETNSYNEQFF	1
CASSWGRTGGEETQYF	1
CASSWDGGAYGYTF	1
CASSWTVAYEQYF	1
CASSYLKPTGELFF	1
CASSYSYDYTGAGDTEAFF	1
CASSYQAAYEQYF	1
CASSYQSFGGSSYEQYF	1
CASSYGSGSGREETQYF	1
CASSYGGNGELFF	1
CASSYDRVSYEQYF	1
CASSYRARNSPLHF	1
CASSYSRHGADNEQFF	1
CASSYSPPDGEGANEQFF	1
CASSYSEGVGELFF	1
CASSYSIQQGQNSPLHF	1
CASSYSLGPGTTNTGELFF	1
CASSYSSVWGTGELFF	1
CASSYSYRINEQFF	1
CASSYSGSGNYGYTF	1
CASSYSDLGRGETQYF	1
CASSYSIGRRSYEQYF	1
CASSYSTYGSGNTIYF	1
CASSYSSKETQYF	1
CASSYSNLGNQPQHF	1
CASSYSRALSYNEQFF	1
CASSYSGPRTDTQYF	1
CASSYGTGRLDTQYF	1
CASSYGLAGGDYEQYF	1
CASSYGGPSYEQYF	1
CASSYTGSPNQPQHF	1
CASSYTPGQGARGNQPQHF	1
CASSYSQGRPTRTQYF	1
CASSLLVWPGQGEVQYF	1
CASSLTSGLGRFEQYF	1
CASSLPGGGGGYTF	1
CASSLPSGGTGGNEQFF	1
CASSLSYPGGGYNEQFF	1
CASSLSLDRGRDEQFF	1
CASSPYSRLLGGGKYF	1
CASSPIAGTYEQYF	1
CASSPRETQYF	1
CASSPKREGSDTQYF	1
CASSPFGGQEEQYF	1
CASSPLGFQEQFF	1
CASSPPLNTGELFF	1
CASSPPGRNYNEQFF	1
CASSPPTAGLIGELFF	1
CASSPREGLAGYNEQFF	1
CASSPRTGSTNEQFF	1
CASSPGGSVWETQYF	1
CASSPGFGTFNYGYTF	1
CASSPGGGRSKNIQYF	1
CASSPGTSGGAIGTQYF	1
CASSPGQGWDNEQFF	1
CASSPTDRSNTGELFF	1
CASSPTGAKNIQYF	1
CASSPTGQGRGEQYF	1
CASSPWRGSKRTGELFF	1
CASSPRGGGTDTQYF	1
CASSPGQTIYEQYF	1
CASSPDKNIQYF	1
CASSPKSGRQYNEQFF	1
CASSPPTRTSGGYEQYF	1
CASSPPNLVGETQYF	1
CASSPGGAPYGYTF	1
CASSPGQGIYEQYF	1
CASSPTRLSYEQYF	1
CASSPNYNEQFF	1
CASSRRGGSYNEQFF	1
CASSRPAGNTQYF	1
CASSRLAGGRGEQFF	1
CASSRHPLGEWGTEAFF	1
CASSRTSPDEQYF	1
CASSRWDRAKNEQFF	1
CASSRRGQATYNEQFF	1
CASSRRRSTYYEQYF	1
CASSRAGAPAGETQYF	1
CASSREVGVSYNEQFF	1
CASSRKRGYSNQPQHF	1
CASSHGQYSYEQYF	1
CASSHTSSGIYYEQYF	1
CASSHLDRGVKEQFF	1
CASSHHLLLRRSYNEQFF	1
CASSQRGDTDTQYF	1
CASSQATYNEQFF	1
CASSQGARYNEQFF	1
CASSQTGFAKNIQYF	1
CASSQTRTSKGEQFF	1
CASSVPGPRENGYTF	1
CASSVSEDGRQYF	1
CASSAQREGRYEQYF	1
CASSAHRATGELFF	1
CASSAAYEQYF	1
CASSARELSYEQYF	1
CASSAGYYEQYF	1
CASSGNSYSNQPQHF	1
CASSGWTSGETQYF	1
CASSGRVTDQPQHF	1
CASSGPAGSSYEQYF	1
CASSGDSESSGANVLTF	1
CASSGTSGRAGALETQYF	1
CASSGQIYNEQFF	1
CASSDGLAGASSYNEQFF	1
CASSDNRDSEAFF	1
CASSDNRGLSAGELFF	1
CASSDYREGADTQYF	1
CASSESGGKTYEQYF	1
CASSEYSSGSMNEQFF	1
CASSEGQTYEQYF	1
CASSEDFRATDTQYF	1
CASSETGYLDEQYF	1
CASSELVGQGGETQYF	1
CASSELGDGETQYF	1
CASSESPQGGYEQYF	1
CASSESRGFQETQYF	1
CASSESTGSGNEKLFF	1
CASSELTGAGELFF	1
CASSEASEPQHF	1
CASSEAAYRANQPQHF	1
CASSEGTGGFEQFF	1
CASSETWGLAGGPRTQYF	1
CASSESKNEQFF	1
CASSERSAWGSEQYF	1
CASSIRGSGNTIYF	1
CASSMSWAQETQYF	1
CASSTYRGPAYEQYF	1
CASSTEMVTRKETQYF	1
CASSTGRTLGEQFF	1
CASSTGLAGTQETQYF	1
CASSTMRGEQYF	1
CASSTGLHYNEQFF	1
CASSTGGDEQFF	1
CASSSFLATGWRNTGELFF	1
CASSRAGTNYGYTF	1
CASSRRDSSYNSPLHF	1
CASSKVYEQYF	1
CASSFWGSGTRSHEQYF	1
CASSFYSAQETQYF	1
CASSFALAGASGEQFF	1
CASSFGGGAARTQYF	1
CASSFGRDTLEQYF	1
CASSFDGNSNQPQHF	1
CASSFSAAGADGYTF	1
CASSFSGSLLDTQYF	1
CASSFRARGLAGGLSTDTQYF	1
CASSFSPRANTEAFF	1
CASSFLPASTADTQYF	1
CASSFLTETYYGYTF	1
CASSFLGAQETQYF	1
CASSFPTSEREGHSSYNEQFF	1
CASSFPGRDYEQYF	1
CASSFQGGGGFAETQYF	1
CASSFALSSYNEQFF	1
CASSFGYSEQFF	1
CASSFGGHTGELFF	1
CASSFGTANEKLFF	1
CASSFGGPSSYNEQFF	1
CASSFDVGVPLNYGYTF	1
CASSFDGGGGTRSYNEQFF	1
CASSFDRGVSSYEQYF	1
CASSFRQGNGYTF	1
CASSFKAGGTDTQYF	1
CASSLPMGNTDTQYF	1
CASSLRGALAKNIQYF	1
CASSLVQVTYEQYF	1
CASSLVVNRGETQYF	1
CASSLAVVRGATKGQYF	1
CASSLALAETQYF	1
CASSLGVTLTGELFF	1
CASSLGAGDKRYEQYF	1
CASSLGTGPGYTF	1
CASSLGRRGSHEQFF	1
CASSLDRPGAKNIQYF	1
CASSLDGQGSRYEQYF	1
CASSLDRYLFYGYTF	1
CASSLDRSSYNEQFF	1
CASSLMPLALGETQYF	1
CASSLNSGRRSQETQYF	1
CASSLSVGVETQYF	1
CASSLSASGSLAINEQFF	1
CASSLSGLYYTF	1
CASSLWSGTGQTEQFF	1
CASSLYRFGLAPYEQYF	1
CASSLPGTHYNEQFF	1
CASSLPTSGRLNEQFF	1
CASSLPQDPYEQYF	1
CASSLPGGGEKTQYF	1
CASSLRGGRSTDTQYF	1
CASSLRGTSGSNEQFF	1
CASSLRDLRSYNEQFF	1
CASSLRQDRSNYGYTF	1
CASSLHGQYSAGYTIYF	1
CASSLQLTSVGYTF	1
CASSLVLVLPSEQYF	1
CASSLVRSRDWPNPYEQYF	1
CASSLVGHYNEQFF	1
CASSLVAYGYTF	1
CASSLVGTEKNYGYTF	1
CASSLVIWLDKTDTQYF	1
CASSLVIKGGWETQYF	1
CASSLVSFAEQFF	1
CASSLVAGLAGGDTQYF	1
CASSLVGGSYNEQFF	1
CASSLVERDPLYNEQFF	1
CASSLVRRVSSYNEQFF	1
CASSLVVVAFGTYNEQFF	1
CASSLVALARSSYNEQFF	1
CASSLVGADTQYF	1
CASSLAPSEYNEQFF	1
CASSLAPSGKSTGELFF	1
CASSLAPRQGVTKNIQYF	1
CASSLAGTGHTGELFF	1
CASSLARAKETQYF	1
CASSLARTLWGGRIEQFF	1
CASSLAFGPPTYNEQFF	1
CASSLAGGGQETQYF	1
CASSLAGTGTDTQYF	1
CASSLAGGPRNEQFF	1
CASSLASRQENTGELFF	1
CASSLGFYGSEQFF	1
CASSLGVARSTDTQYF	1
CASSLGGQPQHF	1
CASSLGGLATEDYGYTF	1
CASSLGDGGRNIQYF	1
CASSLGLATEAFQETQYF	1
CASSLGAAGGDTQYF	1
CASSLGGSYTGELFF	1
CASSLGTGGGYEQYF	1
CASSLGLAGGEQFF	1
CASSLGPGQGQFF	1
CASSLGQGRDYEQYF	1
CASSLGQPTDTQYF	1
CASSLDSSPREQFF	1
CASSLDPTSGDTQYF	1
CASSLDHSSSEQYF	1
CASSLDDRDTGELFF	1
CASSLDRAYNEQFF	1
CASSLEVRNTGELFF	1
CASSLEGRGSGRPQSSYNEQFF	1
CASSLEGLAREQYF	1
CASSLENTDTQYF	1
CASSLELASGHQFF	1
CASSLIGVAGTQRIPYEQYF	1
CASSLTSGTEVYEQYF	1
CASSLTSGGTDTQYF	1
CASSLSPGEGNEQFF	1
CASSLSGNQPQHF	1
CASSLRLLDEQFF	1
CASSLRDFQETQYF	1
CASSLRERYIQYF	1
CASSLNSGTGGSYEQYF	1
CASSLKLAGQDEQYF	1
CASSSLPGQGADTQYF	1
CASSSRGGATDTQYF	1
CASSSRDIYNEQFF	1
CASSSVGGSSYNSPLHF	1
CASSSERGGNEQFF	1
CASSSSLLAGGNIQYF	1
CASSSWDSQETQYF	1
CASSSLDGGRETQYF	1
CASSSLTSGSTSDTQYF	1
CASSSRSNQPQHF	1
CASSSRGIMNTEAFF	1
CASSSRDRPNYGYTF	1
CASSSRLAGDYEQYF	1
CASSSGEEGDTQYF	1
CASSSGTGDGEQYF	1
CASSSGMQGLGFGETQYF	1
CASSSRGLNTEAFF	1
CASSSNLDYLTETQYF	1
CASSSVSYEQYF	1
CASSSGPGDEQYF	1
CASSSGVRDKGRGTQYF	1
CASSSGTGFAEQYF	1
CASSSGLTARETQYF	1
CASSSGLAGGGEQFF	1
CASSSIGETQYF	1
CASSSTNRGQIQETQYF	1
CASSSRDRASYEQYF	1
CASSSRLAGGPPDTQYF	1
CASSSQRGAGNEQFF	1
CASSSQGYFSTDTQYF	1
CASSSGQVDHEQYF	1
CASSSDRIYGYTF	1
CASSWVGGNEQFF	1
CASSWGQGTNTEAFF	1
CASSWDRARTGELFF	1
CASSWTSGRQTQYF	1
CASSWTQPTGVFDEQFF	1
CASSWTGNNEQFF	1
CASSYTNYAIEQFF	1
CASSYVGSGPQSYEQYF	1
CASSYDMGWEQYF	1
CASSLLAELTDTQYF	1
CASSLRGWDTEAFF	1
CASSLNIQGAYNEQFF	1
CASSLSPWASGGPDFYNEQFF	1
CASSLYSGANVLTF	1
CASSLLVVFPGSGANVLTF	1
CASSLQQRIGSQPQHF	1
CASSLARQGGHEQYF	1
CASSLAGGSGRYNEQFF	1
CASSLGIGRVYGYTF	1
CASSLGLAGVTDTQYF	1
CASSLGQGAYEQYF	1
CASSLRVLNTEAFF	1
CASSLGGLQGGGGRTDTQYF	1
CASSLGTSGYEQYF	1
CASSLDRTYEQYF	1
CASSLRVGGMNTEAFF	1
CASSLFRDRGPYSNQPQHF	1
CASSLWDSFSYEQYF	1
CASSLPVEGGSNEQFF	1
CASSLQGNTEAFF	1
CASSLGQTYNEQFF	1
CASSLSTGSQETQYF	1
CASSPPGIGVDEQYF	1
CASSPVPGQGIYEQYF	1
CASSPGQGGYEQYF	1
CASSPGEGGFYEQYF	1
CASSPGKGQGVYEQYF	1
CASSPTGGGGKRDTQYF	1
CASSPSSGRSYNEQFF	1
CASSPFNGGTQYF	1
CASSPSTTQGVNSPLHF	1
CASSPWDRGYNEQFF	1
CASSPWTQETQYF	1
CASSPPPGLAGEPYNEQFF	1
CASSPPPRETQYF	1
CASSPPRPQRWEQFF	1
CASSPPGQGGKLFF	1
CASSPRGSGRGETQYF	1
CASSPRGGLYNEQFF	1
CASSPQQGSYGYTF	1
CASSPGTGWAGELFF	1
CASSPGPQEGGSIQYF	1
CASSPGTSGVNTGELFF	1
CASSPGDRGINYEQYF	1
CASSPIQRDPGGEQYF	1
CASSPTTDTQYF	1
CASSPTSGGRKLYF	1
CASSPNYEQYF	1
CASSPNDVPQYF	1
CASSPPPGSDTQYF	1
CASSPPPGTSGRAPEQFF	1
CASSPGSSTDTQYF	1
CASSPGGEEYNEQFF	1
CASSPGPIYEQYF	1
CASSPGQVQETQYF	1
CASSPDPKNIQYF	1
CASSPDRPLDEQYF	1
CASSPTSGGVTYEQYF	1
CASSPTRIGRTDTQYF	1
CASSPTGPQDTQYF	1
CASSPNPRGGFSYNEQFF	1
CASSPWDRGSWNEQFF	1
CASSPPEGTGELFF	1
CASSPPQKLKDWGGVDTQYF	1
CASSPRGGSSYEQYF	1
CASSPAGRDYEQYF	1
CASSPDWGAHSYEQYF	1
CASSPRASGSNEQFF	1
CASSPRGEYEQYF	1
CASSRWTGNDEQYF	1
CASSRRTARTDTQYF	1
CASSRSDRVYEQFF	1
CASSRPGQAYNEQFF	1
CASSRGTDSNQPQHF	1
CASSRTGVSSYEQYF	1
CASSRSFLQTQYF	1
CASSRGPGDEQYF	1
CASSRGTSGRSSYEQYF	1
CASSRTGVWETQYF	1
CASSRRPGPLQTGYTF	1
CASSRRLFYGYTF	1
CASSRGSGKRVTDTQYF	1
CASSRGVAGVKQFF	1
CASSRTQPQLNPYPYEQYF	1
CASSRTTGNLAGSEQFF	1
CASSHVTGTGTYEQYF	1
CASSHGAEELAGPWGKNIQYF	1
CASSHTGVVIVEQFF	1
CASSHPSGNTIYF	1
CASSHPGGTDTQYF	1
CASSHGGGGETQYF	1
CASSQSGTGGKGETQYF	1
CASSQSGVEQYF	1
CASSQLSGTGNIIPREQYF	1
CASSQRQKETQYF	1
CASSQAGETYEQYF	1
CASSQGVIETQYF	1
CASSQGRRFSYEQYF	1
CASSQGNVYEQYF	1
CASSQGGSGANVLTF	1
CASSQTVSGNTIYF	1
CASSQSVGNEQFF	1
CASSQPPGLAGGLTDTQYF	1
CASSQPGTNTEAFF	1
CASSQRLGRGYNEQFF	1
CASSQRDVSGNTIYF	1
CASSQQGSLTYEQYF	1
CASSQVVGPSDTQYF	1
CASSQAAADSGNTIYF	1
CASSQAYLANEQFF	1
CASSQGTLAVDNEQFF	1
CASSQGWDRGRYEQYF	1
CASSQGPRRGEDEQYF	1
CASSQGGNEQFF	1
CASSQGSDLNEQFF	1
CASSQGWNMNTEAFF	1
CASSQGGASGGGYTF	1
CASSQGGSGTEQFF	1
CASSQGQGGREQYF	1
CASSQGGAGGTFF	1
CASSQGRWETQYF	1
CASSQDWGGASGSYEQYF	1
CASSQDRGQAHSGANVLTF	1
CASSQDHGQGGYEQYF	1
CASSQDQGSSYNEQFF	1
CASSQDGSGTYEQYF	1
CASSQDVRVSQYF	1
CASSQELLLTGGPYEQYF	1
CASSQEAYEQYF	1
CASSQEGRKGQSNTGELFF	1
CASSQMGGGGEETQYF	1
CASSQRLAEYEQYF	1
CASSQRGTGLVYGYTF	1
CASSQNRETQYF	1
CASSVLETYEQYF	1
CASSVGDRGSYEQYF	1
CASSVLVTSGGGGEQFF	1
CASSVAPPPELARGGNTQYF	1
CASSVSKRGDYEQYF	1
CASSAWVSGGLVQETQYF	1
CASSASGRANTGELFF	1
CASSASLAGGPLTGELFF	1
CASSAPGLPYNEQFF	1
CASSARGGRSYEQYF	1
CASSAQGIPGELFF	1
CASSAAGYEQYF	1
CASSGRAGVGETQYF	1
CASSGSLADSYNEQFF	1
CASSGGSAGYNEQFF	1
CASSGDSRRQYF	1
CASSGTSGLRGEQFF	1
CASSGTSGNIGELFF	1
CASSGGRGNEQFF	1
CASSDIAGPSSYNEQFF	1
CASSDYGLARQETQYF	1
CASSDHTQYF	1
CASSIQTGDNEQFF	1
CASSITTTGELFF	1
CASSMTGFGEKLFF	1
CASSIGTVVEQYF	1
CASSTGRVTDTQYF	1
CASSTRQGGETQYF	1
CASSTQRESYNEQFF	1
CASSTQRTGRVRHIQYF	1
CASSTTGFVQYF	1
CASSTDSQTPQYF	1
CASSTTPGTGSYNEQFF	1
CASSTGTSGGMDEQFF	1
CASSSRGLDRGIYSNQPQHF	1
CASSSPGLAGGPNTGELFF	1
CASSRDRTASYEQYF	1
CASSNYKSSSYNEQFF	1
CASSNPREAGSSYNEQFF	1
CASSNREWVDNEQFF	1
CASSKVGGQNTEAFF	1
CASSKWTSGRSSYNEQFF	1
CASSKALRGTPEPQHF	1
CASRYPGLAGVSEQFF	1
CASRYRDSSYYEQYF	1
CASRLTGASLYEQYF	1
CASRLAGGLGTDTQYF	1
CASRRTREDTQYF	1
CASRRTGLSYEQYF	1
CASRRLVSYNEQFF	1
CASRRPGTDTQYF	1
CASRQNRDRANTGELFF	1
CASRATGAPSNSPLHF	1
CASRAEAYNEQFF	1
CASRGGELRANYGYTF	1
CASRGDLGIPNTGELFF	1
CASRGKGAGRTYEQYF	1
CASRDHRGPSGELFF	1
CASRDSPYEQYF	1
CASRTESGSAYNEQFF	1
CASRTGLAGDEQYF	1
CASRTASYNEQFF	1
CASRTGGGNQPQHF	1
CASRRAIKYNEQFF	1
CASRRTISGTSGGRSSYNEQFF	1
CASRNPINYGYTF	1
CASRKQGLYEQYF	1
CASRLGWTSVQNQETQYF	1
CASRSLDEGTDTQYF	1
CASRSGTGGGMNPRTGELFF	1
CASRPGQEETQYF	1
CASRRDWDTQYF	1
CASRQRRDSYEQYF	1
CASRVGVGNQPQHF	1
CASRVGSLNEQYF	1
CASRGDRVLHQPQHF	1
CASRDGRASSYEQYF	1
CASRDSWYEQYF	1
CASRDSGLVHEQYF	1
CASRDGGRGNIQYF	1
CASRDRQTYEQYF	1
CASRETGSYNEQFF	1
CASRTLPTGAPFNEQFF	1
CASRSGGADIQYF	1
CASNSQQGDTQYF	1
CASNSGTSGAKSSYNEQFF	1
CASNPSRVRNNEQFF	1
CASNPQGVQETQYF	1
CASNVAGEHFKQYF	1
CASNAGVYYEQYF	1
CASKELDNEQFF	1
CASKRGRDRAYNEQFF	1
CASKFGSQGGTGELFF	1
CASKLGTSGMDEQFF	1
CASKTGGAQETQYF	1
CASKRTVTRETQYF	1
CASKRDRGLGYGYTF	1
CASKNRLPTYNEQFF	1
CARTGPGRPPSYNEQFF	1
CANSLGLGGTGELFF	1
CAASTRSNYGYTF	1
CAPSMLLAECPAGPEASSEQYF	1
CASGQGVGYEQYF	1
CASDFDGTANYGYTF	1
CASSGGAGQETQYF	1
CASLTGASGTDEQFF	1
CASSMLQRGGGKTQYF	1
CASSGRQVTDTQYF	1
CASPQRFTDTQYF	1
CASHPEAGWYEQYF	1
CASAMGGYSYNEQFF	1
CASAIAGAYEQFF	1
CASGSIAGNTGELFF	1
CASIPGLEYNEQFF	1
CASTLILTSGGVGELFF	1
CASTYGRDGSEKLFF	1
CASTEFGEVYNEQFF	1
CASTSGGAWVNEQFF	1
CASTRGGETQYF	1
CASTLAGIQETQYF	1
CASTAYSGANVLTF	1
CASTGSGLANYGYTF	1
CASSLFGTSGGQETQYF	1
CASSLGPTGKNVAGELFF	1
CASSLAGGQETQYF	1
CASSVLADSETQYF	1
CASSGGPDTTWTDTQYF	1
CASSEWRVAEEGDIQYF	1
CASSFFLGTSGSWEQFF	1
CASSFSLLPRSNYGYTF	1
CASSFSGGATGELFF	1
CASSFLAGVAKNIQYF	1
CASSFRLAVGETQYF	1
CASSFRAGAETQYF	1
CASSFVRTSGSSYNEQFF	1
CASSFGDPQLSTQYF	1
CASSFGQGFTGELFF	1
CASSFTAGVDNEQFF	1
CASSFSGGAHNEQFF	1
CASSFKLAGVHSYNEQFF	1
CASSFKPAGEANYGYTF	1
CASSFKETQYF	1
CASSFQGARSINGYTF	1
CASSFVQGTYEQYF	1
CASSFGATSYEQYF	1
CASSFGTDEQFF	1
CASSFDSYTDNEQFF	1
CASSFDRFPYEQYF	1
CASSFDRGGETQYF	1
CASSFEAGSPVAAQYF	1
CASSFRVSNTGELFF	1
CASSLLASGDYSQETQYF	1
CASSLSGTSSYNEQFF	1
CASSLSSVPRHYLNTGELFF	1
CASSLSLDRYNEQFF	1
CASSLRLAGGQETQYF	1
CASSLRVSYNEQFF	1
CASSLREGGYTF	1
CASSLQPRETQYF	1
CASSLQLAGLQNEQFF	1
CASSLVGLAKPPIHEQYF	1
CASSLVGQETQYF	1
CASSLVGGGYTDTQYF	1
CASSLVGGGSGELFF	1
CASSLVLDREYNEQFF	1
CASSLVRSSYNEQFF	1
CASSLVFGANVLTF	1
CASSLVLGYNEQFF	1
CASSLVALTQETQYF	1
CASSLVGRKDYEQYF	1
CASSLVETGTDTQYF	1
CASSLVGSGKVSETQYF	1
CASSLVGTSGRRSSYNEQFF	1
CASSLAPFRGDNEQFF	1
CASSLANYNEQFF	1
CASSLALSGGREQYF	1
CASSLAPGQADEQFF	1
CASSLAPDRAPDTQYF	1
CASSLAPEETQYF	1
CASSLAQGRDEQYF	1
CASSLAVGGPRNTEAFF	1
CASSLAAVGLAEGDEQFF	1
CASSLAGRGNDEQFF	1
CASSLAGPSGGAYNEQFF	1
CASSLAGLAGGGDTQYF	1
CASSLATGGSSYNEQFF	1
CASSLAREQFF	1
CASSLAEVWYQETQYF	1
CASSLATGLYYF	1
CASSLASTSGETQYF	1
CASSLAQGNEQYF	1
CASSLAVISSYNEQFF	1
CASSLAGEANVLTF	1
CASSLGLYRDRGDEQYF	1
CASSLGWANNEQFF	1
CASSLGAGMEQPQHF	1
CASSLGGGAVGYTF	1
CASSLGSAKETQYF	1
CASSLGWPLADEQFF	1
CASSLGYSGRNTGELFF	1
CASSLGLAPNEQFF	1
CASSLGQPSYEQYF	1
CASSLGAGQTYEQYF	1
CASSLGGVQETQYF	1
CASSLGGGSYNEQFF	1
CASSLGGGVTYNEQFF	1
CASSLGDRQETQYF	1
CASSLGTSGDYEQYF	1
CASSLGTLANYNEQFF	1
CASSLGLAAYNEQFF	1
CASSLGQPTVEQYF	1
CASSLGQASYEQYF	1
CASSLGQGTVRFF	1
CASSLGGQGGGEQFF	1
CASSLGDKETQYF	1
CASSLGIQGAYGNTIYF	1
CASSLGNEQFF	1
CASSLDLAGVNEQFF	1
CASSLDRPEYGELFF	1
CASSLDQGKETQYF	1
CASSLDNRDPGFDEQYF	1
CASSLDAGAFTDTQYF	1
CASSLDAGMFHEQFF	1
CASSLDGTGQETQYF	1
CASSLDRAGETQYF	1
CASSLEFSGRAEQYF	1
CASSLEGLINEQFF	1
CASSLEGPQETQYF	1
CASSLEGVLEQFF	1
CASSLEGDSNQPQHF	1
CASSLEGLAVETQYF	1
CASSLTSGNEQFF	1
CASSLTSLRGGNTGELFF	1
CASSLTGANTEAFF	1
CASSLSQGAPEQYF	1
CASSLSQGVGEQYF	1
CASSLRASGRLGEQFF	1
CASSLRGDTQYF	1
CASSLNLLGADTQYF	1
CASSLNPSGEPNEKLFF	1
CASSLSGRSITEAFF	1
CASSLPELRQGRFTGELFF	1
CASSLQGGYANTGELFF	1
CASSLAPAGGMETQYF	1
CASSLATSGSGVYNEQFF	1
CASSLAGGYYNEQFF	1
CASSLGTVSYNEQFF	1
CASSLGLAGEQYF	1
CASSLGQGDYNEQFF	1
CASSLDPAGAYNEQFF	1
CASSLDPGLAGTDTQYF	1
CASSLIQGPNTGELFF	1
CASSLTRDVETQYF	1
CASSLRAERYNEQFF	1
CASSSYPRETMGSYEQYF	1
CASSSYGQGRFGETQYF	1
CASSSPWTSGPNNYNEQFF	1
CASSSPLDLRPIYNEQFF	1
CASSSRGTGGEQYF	1
CASSSGGQETQYF	1
CASSSTYGGYTF	1
CASSSTGTTKTQYF	1
CASSSTMTGVGETQYF	1
CASSSSGGRSQETQYF	1
CASSSSASTDTQYF	1
CASSSPAGTGPLLYGYTF	1
CASSSQTSGQETQYF	1
CASSSGWGETQYF	1
CASSSGVLGGRIYEQYF	1
CASSSGNTQYF	1
CASSSNDRVKGDTQYF	1
CASSSFYFTGELFF	1
CASSSPPGTGFGGVYEQYF	1
CASSSTSVSTDTQYF	1
CASSWPGGRGTNSGDNEQFF	1
CASSWGLGATYQETQYF	1
CASSWGQTPTGELFF	1
CASSWGQSTDTQYF	1
CASSYVSGSYEQYF	1
CASSYLPTTSGTNEQFF	1
CASSYDRVETQYF	1
CASSYETGDRGTGELFF	1
CASSLRDSPVETQYF	1
CASSLGQGRDEQYF	1
CASSLEGRYTDTQYF	1
CASSPPGLAGTLQETQYF	1
CASSPEGALYGYTF	1
CASSPRLRLEISYNEQFF	1
CASSPQPGQGVYEQYF	1
CASSPQAETQYF	1
CASSPQGLGFAEQFF	1
CASSPAGGGAYNEQFF	1
CASSPDQAGKTYEQYF	1
CASSPDRVEAHTEAFF	1
CASSPEGRLGGGVQFF	1
CASSPDRAVDTQYF	1
CASSPDRGEETQYF	1
CASSPTSGGPGETQYF	1
CASSPRGTGETQYF	1
CASSPRDRKETQYF	1
CASSPNTGVWDEQFF	1
CASSPAGGGETQYF	1
CASSPEKTGTGPTGELFF	1
CASSPTTAGSRAYEQYF	1
CASSRGPGNTIYF	1
CASSRTGLWETQYF	1
CASSRNRGLWETQYF	1
CASSREGHLYF	1
CASSRTRVAYEQYF	1
CASSHKAGGGDEQFF	1
CASSHGPAGTETQYF	1
CASSQLGGPKGGPQHF	1
CASSQVLKGEQFF	1
CASSQGPLGSTDTQYF	1
CASSQLPGTDNEQFF	1
CASSQPYTYRSYEQYF	1
CASSQQFLLQPYNEQFF	1
CASSQVTLGETQYF	1
CASSQVGTSGPPPDTQYF	1
CASSQAPRVPYNEQFF	1
CASSQATGQLYEQYF	1
CASSQGRSGGYEQYF	1
CASSQGTWENPYEQYF	1
CASSQGGQRDTQYF	1
CASSQDFEGDRGSDNEQFF	1
CASSQDPALDNEQFF	1
CASSQDGRTANTGELFF	1
CASSQDRVVASGRVVYNEQFF	1
CASSQDHGRSYEQYF	1
CASSQEFVGVGYEQYF	1
CASSQEPGGYTF	1
CASSQEVIGSYGYTF	1
CASSQEGSGANVLTF	1
CASSQEGLGSYEQYF	1
CASSQEDNIDTQYF	1
CASSQEPRLANNEQFF	1
CASSQIQGAGEQFF	1
CASSQISVSYEQYF	1
CASSQNPSGTTYEQYF	1
CASSVQGAPYNEQFF	1
CASSATVRTEVGEQYF	1
CASSGGVSSYNEQFF	1
CASSGESALRGEQYF	1
CASSGGGSVPYNEQFF	1
CASSDDGSLQYF	1
CASSEQPSYEQYF	1
CASSETGGGQPQHF	1
CASSMRQGGNTEAFF	1
CASSMDSNSYNEQFF	1
CASSIGQGISGELFF	1
CASSTRGSGGPQYF	1
CASSTRAGGPDTQYF	1
CASSTAGGPSSYNEQFF	1
CASRVIRQGSLADTQYF	1
CASRGSGETQYF	1
CASRDLGGRDYEQYF	1
CASRDRGQETQYF	1
CASRPGTSVYQETQYF	1
CASRRLDESPQYF	1
CASRRSTDTQYF	1
CASRAGTSGRTDTQYF	1
CASRIAGGTYNEQFF	1
CASNGLGPYNEQFF	1
CANPRDEQYF	1
CTSSGRATGELFF	1
CSPLREADSYNEQFF	1
CSVPTFSYEQYF	1
CSALGFYEQYF	1
CSASGHLLSGANVLTF	1
CSAPTGGDTQYF	1
CSAPTGGLNSPLHF	1
CSAPDREISYEQYF	1
CSARPLDRENTEAFF	1
CSAHSRDRGDEQFF	1
CSAQSESGAEQYF	1
CSAQGLAGDLYSSYNEQFF	1
CSAQLAALQAGGLFGETQYF	1
CSAVSGPPTDTQYF	1
CSAGVNSGREDTQYF	1
CSAGAPGLADNNEQFF	1
CSAGRDSQLAYEQYF	1
CSAISGGAADTQYF	1
CSATTDAFYEQYF	1
CSATELAGGTDTQYF	1
CSATGVGTRAGDEQFF	1
CSATIPRGLALYEQYF	1
CSATQIGQPYEQYF	1
CSASLPGGRKDTQYF	1
CSASGAEYYEQYF	1
CSASSHQGGREQFF	1
CSASLQLAGGRLQFF	1
CSARAAGTPDQETQYF	1
CSARAGGVETQYF	1
CSARGREDTQYF	1
CSARGRYTYEQYF	1
CSARDGAPRQGAYNEQFF	1
CSAREGLEDEQFF	1
CSARISAEQFF	1
CSARFRGGASYEQYF	1
CSARLLGGQGAYEQYF	1
CSARSSGGRGYNEQFF	1
CSARSRDKLGGSYEQYF	1
CSARYYQETQYF	1
CSARLGGPGDEQFF	1
CSARLPSAHSYEQYF	1
CSARLGGNYEQYF	1
CSARVLPGGNHTDTQYF	1
CSARVSLGTVSYEQYF	1
CSARASRSNEKLFF	1
CSARGPTYNEQFF	1
CSARGGVAREQYF	1
CSARGDSGQKAGGPTDTQYF	1
CSARGTGLAGGPDTQYF	1
CSARGVGGSPSYEQYF	1
CSARGRDEQFF	1
CSARDLRAGSQYF	1
CSARDLEALAKNYNEQFF	1
CSARDSTGERAYNEQFF	1
CSARDLAARVGQPQHF	1
CSARDRGSYNSPLHF	1
CSARDREGQHYEQYF	1
CSARDRVVGGGGNTIYF	1
CSARDHKGSAYEQYF	1
CSARDAGQGLDGYTF	1
CSARDGQGYEQYF	1
CSAREVTAPSYEQYF	1
CSAREAGAPDTQYF	1
CSANLGGGQFF	1
CSASYPETGSRSYEQYF	1
CSAPPGLLQETQYF	1
CSAPTSGSESESSYNEQFF	1
CSARGANEQYF	1
CSAHPRGSSYEQYF	1
CSAALALWSPLHF	1
CSAEDGSPYNEQFF	1
CSATGEENTEAFF	1
CSARKTSGDLDTGELFF	1
CSAHPTTSGGSQVEQYF	1
CSAQNTGGEIGYEQYF	1
CSAGRDRGLYEQYF	1
CSAGSIPVTREQFF	1
CSATVSSYNEQFF	1
CSANPGTSGIYNEQFF	1
CSALVGGTSYNEQFF	1
CSAQGRRNEQYF	1
CSTTGDFQETQYF	1
CSFGRTANNEQFF	1
CSVSGQGAQDTEAFF	1
CSVVSGQGLGYGYTF	1
CSVGLRLINEQFF	1
CSVGGTSGGARIYNEQFF	1
CSVDAGVASYEQYF	1
CSVDDRTFNEQFF	1
CSVELAGGVGQYF	1
CSVEKYGRYETGAVDTQYF	1
CSVEAHRQGRYEQYF	1
CSVEGGTGGNTGELFF	1
CSVEGLAGGGEQYF	1
CSVVRAGEGAEQYF	1
CSVILPTTRKSTHNEQFF	1
CSVGQYQETQYF	1
CSVGNLGGTDTQYF	1
CSVVGLANTGELFF	1
CSGWGQGGTSGHPYNEQFF	1
RASSLVGITDTQYF	1
RASSSTRPGNEQFF	1
RASSVVVSFDLLRTDTQYF	1
RASSKGWAGDEGYGYTF	1
RASRRDRTYEQYF	1
GPGPWEQYF	1
CASSLGYEQYF	2
CASSVPGANVLTF	2
CASSLPQGRYNEQFF	2
CASRLRQAEETQYF	2
CARKFYSGANVLTF	2
CVRAQETQYF	1
CASGLDLGGAGELFF	1
CASGLLAGGLTGELFF	1
CASSLGGLAGGTGELFF	1
CASSPGPGEQFF	1
CAWVRGYNEQFF	1
CAWTGLPGQPQHF	1
CAWSPPGDPNYGYTF	1
CAWSPVGFQPQHF	1
CAWSRPWDRGYGYTF	1
CAWSVSSDTQYF	1
CAWSVLRGGQPQHF	1
CAWSVAGETQYF	1
CAWSVALFTEAFF	1
CAWSVGGHQNTEAFF	1
CAWSVKTASTDTQYF	1
CAWSVLVGETQYF	1
CAWSVKGTGAFF	1
CAWSVAPGAEGEQFF	1
CAWSVGTGGSEQFF	1
CAWSVGAVSHF	1
CAWSVDRIKAFF	1
CAWSVLAGYNEQFF	1
CAWSVSWGYTF	1
CAWSVLGRAMGEQYF	1
CAWSVLRGARGYTF	1
CAWSVPYTEAFF	1
CAWSVRFNEQFF	1
CAWSVRAGELFF	1
CAWSVMGNQPQHF	1
CAWSERTGTTAFF	1
CAWSIRGAGELFF	1
CAWSIGSTDTQYF	1
CAWSRQWNTGELFF	1
CAWSNQGREKLFF	1
CAWSSRRDSEQFF	1
CAWSRQRGVLNEQFF	1
CAWSAWTAINQPQHF	1
CAWRVLTGEVFF	1
CAWRGDEETQYF	1
CAQGGTSDRGYNEQFF	1
CAGRKGTATNTGELFF	1
CAIRGHYEQYF	1
CAILPLAKNIQYF	1
CAIQPSPDSRRIDTQYF	1
CAISLDRGRSEQYF	1
CAISVVTPRGLKGYNEQFF	1
CAISVGGKGNQPQHF	1
CAISGFPDPVYNEQFF	1
CAISGGTDNEQFF	1
CAISESNSGANVLTF	1
CAISESVRGLYNEQFF	1
CAISESWGRSSYEQYF	1
CAISESISGAKDEQFF	1
CAISEWGQGETQYF	1
CAISETPGQGLEQYF	1
CAISTRQGLAGANVLTF	1
CAISPGSDAETQYF	1
CAISGAGTGQETQYF	1
CAISDRAPGGYTF	1
CAIRGDRNLQFF	1
CAIREGAGAEPNEQFF	1
CAIRRTSIYEQYF	1
CAINAGRATSTDTQYF	1
CATYSGTSGYNEQFF	1
CATSPVRDRGHNEQFF	1
CATRLAGARETQYF	1
CATHGAGEQFF	1
CATAYSLSGANVLTF	1
CATALNRDYEQYF	1
CATANGDEQYF	1
CATGLGAGYEQYF	1
CATSRGGLAGSNEQFF	1
CATSVPSRVETQYF	1
CATSAEGTYEQYF	1
CATSGPGAFSEQFF	1
CATSGAGYIDNEQFF	1
CATSDFVGGRDTQYF	1
CATSDFKPLTGVLNEQFF	1
CATSDLPNYNEQFF	1
CATSDLQRGDQETQYF	1
CATSDLQNRKETQYF	1
CATSDWQRTDTQYF	1
CATSDRSGRSYNEQFF	1
CATSDRGQSLGEQFF	1
CATSEISDFTDTQYF	1
CATSEPAGEAYNEQFF	1
CATSKGDSGYNEQFF	1
CATSPTRGGRNEQFF	1
CATSRPPGPNSYEQYF	1
CATSRVPGDEQFF	1
CATSRGGQGPASTDTQYF	1
CATRDRGDEQYF	1
CATRKWNTEAFF	1
CATNRRTGKFF	1
CATKDPLETQYF	1
CATFAGGVTGELFF	1
CATADGGLRGQYF	1
CATTPGLPNEQFF	1
CASLRGGSTDTQYF	1
CASSGSGGIYNEQFF	1
CASSREGATYEQYF	1
CASRRGVDYNEQFF	1
CASRRTGENTEAFF	1
CASRGGETQYF	1
CASTKKVSSYNEQFF	1
CASSLTGSYGYTF	1
CASSPGQGTYEQYF	1
CASSQLSGRTDEQYF	1
CASSAGDSVWPQHF	1
CASSGIQGWKNEQFF	1
CASSIRIGGLADYNEQFF	1
CASSIGGGGELFF	1
CASSIQTATYEQYF	1
CASSITSGSYEQYF	1
CASSMVGEAGELFF	1
CASSMGQGSYEQYF	1
CASSMMQGSNQPQHF	1
CASSIGSNEQFF	1
CASSIGAGAGDEQFF	1
CASSIDKRMQYF	1
CASSTSLIAQETQYF	1
CASSTLLAGSSYNEQFF	1
CASSSPTAADTQYF	1
CASSLDRNTYEQYF	1
CASSPSSYEQYF	1
CASSEDYRHLDTQYF	1
CASRPTSGREQDEQFF	1
CASNYGGSRNEQFF	1
CASFGTLRGLKGYTF	1
CASFQVEQYF	1
CASLQTSLSYEQYF	1
CASSQQFNEQFF	1
CASSGSAFYEQYF	1
CASSRRRNTEAFF	1
CASSLRPSGGADEQFF	1
CASSPSGAGSPLHF	1
CASSPSPGLAGEHYNEQFF	1
CASSPPRGAGGQETQYF	1
CASSPRTGPTGNTIYF	1
CASSPRDSEKLFF	1
CASSPVSDEQFF	1
CASSPGIKGSHTGELFF	1
CASSPTGNQPQHF	1
CASSPPAQETQYF	1
CASSPPMAGGLWQFF	1
CASSPPTLTSGGAWKPYNEQFF	1
CASSPRYGDTQYF	1
CASSPIGSGAGNEQYF	1
CASSPREGGGEPQHF	1
CASSPNVGEETQYF	1
CASSPNDRGTQYF	1
CASYRTGDGYTF	1
CASLGDRADWGAQYF	1
CASLPGLAGPQETQYF	1
CASPLVETGGEENSPLHF	1
CASRFWGGSGQFF	1
CASRRGLSEMNTEAFF	1
CASRRRESTDQPQHF	1
CASRSPAGAWEQYF	1
CASRRLAAQETQYF	1
CASRTGGSYEQYF	1
CASQLADTQYF	1
CASVPPDKKNTEAFF	1
CASVWTGGGETQYF	1
CASVRVGSEQYF	1
CASAGSSYNEQFF	1
CASARVSGGGGDTQYF	1
CASAGNYNEQFF	1
CASGPRHEQYF	1
CASGRQGYEQYF	1
CASGDAGFYEQYF	1
CASGRVGEQYF	1
CASGGTVIYEQYF	1
CASGGQGGTGELFF	1
CASGETGWSDEQYF	1
CASGAGTKTQYF	1
CASETGSGGYTF	1
CASILMLNTEAFF	1
CASILGAKSYEQYF	1
CASIHSGSSNEQFF	1
CASIPGLAVYITDTQYF	1
CASIGQGDNEQFF	1
CASIEGPGQLAKNIQYF	1
CASMGLGVGYTF	1
CASIRGGGLGTGELFF	1
CASIKGRGDTYNEQFF	1
CASTLTGGFGNQPQHF	1
CASTSPGPQTQYF	1
CASTYLRNEQFF	1
CASTLKGAFAGELFF	1
CASTPLGQADTEAFF	1
CASTPPGIDEQFF	1
CASTPTGRTDTQYF	1
CASTHRPRPRANVLTF	1
CASTQDFQETQYF	1
CASTAGTGLHYEQYF	1
CASTAPYEQYF	1
CASTGPGFQETQYF	1
CASTTPTWAGYTF	1
CASTRQGTGELFF	1
CASTRGSAGANVLTF	1
CASTNRGGPYEQYF	1
CASTNLQGDQPQHF	1
CASTKTTGGKYAGFEQYF	1
CASTKSWTLQETQYF	1
CASTKWGTSGRSSYEQYF	1
CASTASGRYNEQFF	1
CASTTSGRAQYEQYF	1
CASTTGGHEQYF	1
CASSFLGPGLAGAGNEQFF	1
CASSFWGAGAPKNIQYF	1
CASSFRLAANTGELFF	1
CASSFAGLQETQYF	1
CASSFGRESAELFF	1
CASSFGVRDAGSF	1
CASSFGTPEGQYF	1
CASSFSPPRTGIEQFF	1
CASSFRGAGTGTYEQYF	1
CASSFNGVAGYEQYF	1
CASSFLRAGGIQETQYF	1
CASSFWGYYGYTF	1
CASSFLGYEQYF	1
CASSFPRSGNTEAFF	1
CASSFRGGDTGELFF	1
CASSFAGHEQFF	1
CASSFGGETYEQYF	1
CASSFGGSGAYNEQFF	1
CASSFGEYNEQFF	1
CASSFRGLSAETQYF	1
CASSFKVSSYEQYF	1
CASSLVLPSGANVLTF	1
CASSLARLAGFTDTQYF	1
CASSLGGQETQYF	1
CASSLDARGNEQFF	1
CASSLEAGTRWEQYF	1
CASSLTSGGAREQFF	1
CASSLRWVDEQYF	1
CASSLLGSGVEQYF	1
CASSLLTADTQYF	1
CASSLSLPDRGFGEQYF	1
CASSLSVQTYEQYF	1
CASSLSARGYEQYF	1
CASSLSTSGTDTQYF	1
CASSLSGVGNEQFF	1
CASSLSERLAFLGEQFF	1
CASSLWPTTGLSQETQYF	1
CASSLLGQYTDTQYF	1
CASSLLAGPSYNEQFF	1
CASSLRLAGVTDTQYF	1
CASSLQGVWREGRNEQFF	1
CASSLVGGGDTHYNEQFF	1
CASSLVEQGGYTGELFF	1
CASSLVGGLNEQFF	1
CASSLVPGAETQYF	1
CASSLVAGGSEQYF	1
CASSLARGRGGFNNEQFF	1
CASSLAARSDTQYF	1
CASSLAGGSNSYNEQFF	1
CASSLAGGEEQYF	1
CASSLATGYGYTF	1
CASSLAGNQETQYF	1
CASSLGQGMNTGELFF	1
CASSLGVSGGYEQYF	1
CASSLGAGLVRSNEQFF	1
CASSLGGLRETQYF	1
CASSLGGTSEQFF	1
CASSLGGLRYNEQFF	1
CASSLGQIQETQYF	1
CASSLDPDNEQFF	1
CASSLDLITDTQYF	1
CASSLETHYEQYF	1
CASSLEVAAFF	1
CASSLEGGMDTQYF	1
CASSLILATYNEQFF	1
CASSLTSGGGIKQFF	1
CASSSSAGVWNIQYF	1
CASSSPGHNEQFF	1
CASSSGSAGGDEQFF	1
CASSSTGTRGYEQYF	1
CASSSSTSGAGGYNEQFF	1
CASSSSIDWRTYNEQFF	1
CASSSLLGQGERGYTF	1
CASSSPKGYEQYF	1
CASSSPGTGVHEQYF	1
CASSSQGWSEQYF	1
CASSSATVNEQFF	1
CASSSATTGQGQETQYF	1
CASSSDNVISMGNEQFF	1
CASSSSRKAITDTQYF	1
CASSSRGVARPYEQYF	1
CASSSQGRSSYEQYF	1
CASSSAEGGSYEQYF	1
CASSSGGGTSGRLTYNEQFF	1
CASSSGLAGEQFF	1
CASSSGLAGGVGETQYF	1
CASSSLLAVQETQYF	1
CASSSTTGQGHRPLHF	1
CASSWGLASGPYNEQFF	1
CASSWGRERSTFF	1
CASSWEAYNEQFF	1
CASSWTSGPYEQYF	1
CASSWRGGVSYEQYF	1
CASSYSSGWQFF	1
CASSYRGQGAGEQYF	1
CASSYTGYQETQYF	1
CASSYTGGSSTGELFF	1
CASSYKDYGYTF	1
CASSYFSTQDEQFF	1
CASSYLPTSGAYEQYF	1
CASSYSGSYEQYF	1
CASSYSGLAGAYNEQFF	1
CASSYSKTGHEQFF	1
CASSYSGISTDTQYF	1
CASSYSWGDRGRRSQETQYF	1
CASSYSDRVWQETQYF	1
CASSYSTGGTGETQYF	1
CASSYSSLAGGADTQYF	1
CASSYSGGDSYEQYF	1
CASSYYPGAYYGYTF	1
CASSYLYGGDETQYF	1
CASSYLAGTYNEQFF	1
CASSYLTGPTNEKLFF	1
CASSYPGQGSSYEQYF	1
CASSYRGTSESSSYNEQFF	1
CASSYAAGTGANVLTF	1
CASSYGPAETQYF	1
CASSYGTSGGYNEQFF	1
CASSYGGMEETQYF	1
CASSYDFGYGYTF	1
CASSYIGPIAYGANVLTF	1
CASSYRPSYEQYF	1
CASSYRIRQLGGETQYF	1
CASSLPPGRGHEQYF	1
CASSLMGGDFTDTQYF	1
CASSLGQGSSEQYF	1
CASSLAGGGEWSYNEQFF	1
CASSLADYTDTQYF	1
CASSPYGPTSGSQSSYNEQFF	1
CASSPRTSGRETQYF	1
CASSPGQNYGYTF	1
CASSPLGTGSYEQYF	1
CASSPLPGLVNSDTQYF	1
CASSPSAGEADTQYF	1
CASSPSGGILSYEQYF	1
CASSPYGTGELFF	1
CASSPPPGTGENIQYF	1
CASSPRPPTSGGPGVYTGELFF	1
CASSPRAGNQETQYF	1
CASSPRSSGAGSYNEQFF	1
CASSPGTDYEQYF	1
CASSPGLAGASYEQYF	1
CASSPGHPLNEKLFF	1
CASSPRGSYEQYF	1
CASSPRDRSNTGELFF	1
CASSPRTSGGVQTDTQYF	1
CASSPKVERRNTGELFF	1
CASSPTGTGYGYTF	1
CASSPSGPTGGETQYF	1
CASSPNPGSQPQHF	1
CASSPDLGEQFF	1
CASSRYGAEQYF	1
CASSRLEGGAFF	1
CASSRVDRVIGMNTEAFF	1
CASSRASGGNEQFF	1
CASSRLAGNTGELFF	1
CASSRPPGETQYF	1
CASSRQARGRTDTQYF	1
CASSRGQETQYF	1
CASSRDVYEQYF	1
CASSHQGGPGADTQYF	1
CASSQISQETQYF	1
CASSQTSGRAGEQFF	1
CASSVLNTEAFF	1
CASSVEKSPYNEQFF	1
CASSVRHFSYNEQFF	1
CASSVDRAEAFF	1
CASSAWTGEKAYEQYF	1
CASSAGGMVYEQYF	1
CASSAASSRGSEQFF	1
CASSATWGVGFF	1
CASSALAGGLGEQYF	1
CASSGSSQETQYF	1
CASSGLQGRGYNEQFF	1
CASSGQGTEAFF	1
CASSGEGSQFF	1
CASSGTSGGQETQYF	1
CASSGTGKNTGELFF	1
CASSDRGPRGTQYF	1
CASSDQQGGDSNQPQHF	1
CASSDTGVANTGELFF	1
CASSDWGWGQGQPQHF	1
CASSEIVQETQYF	1
CASSETSGLVGNEQFF	1
CASSETRGYNEQFF	1
CASSETYEQYF	1
CASSERGGRETQYF	1
CASSENRDVDSESYGYTF	1
CASSEWASGVKAGELFF	1
CASSELGPHSNQPQHF	1
CASSELGTEETQYF	1
CASSELAGGSYEQYF	1
CASSERLSYEQYF	1
CASSERHAGDGYTF	1
CASSEVSGDNEQFF	1
CASSEVKREQFF	1
CASSEAETGATGELFF	1
CASSEGAGGDGYTF	1
CASSEGGQSEAFF	1
CASSEGMGATSYEQYF	1
CASSEENYGYTF	1
CASSETKVLAHEQYF	1
CASSETGTGEQFF	1
CASSESRGLGNTIYF	1
CASSIRRDRGRLHYGYTF	1
CASSMRESLGSGQFF	1
CASSISGTFYEQYF	1
CASSIPGQTYNEQFF	1
CASSTGTGVNNEQFF	1
CASSSRESSYNEQFF	1
CASSSLLAGGIYEQFF	1
CASSRGTSGSYEQYF	1
CASSRIAGGPNEQFF	1
CASSNFPGLAGVEQFF	1
CASSNIAGGGETQYF	1
CASSNRLAGGPGKYNEQFF	1
CASSFLRDTFQYF	1
CASSFSLAGGNEQFF	1
CASSFAQGTADEQYF	1
CASSFGPSGSSYNEQFF	1
CASSFGSQETQYF	1
CASSFGAISGANVLTF	1
CASSFGNTQYF	1
CASSFERVSGGYF	1
CASSFTSVVTQYF	1
CASSFSGRGYNEQFF	1
CASSFLGQETQYF	1
CASSFSLDTDTQYF	1
CASSFLGGMDEQYF	1
CASSFPPDGSGGDWDTQYF	1
CASSFPGTYEQYF	1
CASSFRDSSYEQYF	1
CASSFQGLVGGELFF	1
CASSFGTTQPQHF	1
CASSFGVAGSGANVLTF	1
CASSFGTDTPYNEQFF	1
CASSFTSGVGTFEQFF	1
CASSFTTGLSEQYF	1
CASSFRGGANTEAFF	1
CASSFKGLGYNEQFF	1
CASSLSQFTGELFF	1
CASSLSSDPISYEQYF	1
CASSLPRGRGSSGANVLTF	1
CASSLHEGEQYF	1
CASSLQRTGPGANVLTF	1
CASSLVPTESGELFF	1
CASSLVGAEQYF	1
CASSLVTADLPEAFF	1
CASSLVRASGSSYEQYF	1
CASSLVTSMQYF	1
CASSLAPSGRTGELFF	1
CASSLAARGLGYTF	1
CASSLGPGDTQYF	1
CASSLGSGRALRETQYF	1
CASSLGPATDTQYF	1
CASSLGLPRGEQFF	1
CASSLGGFRTSGYNEQFF	1
CASSLGTVYEQYF	1
CASSLGPVNTEAFF	1
CASSLGGGGAYEQYF	1
CASSLDHREGYTF	1
CASSLDRVQANTEAFF	1
CASSLDKRLAGLYF	1
CASSLEHAAYEQYF	1
CASSLTIRGQGANEQFF	1
CASSLRGDGYTF	1
CASSLFWEPRGTGNTIYF	1
CASSLSALNEQFF	1
CASSLSPARGFETQYF	1
CASSLSPSGGAGTQYF	1
CASSLSGAAEKLFF	1
CASSLSPGARSYEQYF	1
CASSLWSGRANQPQHF	1
CASSLWGVTDTQYF	1
CASSLYPAGGTDTQYF	1
CASSLYRPRPGANVLTF	1
CASSLLFGTGLSYEQYF	1
CASSLLFRDEQFF	1
CASSLLGSPNTGELFF	1
CASSLLDLMGTEAFF	1
CASSLPTGPNSPLHF	1
CASSLPQGRTGELFF	1
CASSLRSFGTTNYEQYF	1
CASSLQEGSLAGVGETQYF	1
CASSLQRAKNIQYF	1
CASSLVIYEQYF	1
CASSLVSGGPYEQYF	1
CASSLVGVSNQPQHF	1
CASSLVDRVYEQYF	1
CASSLVTGRNTIYF	1
CASSLVGGLPTGEQFF	1
CASSLAGRVNEQFF	1
CASSLASGSYHNEQFF	1
CASSLAVRGGRRYNEQFF	1
CASSLAAGRAEAFF	1
CASSLAGTGEGNQPQHF	1
CASSLATQEQYF	1
CASSLAPSGGFHNEQFF	1
CASSLAAGGREQYF	1
CASSLATYNEQFF	1
CASSLASQGAYNEQFF	1
CASSLAGGLNSNQPQHF	1
CASSLGPPGANVLTF	1
CASSLGRAASNYGYTF	1
CASSLGSGMSGANVLTF	1
CASSLGPRGGTGSYNEQFF	1
CASSLGQGHVYEQYF	1
CASSLGRGVDQPQHF	1
CASSLGFGRGSPQTEQYF	1
CASSLGSENNEQFF	1
CASSLGRSPNEQFF	1
CASSLGAAPDEQYF	1
CASSLGPGGLAGYNEQFF	1
CASSLGPGFNQPQHF	1
CASSLGGRGQQFF	1
CASSLGGREHEQYF	1
CASSLDPGGNTGELFF	1
CASSLDVGLAGGVNEQFF	1
CASSLDIQPQHF	1
CASSLDRGRLYF	1
CASSLDVSNQPQHF	1
CASSLDRGPPFNEQFF	1
CASSLEGGTGSPYEQYF	1
CASSLEEYQPQHF	1
CASSLERGPQHF	1
CASSLELVGAGGQFF	1
CASSLELAQETQYF	1
CASSLEPYEQYF	1
CASSLEGNRVGTEAFF	1
CASSLIPRYSQETQYF	1
CASSLIVGQTGSYEQYF	1
CASSLTLGVWETQYF	1
CASSLTGTGVSGELFF	1
CASSLTAQREKSYEQYF	1
CASSLNGDRGNEQFF	1
CASSSRTGNTEAFF	1
CASSSRVQFF	1
CASSSSGSLDNEQFF	1
CASSSSGLAGVKEQFF	1
CASSSSLAGGQYF	1
CASSSRGRAVDEQFF	1
CASSSRDSYNEQFF	1
CASSSRDLSGREQYF	1
CASSSQRGNSYEQYF	1
CASSSAGTDNSALHF	1
CASSSGRTETQYF	1
CASSSGQGDSGANVLTF	1
CASSSDYGSYEQYF	1
CASSSFTGIDSYNEQFF	1
CASSSGQGDADTQYF	1
CASSSGQTYGYTF	1
CASSSLRDFYEQYF	1
CASSSPRQGRGQETQYF	1
CASSSTRGRGTLSYNEQFF	1
CASSSRFTGVNTGELFF	1
CASSSRTGKTEAFF	1
CASSSNSHGHSYTF	1
CASSWRQGGYNEQFF	1
CASSWATSNSMTPPQYF	1
CASSWAGTGRAGELFF	1
CASSWGQTGELFF	1
CASSYRDRSSYNSPLHF	1
CASSYGVGTSGGVYGTDTQYF	1
CASSYNPMGRGLQETQYF	1
CASSLRDGAYEQYF	1
CASSLGLAGALF	1
CASSLLKGQGDTDTQYF	1
CASSLPGGGNYEQYF	1
CASSLHVSRETQYF	1
CASSLGTSGNNEQFF	1
CASSLDSVNIQYF	1
CASSLEVGFEQFF	1
CASSLGDWVREQYF	1
CASSLGLEVAGELFF	1
CASSLGQGSQETQYF	1
CASSLEAGGPAVAGVQETQYF	1
CASSLMLAGGNQGQFF	1
CASSLSYEQYF	1
CASSLQGAGDIQYF	1
CASSLGAGGNYEQYF	1
CASSLMGGAYEQYF	1
CASSLMTSINEQFF	1
CASSLTTSGSLQEQFF	1
CASSLRPESHGYTF	1
CASSLNRVRTAQNTEAFF	1
CASSPRLLLAGVETQYF	1
CASSPQLGSYEQYF	1
CASSPGRRDREFPDTQYF	1
CASSPTGGSYNEQFF	1
CASSPSGGAGYEQYF	1
CASSPNRHTQYF	1
CASSPNQAGWQF	1
CASSPKTYLGGESTDTQYF	1
CASSPSTGPLAREQYF	1
CASSPYVRGLGELFF	1
CASSPYSGADTQYF	1
CASSPLAGPSYNEQFF	1
CASSPPSAGMNSPLHF	1
CASSPPGTRGTDTQYF	1
CASSPREYGNEQFF	1
CASSPRKGRGNVLTF	1
CASSPRRSRDGGQNEQFF	1
CASSPQGGAAYEQYF	1
CASSPQGSIGNEQFF	1
CASSPVWALAGPGELFF	1
CASSPGASGRMLTDTQYF	1
CASSPGGLNEQFF	1
CASSPGGRGSNQPQHF	1
CASSPGTRPYEQYF	1
CASSPGTSVLGEQFF	1
CASSPGLAGIGNEQFF	1
CASSPGQRNTDTQYF	1
CASSPGTSDEQYF	1
CASSPTNSIRDSPYEQYF	1
CASSPTSGRNIYEQYF	1
CASSPRLAGGVNEQFF	1
CASSPSGGQYEQYF	1
CASSPVGGPAYEQYF	1
CASSPAPLGPNTGELFF	1
CASSPGKGFRSYNEQFF	1
CASSPDTQYF	1
CASSPDLRSKNIQYF	1
CASSPIRGPVNEQFF	1
CASSPTSYETQYF	1
CASSPTSGTYEQYF	1
CASSPTGGGVGYTF	1
CASSPSTSTDTQYF	1
CASSPRGRESYEQYF	1
CASSPQVYAEAFF	1
CASSPARNYGYTF	1
CASSPGGGQTQYF	1
CASSPGGTVTTETQYF	1
CASSPGTSGGLYQETQYF	1
CASSRQGVQPQHF	1
CASSRLAGGPADTQYF	1
CASSRPGGPSNLYEQYF	1
CASSRAGGAAGGPDRANTGELFF	1
CASSREGPATNEKLFF	1
CASSRLPNIQYF	1
CASSRDIRPGGYTF	1
CASSRTDNEQFF	1
CASSRQEGNTIYF	1
CASSRQEYNTQYF	1
CASSRQQGKETQYF	1
CASSRGGDTQYF	1
CASSRGDWTEAFF	1
CASSRGLGRSYEQYF	1
CASSHRRLAEETQYF	1
CASSHASGGSNEQFF	1
CASSHSRASGYTF	1
CASSHPTGGDRGTPSYNEQFF	1
CASSQQQGLMVYEQYF	1
CASSQVATGQDYGYTF	1
CASSQAGGHTEAFF	1
CASSQGIGGAPGELFF	1
CASSQGPPGDTQYF	1
CASSQDMVEAFF	1
CASSQEDTQYF	1
CASSQTGGHYEQYF	1
CASSQFSGRQETQYF	1
CASSQVDRQETQYF	1
CASSQVGFYNEQFF	1
CASSQASREQYF	1
CASSQARQAGGRETQYF	1
CASSQGPVTPYEQYF	1
CASSQGWDRSYEQYF	1
CASSQGVHEQFF	1
CASSQGTGPYNEQFF	1
CASSQDSTPRESAYEQYF	1
CASSQDRALPGHEQYF	1
CASSQDGSGPTNEQFF	1
CASSQDSGGNQPQHF	1
CASSQDGPYEQYF	1
CASSQDRGSGANVLTF	1
CASSQEVRAVYNEQFF	1
CASSQEGDRTDTQYF	1
CASSQEGQGSYNSPLHF	1
CASSQEPPPLQPNEKLFF	1
CASSQERGNEQFF	1
CASSQETPLKDSTSSYNSPLHF	1
CASSQRGGNTGELFF	1
CASSQRSNTDTQYF	1
CASSVGLAGASSGANVLTF	1
CASSVPGQQKGGDEQFF	1
CASSVGTGVGETQYF	1
CASSVNNGGRETQYF	1
CASSVQSYSNTGELFF	1
CASSVATAVGANVLTF	1
CASSVGGTNTGELFF	1
CASSVDRGNEQFF	1
CASSVDGPYEQYF	1
CASSVTSGTATYEQYF	1
CASSVTGTPRMTGELFF	1
CASSASYEQYF	1
CASSANYGYTF	1
CASSGRTGFEHEQYF	1
CASSGTSGGNEQFF	1
CASSGRKNTGELFF	1
CASSDLGDVQETQYF	1
CASSDLEGRNEQYF	1
CASSDLSWGAYEQYF	1
CASSELAGLTYNEQFF	1
CASSEQGSNYNEQFF	1
CASSIVVKLANYGYTF	1
CASSMQGGGETQYF	1
CASSIAGLAGGLRGGELFF	1
CASSINPGGDYEQYF	1
CASSTLAGGPFESTDTQYF	1
CASSTPWQEITGELFF	1
CASSTPGTGYTGELFF	1
CASSTHKGYIEETQYF	1
CASSTHPGGSSTDTQYF	1
CASSTGIGTSNEQFF	1
CASSTTTDNTEAFF	1
CASSTTSAVINEQFF	1
CASSTTGTGGTDTQYF	1
CASSTPEPSGNTDTQYF	1
CASSRTSGSTDTQYF	1
CASSRTSGRDTGELFF	1
CASSNGTSVFGELFF	1
CASSKGLAGGPKSYNEQFF	1
CASSKMMDRGRTKNIQYF	1
CASSKLGEQFF	1
CASSKDRPSGANVLTF	1
CASRSGTTNEQFF	1
CASRLGGGGSYEQYF	1
CASRPGLAGTDTQYF	1
CASRPGPQETQYF	1
CASRPGQGGYNEQFF	1
CASRRVGDNQPQHF	1
CASRRTSGRGTGELFF	1
CASRRTGTGGTGELFF	1
CASRASGNYEQYF	1
CASRAAERTQETQYF	1
CASRGSGGYEQYF	1
CASRGGTDQKNIQYF	1
CASRGGRLSTDTQYF	1
CASRGGVTLQGREQYF	1
CASRGARTGQGAGELFF	1
CASRDDRGTDEQYF	1
CASREYSNQPQHF	1
CASRTGTSGRGVYNEQFF	1
CASRTTSGRAYEQYF	1
CASRRGDTAYNEQFF	1
CASRRLAGGGDSYNEQFF	1
CASRKRLASSYNEQFF	1
CASRSNLGQQYF	1
CASRPYTGGGNEQFF	1
CASRPLDSSYNEQFF	1
CASRPDRGLRVYGYTF	1
CASRRRPAGPGELFF	1
CASRRSGRSYEQYF	1
CASRRGRLTYEQYF	1
CASRRTENPNEQFF	1
CASRHKYTDYLYNEQFF	1
CASRQAGVGPYEQYF	1
CASRATGETQYF	1
CASRETGDAGTDTQYF	1
CASREWDRGRVAEAFF	1
CASRTGAYEQYF	1
CASNQGDPGANVLTF	1
CASNGWGPDYEQYF	1
CASNWDGRRGYTF	1
CASNPNREMYF	1
CASNGRTSTDTQYF	1
CASKSPREGWGEQFF	1
CASKKGETGANVLTF	1
CASKLGRRGLRPAYNEQFF	1
CASKSDGFYNEQFF	1
CASKKWSNSNQPQHF	1
CARMPQGPDEQYF	1
CARRGLGEFF	1
CATRASGGNTDTQYF	1
CASCRGSFRRNEQFF	1
CASQGALTDTQYF	1
CASPFRGYVLNEQFF	1
CASRTGLETQYF	1
CASALLWNTEAFF	1
CASGPLRTRGGELFF	1
CASGRRVGNTGELFF	1
CASGQGAEETQYF	1
CASDPGQGRGEQFF	1
CASEAGTGRNEQFF	1
CASIYSDTGELFF	1
CASINTGGTEAFF	1
CASTGPGVAKNEQFF	1
CASSLAGSEETQYF	1
CASSLGLASHQETQYF	1
CASSRPDRSLGETQYF	1
CASSRDRILETQYF	1
CASSHGQAPAGASEQFF	1
CASSGILTGSEAFF	1
CASSDRSGRGSDTQYF	1
CASSEFGTGTSSYEQYF	1
CASSESDRKKTGQEWSYEQYF	1
CASSEGPFGGQPQHF	1
CASSESSYEQYF	1
CASSSVPGGAGELFF	1
CASSKDAILQETQYF	1
CASSFTSGYTGELFF	1
CASSFTRDINSLYEQYF	1
CASSFTREGYEQYF	1
CASSFSTDERAEVYNEQFF	1
CASSFPRGQETQYF	1
CASSFGSWYETQYF	1
CASSFGGATYEQYF	1
CASSFGTGELFF	1
CASSFGLAGYNEQFF	1
CASSLFVGTQYF	1
CASSLSLITDTQYF	1
CASSLSPVTGTQYF	1
CASSLSPGPDTQYF	1
CASSLSFWASFQTQYF	1
CASSLWGPDETQYF	1
CASSLLVGDFQETQYF	1
CASSLPKGQQETQYF	1
CASSLPGLAGVNEQFF	1
CASSLPTGGETQYF	1
CASSLRGGQGALEQYF	1
CASSLVPGTDEQFF	1
CASSLVVAGGPGENEQFF	1
CASSLVGGEGLLNEQFF	1
CASSLVGREETQYF	1
CASSLVLRGGGNEQFF	1
CASSLVRQGVGNEQFF	1
CASSLVAGDLYEQYF	1
CASSLVGAGETQYF	1
CASSLVFLSQGPYNEQFF	1
CASSLVAWEQYF	1
CASSLVAGKYEQYF	1
CASSLVVAGGQRTQYF	1
CASSLVGDGNSPLHF	1
CASSLVGNEQFF	1
CASSLVNF	1
CASSLAPGLDTQYF	1
CASSLALGTKSYEQYF	1
CASSLALAGGGETQYF	1
CASSLAPSGGTLEETQYF	1
CASSLAAELGGTQYF	1
CASSLAATGMNTEAFF	1
CASSLAGARVTEAFF	1
CASSLAGGLAEETQYF	1
CASSLAGELKTQYF	1
CASSLAEQYYGYTF	1
CASSLAEAETQYF	1
CASSLAARTEGETQYF	1
CASSLAGEGTDTQYF	1
CASSLAPGTGANVLTF	1
CASSLAGQKETQYF	1
CASSLGSYEQYF	1
CASSLGLGVSVETQYF	1
CASSLGTADTGELFF	1
CASSLGPIGLAGSTDTQYF	1
CASSLGLEGTQYF	1
CASSLGQLQETQYF	1
CASSLGVRASTEAFF	1
CASSLGAGVLNEQFF	1
CASSLGGAGVEKLFF	1
CASSLGGGSSYNEQFF	1
CASSLGDLLAEETQYF	1
CASSLGTDTDTQYF	1
CASSLGSAQETQYF	1
CASSLGFGETQYF	1
CASSLGQGSHEQYF	1
CASSLGGIGQFF	1
CASSLDPTYRGPTDTQYF	1
CASSLDRSEQYF	1
CASSLDFQGTEAFF	1
CASSLDLAAYQETQYF	1
CASSLDQGGDIQYF	1
CASSLDQHTDTQYF	1
CASSLDRANYEQYF	1
CASSLDNEQFF	1
CASSLEPGAETQYF	1
CASSLEAWSGEQYF	1
CASSLEAGSSYNEQFF	1
CASSLEAEVVAEQFF	1
CASSLEGLGELFF	1
CASSLEGQQGEAFF	1
CASSLEGVQETQYF	1
CASSLEGTSLVQETQYF	1
CASSLEEGYYEQYF	1
CASSLESGLNTGELFF	1
CASSLEGGLRETQYF	1
CASSLEGTSVETQYF	1
CASSLETGTLPGEQYF	1
CASSLIAGGNKETQYF	1
CASSLIGGGYNEQFF	1
CASSLMGQSSGANVLTF	1
CASSLTGETQYF	1
CASSLTSGSTYEQYF	1
CASSLTGALGNEQFF	1
CASSLSGSSRPYNEQFF	1
CASSLSSSYNEQFF	1
CASSLNGLRGAFF	1
CASSLKPTGLMISYEQYF	1
CASSLKLTGELFF	1
CASSLLRDRGPL	1
CASSLPGQRMETQYF	1
CASSLRDSNTDTQYF	1
CASSLQETQYF	1
CASSLGRAYEQYF	1
CASSLGTSGIAETQYF	1
CASSLGTQQETQYF	1
CASSLGTGSDTQYF	1
CASSLEGGPEETQYF	1
CASSLEGETQYF	1
CASSLTPGLAGSGGKNEQFF	1
CASSLRLAGGYEQFF	1
CASSSPLGQGWETQYF	1
CASSSHDTAYEQYF	1
CASSSAGGRRGETQYF	1
CASSSTSGSFVIQETQYF	1
CASSSSGETQYF	1
CASSSLPGTNQETQYF	1
CASSSRTSGTYEQYF	1
CASSSRLSTDTQYF	1
CASSSQGGSFYEQYF	1
CASSSGTREETQYF	1
CASSSTGLEQAQYF	1
CASSSLAERETQYF	1
CASSSAGWAKTLSGETQYF	1
CASSSGQQFLGDTQYF	1
CASSSIPGTFINEQFF	1
CASSSTSYEQYF	1
CASSSPRGGNTEAFF	1
CASSWAGLAGDNEQFF	1
CASSWGTGANQPQHF	1
CASSWTGTGGTGANVLTF	1
CASSWNRGGYTF	1
CASSYRTSSSSYNEQFF	1
CASSYPGSGKEQYF	1
CASSYVRGTGSTDTQYF	1
CASSYAGGWETQYF	1
CASSYGQGIYEQYF	1
CASSYGGPGDQETQYF	1
CASSLGTLGNNEQFF	1
CASSLDERGSNEQFF	1
CASSLRDTDGEQYF	1
CASSLGTAKETQYF	1
CASSLLPLLGGANNEQFF	1
CASSLGAGGQETQYF	1
CASSLGGGQETQYF	1
CASSPLPGRSDTEAFF	1
CASSPFFRSGVSNEQFF	1
CASSPSPGLAYEQYF	1
CASSPPGLDRGQGTQYF	1
CASSPRPQETQYF	1
CASSPRWGRGYGYTF	1
CASSPQPSGITNEQFF	1
CASSPGGASQETQYF	1
CASSPFRTSVYNEQFF	1
CASSPPLRDRDRETQYF	1
CASSPVGGDRGLYEQYF	1
CASSPAVAGQETQYF	1
CASSPGGSGQETQYF	1
CASSPGGTPTYNEQFF	1
CASSPGQAQETQYF	1
CASSPGQAKETQYF	1
CASSPEAGSSYNEQFF	1
CASSPTSGLRVLNTQYF	1
CASSPRPSGGFIETQYF	1
CASSPRLGSSNEQFF	1
CASSPQRLAGGTYEQYF	1
CASSRFAGGTDTQYF	1
CASSRGTSGQETQYF	1
CASSRGTGKEKLFF	1
CASSRGLAGVAVDTQYF	1
CASSRIDPGNEQYF	1
CASSRGEPNEQFF	1
CASSRGQAEETQYF	1
CASSRPEGGNIQYF	1
CASSHPRASGANEQFF	1
CASSHGLRADRSGANVLTF	1
CASSHTGDPSYEQYF	1
CASSQGPVPWGYEQYF	1
CASSQGQGARNEQFF	1
CASSQYERGQETQYF	1
CASSQPGLSDQPQHF	1
CASSQVNLGNYEQYF	1
CASSQVLVVTDTQYF	1
CASSQVAGLAGANVLTF	1
CASSQVMTQGPSSGANVLTF	1
CASSQATPVGQFF	1
CASSQGPGSYEQFF	1
CASSQGTGPYGYTF	1
CASSQGILEVYLRF	1
CASSQDQLVGETQYF	1
CASSQDGDIRWGYTF	1
CASSQDGTSYNEQFF	1
CASSQDERERFF	1
CASSQDDWTRHYNEQFF	1
CASSQERGANYEQYF	1
CASSQSRGLASSYEQYF	1
CASSQNRLLASADTQYF	1
CASSVDVASDTQYF	1
CASSVMDRGRGEQYF	1
CASSAWTSGGETQYF	1
CASSAYSKSGETQYF	1
CASSAENSETQYF	1
CASSATSGGMGVGTDTQYF	1
CASSATSGGLQETQYF	1
CASSGRQGDIKETQYF	1
CASSGGAGDISYNEQFF	1
CASSGGERQETQYF	1
CASSGHSLNVLTF	1
CASSGQGSSYNEQFF	1
CASSGGTSGGSYEQYF	1
CASSDGTSGTKYQETQYF	1
CASSEPTVYNEQFF	1
CASSERQGSGTGELFF	1
CASSISGTSGTRSYNEQFF	1
CASSIELAGVYNEQFF	1
CASSTSGGTNTGELFF	1
CASSTGTGLNNEQFF	1
CASSREDEGYEQYF	1
CASSKTWDNEQFF	1
CASRADLSSYNEQFF	1
CASREGKVAEAFF	1
CASRNAGTGELFF	1
CASRLGKETQYF	1
CASRDTILSYNEQFF	1
CASRSPLQETQYF	1
CASNPISFAAAHTDTQYF	1
CASKFSLAGGSSYNEQFF	1
CASKGAEVSNEQFF	1
CASKEVSNTGELFF	1
CASKNQDSTDTQYF	1
CTGTSETEQFF	1
CSVGPWEFKNIQYF	1
CSVGLDGLNSPLHF	1
CSVWAGTYNEQFF	1
CSAFTGRSQETQYF	1
CSAFSGRGYNEQFF	1
CSAPFTGGSYEQYF	1
CSARGQDYEQYF	1
CSAHAEGQSYEQYF	1
CSAQTGLNTGELFF	1
CSAGSSQGGIGNEQFF	1
CSAIRDAGANVLTF	1
CSATWTSGRVETQYF	1
CSATSLAKNIQYF	1
CSASDPYGQGMGVETQYF	1
CSASMVPGTETQYF	1
CSASFADNEQFF	1
CSASFGTHFSAQYF	1
CSASPGGRPEKLFF	1
CSASQGAGGNTIYF	1
CSASATGSPPFGSEQYF	1
CSASGAASTDTQYF	1
CSASRAGGTDTQYF	1
CSARWSGYSNQPQHF	1
CSARYLAGHFSYNEQFF	1
CSARGGANVLTF	1
CSAREGRATEAFF	1
CSARKPSGANVLTF	1
CSARSLTLTSYEQYF	1
CSARSPRAYEQYF	1
CSARSAGEANEQFF	1
CSARPDLWTSGGQPNSYEQYF	1
CSARPDTYEQYF	1
CSARVLAGGLYEQFF	1
CSARVLVGGKENTGELFF	1
CSARVFEIGQYF	1
CSARASYNEQFF	1
CSARADRGRKGFYGYTF	1
CSARAQGPSSYNEQFF	1
CSARGWASGGAGANEQFF	1
CSARDWQESSYNEQFF	1
CSARDLVGLAGGFSGYEQYF	1
CSARDPREGWDEQFF	1
CSARDPGTGDVKPQHF	1
CSARDPGVLHEQYF	1
CSARDRVQVHGEQYF	1
CSARDVGGQKTYEQYF	1
CSARDMRGLRGTDTQYF	1
CSARDRYEQYF	1
CSARDFDRGGSYGYTF	1
CSAREDRLGGYEQYF	1
CSAREQAVGSGSLYEQFF	1
CSAREVPSGGSVYNEQFF	1
CSARESPRAGTSGGNIQYF	1
CSARNNSPRSSYNSPLHF	1
CSANPGGSTDTQYF	1
CSAKDLLAGEAETQYF	1
CSALGGGQETQYF	1
CSAPRRLAGVKQFF	1
CSAHNGGRELGNQPQHF	1
CSAAGTGGLINQPQHF	1
CSADSGMSYNEQFF	1
CSAPRVDGYGYTF	1
CSAQSTTRGDTGELFF	1
CSVRRMSPNEQFF	1
CSVQAVLWVDEQFF	1
CSVVRYTGELFF	1
CSVGPLTGNTGELFF	1
CSVEFPAGGVGEQFF	1
CSVEPTGQDYGYTF	1
CSVERGGEETQYF	1
CSVEVSTDTQYF	1
CSVEGADDNIHEQFF	1
CSVEDAITTDDTHYF	1
CSVEDGASGGADTQYF	1
CSVEDSFQETQYF	1
CSVENHGQPQHF	1
CSVMGAEVSGANVLTF	1
CSVPNWGALWETQYF	1
CSVVYRDFYYEQYF	1
CSVGTGFSGANVLTF	1
CSVRLLSGNEQFF	1
CSVKTGEGYEQYF	1
CSVINRVNEQYF	1
CSAQGGSATYEQYF	1
CSGGQDIYEQYF	1
WASSSEGGGSSYNEQFF	1
RASSPRPPEQYF	1
CASQQGSSTDTQYF	2
CASSGQTGRNEKLFF	2
CSASDSGTGNSGANVLTF	2
CATGENIQYF	1
CASGLVSGLSSGGLNFTDTQYF	1
CASGLVGALNEQFF	1
CAFTGVPYNEQFF	1
CASGTGLYEQYF	1
CACCTDTQYF	1
CACAPGGRRIYGYTF	1
CACGQGGQPQHF	1
CAWSPPGAPNTGELFF	1
CAWSLTVSNQPQHF	1
CAWWPGKLVWNQPQHF	1
CAWATGGYQPQHF	1
CAWDIQGGQPQHF	1
CAWEQGAATETQYF	1
CAWIPGQGYEQYF	1
CAWIDRVGAFF	1
CAWMPWTSGGTYEQYF	1
CAWMAGDGYTF	1
CAWTHRLAGPLRYNEQFF	1
CAWSFTGARGYTF	1
CAWSWDSRDNNEQFF	1
CAWSWKKGSGNTIYF	1
CAWSYGQPGETQYF	1
CAWSLRGDTDTQYF	1
CAWSPGDSYNEQFF	1
CAWSPNSNQPQHF	1
CAWSRTSGAGTGELFF	1
CAWSHRDREGYTF	1
CAWSVVGNEQYF	1
CAWSVIRPHNEQFF	1
CAWSVLLENTEAFF	1
CAWSVHSGANVLTF	1
CAWSVNSGGPAFF	1
CAWSVSTMGGVDGYTF	1
CAWSVSQEDQPQHF	1
CAWSVLGPGELFF	1
CAWSVRGLISYNEQFF	1
CAWSVHWGPEYF	1
CAWSVGTDTEAFF	1
CAWSAQETQYF	1
CAWSAAGRTGPQHF	1
CAWSGTGGLLHQPQHF	1
CAWSGTGNYGYTF	1
CAWSDRGNIQYF	1
CAWSESNQPQHF	1
CAWSIPALSYEQYF	1
CAWSIGAVNEQFF	1
CAWSPGTSVDEQFF	1
CAWSVTGLLSREKLFF	1
CAWSGTADWYF	1
CAWRLSSSYNSPLHF	1
CAWRNGGISLEQYF	1
CAWRKGTVLAYTF	1
CAWRPLAGGLYTQYF	1
CAWRPTGTGNTIYF	1
CARSPSGLYNEQFF	1
CAGSGGLEQYF	1
CAGGTAAIGELFF	1
CAGTETGLYEKLFF	1
CAENQGREQYF	1
CAIGAATSYEQYF	1
CAIEDETQYF	1
CAITGRGETQYF	1
CAISPVSGGAETQYF	1
CAISASGGDEQFF	1
CAISAGYGTEAFF	1
CAISGRRTFQVDEQYF	1
CAISGRHLSGANVLTF	1
CAISESMFGTGYSSGANVLTF	1
CAISESGLAGIADTQYF	1
CAISESEGTDTQYF	1
CAISESRGSLRDEYF	1
CAISNTGKGETQYF	1
CAIRRTGDTGELFF	1
CAINDRVAGELFF	1
CATLRDRANTDTQYF	1
CATNLLGEDTIYF	1
CATYSGGDNEQFF	1
CATLRGLAVHEQFF	1
CATRDSNYNEQFF	1
CATRTFVGRDTF	1
CATTVRGGQGDTQYF	1
CATSSGKNTEAFF	1
CATSSESEELFF	1
CATSSESGGYTF	1
CATSDLGGLGTGELFF	1
CATSDWSGEQFF	1
CATSDLPGAGALWTQYF	1
CATSDPGLGEASTQYF	1
CATSDDLGGVDTQYF	1
CATSDIAGGGTDTQYF	1
CATSDRTSGLNEQFF	1
CATSDGGGNAGEQFF	1
CATSDERDQPGREQFF	1
CATSSNRQGVSYEQYF	1
CATSRDSGGSEQYF	1
CATSRDRGSGANVLTF	1
CATRVGGTGELFF	1
CATRRGGIFQETQYF	1
CATNEVDEQFF	1
CATKVSNQPQHF	1
CATPKLVPQETQYF	1
CASRAGAEQYF	1
CASQAGGLPNEQFF	1
CASGIYNEQFF	1
CASGETYGYTF	1
CASTLEGASGANVLTF	1
CASTTGTEAFF	1
CASSRGSSTETQYF	1
CASSALAVGYEQYF	1
CASSAAISYEQYF	1
CASSIVGGVGAFF	1
CASSIRDLSYEQYF	1
CASSMALAGSYNEQFF	1
CASSIRSRGETQYF	1
CASSIALTGTYEQYF	1
CASSIGWGSNQPQHF	1
CASSIIAGGPDTQYF	1
CASSLTSGGAHEQFF	1
CASSPTGESSYEQYF	1
CASSDTIFGTGDGYTF	1
CASRGTGNQPQHF	1
CASNPDSSKNIQYF	1
CASSRARFESGANVLTF	1
CASSPGPGTYNEQFF	1
CASSRTNEQFF	1
CASSAQETQYF	1
CASSPNRDPNEKLFF	1
CASSLGRSETQYF	1
CASSSQGSGTEAFF	1
CASSLGQENSPLHF	1
CASSLPTSGEKLFF	1
CASSPLGQTYEQYF	1
CASSPQASRQAGNEQFF	1
CASSPYDTGELFF	1
CASSPGTGNTEAFF	1
CASSPNEGAKETQYF	1
CASSPPDSYEQYF	1
CASSPQGWNTEAFF	1
CASSPGSTGQGFAGELFF	1
CASSTGTGTEAFF	1
CASPRDYHSGANVLTF	1
CASRGTVLSYEQYF	1
CASRGTPGKYEQYF	1
CASRGETQYF	1
CASHHGQGGNTIYF	1
CASHNPGDFSYNEQFF	1
CASQTRPGTGLRVGEQYF	1
CASVLTLRQNIQYF	1
CASAGAGGNNEQFF	1
CASASNQGTQYF	1
CASARISYEQYF	1
CASGFETQYF	1
CASGPGYSYNEQFF	1
CASGQGHGNEQFF	1
CASGVASTDTQYF	1
CASGILTKEYGYTF	1
CASGIPEVQFF	1
CASGTGASNEQFF	1
CASGRANGYTF	1
CASGQGFAGANVLTF	1
CASDGGEIWRENHQTQYF	1
CASEASRGSYEQYF	1
CASETDYSNQPQHF	1
CASILRSYNEQFF	1
CASIRRALAATGELFF	1
CASIDPGQRNEQFF	1
CASILGGGSYNEQFF	1
CASIAGGPAYEQYF	1
CASIGSSYNEQFF	1
CASMGQAYEQYF	1
CASIEKTGQGNEQFF	1
CASTSVSGRVRNEQFF	1
CASTSSQGLSYGYTF	1
CASTKRGQGIQYF	1
CASTLGGAEQFF	1
CASTPWGSSYEQYF	1
CASTPRVGGGYNEQFF	1
CASTRSGKMNNEQFF	1
CASTREGSQNTEAFF	1
CASTQLSYNEQFF	1
CASTVTRTGYRGYTF	1
CASTAGGEQYF	1
CASTAIAGVNEQFF	1
CASTGIGNTGELFF	1
CASTGTSGSPADTQYF	1
CASTENWAGELFF	1
CASTRGHKETQYF	1
CASTRDGTYEQYF	1
CASTPGGTSGYNEQFF	1
CASTPGTESYGYTF	1
CASTRPGYQGTDTQYF	1
CASTGEVRETQYF	1
CASTEGPKNIQYF	1
CASTRGQKKLFF	1
CASTPTGSDTQYF	1
CASTSGGYEQYF	1
CASSFFAGTSGRVPYEQYF	1
CASSFLPSGGYNEQFF	1
CASSFSILETQYF	1
CASSFLGTGEQYF	1
CASSFRGLGYEQYF	1
CASSFRTGGRYEQYF	1
CASSFHTEAFF	1
CASSFGRLYQETQYF	1
CASSFGSQPMNTEAFF	1
CASSFGGNSYEQYF	1
CASSFGTGGAYEQYF	1
CASSFTEETQYF	1
CASSFTGGRTDTQYF	1
CASSFSSNQPQHF	1
CASSFSGNSYEQYF	1
CASSFRRANVLTF	1
CASSFRSSYEQYF	1
CASSFSPGQEQYF	1
CASSFWGPTGTDSYEQYF	1
CASSFRDSSKETQYF	1
CASSFQLAGTYEQYF	1
CASSFGGYEQYF	1
CASSFELMTGTDLYEQYF	1
CASSFSRNEQFF	1
CASSFRGWGNYGYTF	1
CASSLSGKQDTQYF	1
CASSLLWPQRPGANVLTF	1
CASSLQRDLHF	1
CASSLQGVNTEAFF	1
CASSLGDRAYEQYF	1
CASSLDGISYNEQFF	1
CASSLEGVIGDTQYF	1
CASSLEGRETQYF	1
CASSLMTGLVGEQYF	1
CASSLIAGERFF	1
CASSLRGRGPNEQFF	1
CASSLREGSYNEQFF	1
CASSLNKGRETQYF	1
CASSLFPNTGTTETQYF	1
CASSLFRGANYEQYF	1
CASSLFVRGQAGANVLTF	1
CASSLLAPTGSRSPLHF	1
CASSLSSGSPYEQYF	1
CASSLSGLTSYEQYF	1
CASSLSEGDSYNEQFF	1
CASSLSGTGANVLTF	1
CASSLSTRRVLELFF	1
CASSLYGRGLAGVTINTDTQYF	1
CASSLRLFRDQETQYF	1
CASSLVLGLAGSQETQYF	1
CASSLVLNRGLYEQYF	1
CASSLVAGTDQETQYF	1
CASSLAHNEQFF	1
CASSLASSLRAYNEQFF	1
CASSLALGLADLDDEQFF	1
CASSLALGFSEQFF	1
CASSLAGLAGLNEQFF	1
CASSLGGDTDTQYF	1
CASSLGFGTEAQETQYF	1
CASSLGVGPRIAEQYF	1
CASSLGGGDTQYF	1
CASSLGGLAGARREQYF	1
CASSLGTSSYNEQFF	1
CASSLGQGARTGELFF	1
CASSLGGAIGYEQYF	1
CASSLGGTQYF	1
CASSLDTGWETGELFF	1
CASSLTTGGNEQFF	1
CASSLSGTGNNEQFF	1
CASSLRDRGNEQYF	1
CASSSLQGNNQPQHF	1
CASSSPGVGRNEQFF	1
CASSSGGAAEAFF	1
CASSSLAPVYNEQFF	1
CASSSLVNRGFRTDTQYF	1
CASSSAGGGPDTQYF	1
CASSSGTEVETQYF	1
CASSSGLYAYEQYF	1
CASSSGLGRGPEQYF	1
CASSSETGTGGNEQFF	1
CASSSSGTTNTGELFF	1
CASSSLAVTYNEQFF	1
CASSSRTSGANVLTF	1
CASSSNRLQETQYF	1
CASSWPGGRRNEQFF	1
CASSYWRDNEQFF	1
CASSYYQGSGANVLTF	1
CASSYQSGTGGYEQFF	1
CASSYDTQYF	1
CASSYSSLFIPPPAALNTGELFF	1
CASSYSWGQGSSTDTQYF	1
CASSYSLAAGYNEQFF	1
CASSYSVWNTEAFF	1
CASSYSFAAAETQYF	1
CASSYSGPRDPEKMETQYF	1
CASSYSGAGGTEAFF	1
CASSYSIRDRDAGELFF	1
CASSYSSLAGGRGTQYF	1
CASSYSNLLVEETQYF	1
CASSYWSFSSGANVLTF	1
CASSYRGRILAGANVLTF	1
CASSYQGPPYEQYF	1
CASSYANGGSGRAESNEQFF	1
CASSYGGRGYEQYF	1
CASSYRNTGELFF	1
CASSYRQGYEQYF	1
CASSYNGGASEAFF	1
CASSYNTEAFF	1
CASSYKGGYEAFF	1
CASSLSDYGYTF	1
CASSLYEQYF	1
CASSLEGQPTDTQYF	1
CASSLRGRHTGELFF	1
CASSLTRGNLSEQYF	1
CASSLLETQYF	1
CASSLQGGSAGELFF	1
CASSLAGNTGELFF	1
CASSLTLRPTGEQFF	1
CASSPGDFPFRNEQFF	1
CASSPTTSGKGPQHF	1
CASSPRGGDEQFF	1
CASSPFTPRRSGANVLTF	1
CASSPLRFEGSSYNEQFF	1
CASSPPGGYTGELFF	1
CASSPQRRPVVEQFF	1
CASSPGTGKETQYF	1
CASSPDPWGEKLFF	1
CASSPDTSNSYNEQFF	1
CASSPLGATLGEQFF	1
CASSPDRAHYEQYF	1
CASSPLAGGWDEQFF	1
CASSPVAGGRQFF	1
CASSPGGPSTDTQYF	1
CASSPGLAGGMSYEQYF	1
CASSPEGGAGDTQYF	1
CASSPSSHTDTQYF	1
CASSRTSGGTDTQYF	1
CASSRGGETQYF	1
CASSRFVGNFYNEQFF	1
CASSRGSYEQYF	1
CASSRQPGGNTGELFF	1
CASSRTDRRQYF	1
CASSHPGTGRRYGYTF	1
CASSHGQPEAFF	1
CASSQGVAYEQYF	1
CASSQDSPSREQYF	1
CASSQTSGSIYEQYF	1
CASSQPGLVTYNEQFF	1
CASSVGMNTEAFF	1
CASSVSGSSETQYF	1
CASSVSPGTSGTGDEQFF	1
CASSASGGSTDTQYF	1
CASSARRGVEQFF	1
CASSALRETQYF	1
CASSAQPSSRPQHF	1
CASSATGPFSYEQYF	1
CASSAPGRGERHEQFF	1
CASSADTGSSTDTQYF	1
CASSGPDTTGTARLREQYF	1
CASSGGQPQGPQHF	1
CASSGITETYGYTF	1
CASSGLAGVVEQYF	1
CASSGRLAGGPGEQYF	1
CASSDRGRALDTQYF	1
CASSEGTGDYNEQFF	1
CASSEGSSYNSPLHF	1
CASSEFVRGGQPQHF	1
CASSESELGRYEQYF	1
CASSEYGWEGRNEQFF	1
CASSEYEGPSGANVLTF	1
CASSEYPGSTDTQYF	1
CASSELTGNYEQYF	1
CASSEPSSGNQPQHF	1
CASSEVQTNQPQHF	1
CASSETWTSGSEQYF	1
CASSETGRGNEQYF	1
CASSERGGDYLGNEQFF	1
CASSIVGGSYEQYF	1
CASSRFRGSNQPQHF	1
CASSRGPTSYEQYF	1
CASSKTSSTDTQYF	1
CASSFFQETQYF	1
CASSFWVYGDRVNQETQYF	1
CASSFPWGGRSYNEQFF	1
CASSFRRTSTDTQYF	1
CASSFRRALVWAGGHMDTQYF	1
CASSFSVGSDEQYF	1
CASSFSRYNQPQHF	1
CASSFRDYLYNEQFF	1
CASSFRDTRRYQETQYF	1
CASSFRTGGWSGYTF	1
CASSFGQGPYEQYF	1
CASSFGQGSTDTQYF	1
CASSFNQGTSGRAPNEQFF	1
CASSLFRGGNTGELFF	1
CASSLYSTQETQYF	1
CASSLHMVAGANVLTF	1
CASSLVRDTPGPYGDLALPRVQFF	1
CASSLASGGVYNEQFF	1
CASSLAAGRDVGQPQHF	1
CASSLGGVASPLHF	1
CASSLGYTDTQYF	1
CASSLGLAGARSYNEQFF	1
CASSLGLGNEQFF	1
CASSLIGGAEETQYF	1
CASSLRAGVLYEQYF	1
CASSLNSDPYEQYF	1
CASSLLAGEEYEQYF	1
CASSLLGLVEETQYF	1
CASSLSGGPDEQFF	1
CASSLSQNIYEQYF	1
CASSLLLREGDTQYF	1
CASSLRRLAGGETQYF	1
CASSLRSNEQFF	1
CASSLRDRVNNEQFF	1
CASSLVSGHEQFF	1
CASSLVPDEAFF	1
CASSLVAGVGLDTQYF	1
CASSLVGSGRVYEQYF	1
CASSLVEAGDRLAKNIQYF	1
CASSLVPGQGGGFEETQYF	1
CASSLVQASAKDTQYF	1
CASSLVAGEAKNIQYF	1
CASSLVGYEQYF	1
CASSLVMVGAATGNEQFF	1
CASSLVSASTGGYTF	1
CASSLAVGGTTEAFF	1
CASSLAVVAGELFF	1
CASSLAGTGGYLYEQYF	1
CASSLAFTDTQYF	1
CASSLAVSGGANEQFF	1
CASSLAATGILKGITEAFF	1
CASSLATRETQYF	1
CASSLAELAGTPYEQYF	1
CASSLGPAYEQYF	1
CASSLGASASSGTQYF	1
CASSLGVGGQETQYF	1
CASSLGGATWQFF	1
CASSLGGGSYEQYF	1
CASSLGGGTQYF	1
CASSLGTSGITDTQYF	1
CASSLGRLAETQYF	1
CASSLGLAGYNEQFF	1
CASSLGLTIHENVLTF	1
CASSLGGGTEKIAEQFF	1
CASSLGDTQYF	1
CASSLDPSTDTQYF	1
CASSLDGISTDTQYF	1
CASSLELRPSGEQFF	1
CASSLEPRGTHTDTQYF	1
CASSLETGTGGNEQYF	1
CASSLMFGSSYNEQFF	1
CASSLSFSNQPQHF	1
CASSLRASGKNEQFF	1
CASSLRAGGPTSGSYEQYF	1
CASSLRDEQFF	1
CASSLRDREQETQYF	1
CASSLKTVDNEQFF	1
CASSLKIQTNLNNEQFF	1
CASSSPVSSGVSNEQFF	1
CASSSPGGPGPDTQYF	1
CASSSSGIGAGELFF	1
CASSSSGRAFDEQYF	1
CASSSWGDGNTEAFF	1
CASSSLGAYNEQFF	1
CASSSLAGGPGEGMYEQFF	1
CASSSPTGARTYEQYF	1
CASSSRDRGEQFF	1
CASSSVRTSGSSYEQYF	1
CASSSVAGRPYEQYF	1
CASSSAKETQYF	1
CASSSGASGSTDTQYF	1
CASSSGRGAPYNEQFF	1
CASSSGAWNSPLHF	1
CASSSGLAEYNEQFF	1
CASSSGQGNTEAFF	1
CASSSETILGYNEQFF	1
CASSSIGLAGDNEQFF	1
CASSSTLGAGELFF	1
CASSSLAGHNEQFF	1
CASSSPLPDTQYF	1
CASSSGLAYEQYF	1
CASSSDSDQETQYF	1
CASSSIYEQYF	1
CASSSTGAIYNEQFF	1
CASSSKGGAYEQYF	1
CASSSLRGSRNQPQHF	1
CASSSPNARPETQYF	1
CASSSAGTDQETQYF	1
CASSSGGGVGETQYF	1
CASSSNRATYEQYF	1
CASSSKAGGHGEQFF	1
CASSYGLADNEQFF	1
CASSYPSGEPETQYF	1
CASSYRDSPDTQYF	1
CASSYKTVVSGNTIYF	1
CASSLWGEETQYF	1
CASSLGQGRNQPQHF	1
CASSLNPQWGGSYEQYF	1
CASSLGVPYYSNQPQHF	1
CASSLDSYEQYF	1
CASSLGNSYEQYF	1
CASSLGVSYEQYF	1
CASSLGGDRETQYF	1
CASSLGLGLNEQFF	1
CASSLGRHRDEQFF	1
CASSLDGRQFETQYF	1
CASSLGPEGEGSLEETQYF	1
CASSLRMESGLGELFF	1
CASSPPPGPGRGKTQYF	1
CASSPGNEQFF	1
CASSPLDHGGEQFF	1
CASSPSTGSETQYF	1
CASSPYPRGRANVLTF	1
CASSPLGSLADEQFF	1
CASSPLNEQYF	1
CASSPPGELFF	1
CASSPPSGGTDTQYF	1
CASSPRNTGANVLTF	1
CASSPRLAGAPAVSYEQYF	1
CASSPHLTWQRLYGYTF	1
CASSPHGGRVYEQYF	1
CASSPDPQLGYTF	1
CASSPDRVRRNTQYF	1
CASSPINQGVEQYF	1
CASSPSLTGRETQYF	1
CASSPPLRTGNFF	1
CASSPADGTQYF	1
CASSPGFSYEQYF	1
CASSPEAGATLAEQYF	1
CASSPIGPMNTEAFF	1
CASSPRGQVAIF	1
CASSPSWDRSAGELFF	1
CASSPLGGVEETQYF	1
CASSPLGQGQEQYF	1
CASSPLAGGYNEQFF	1
CASSPQRSGTGNSPLHF	1
CASSPVRGRSSAAKETQYF	1
CASSPGWGYEQYF	1
CASSPGLVSYEQYF	1
CASSPIVRGRVIYEQYF	1
CASSPTGGIEQFF	1
CASSPNQGGFNAPLHF	1
CASSRLTSSGDTQYF	1
CASSRGTSVSYEQYF	1
CASSRTLAGETQYF	1
CASSRFGTSAYEQYF	1
CASSRWDSFYEQYF	1
CASSRGGGQETQYF	1
CASSRGQNYEQYF	1
CASSRTSGSNTQYF	1
CASSRTGSSTDTQYF	1
CASSRRQGGSTEAFF	1
CASSRLQGKNQPQHF	1
CASSRPPNTGELFF	1
CASSRPKELTSRTRGGEQFF	1
CASSRRQRISGGYTF	1
CASSHSYNEQFF	1
CASSHLGGSGANVLTF	1
CASSHSNTGELFF	1
CASSHLIETTNNEQFF	1
CASSHRTSGAAQYF	1
CASSHNRGWSTGELFF	1
CASSQGTDEQYF	1
CASSQGRGLAGPQETQYF	1
CASSQGLADRNEQFF	1
CASSQMKGAWETQYF	1
CASSQSIPDDQPQHF	1
CASSQRDRVETQYF	1
CASSQPGQGLYEQYF	1
CASSQPGQRFYEQYF	1
CASSQQGEADTQYF	1
CASSQVHLAACEQFF	1
CASSQVPPGLADHNEQFF	1
CASSQAVPYEQYF	1
CASSQAGGVATGELFF	1
CASSQGVYRYKFF	1
CASSQGEQFF	1
CASSQGQVREAFF	1
CASSQDRQGGTEAFF	1
CASSQDGGVYEQYF	1
CASSQDDRLEGFGYTF	1
CASSQDISISYEQYF	1
CASSQDIWTGGFQPQHF	1
CASSQDYRAGTQYF	1
CASSQDLDSSSYNEQFF	1
CASSQDASGIMKTQYF	1
CASSQEGNNEQFF	1
CASSQEGAGSSYEQYF	1
CASSQESTRGYTF	1
CASSQEMKQFF	1
CASSQTPDRRSGANVLTF	1
CASSQRDRDIGGYTF	1
CASSVFGGGKETQYF	1
CASSVDRPSGEQYF	1
CASSVRGGYEQYF	1
CASSVALAGGPHSYNEQFF	1
CASSVGTARTEAFF	1
CASSAVEAGELFF	1
CASSARELAYF	1
CASSAQRRGYSGANVLTF	1
CASSAEGGTLDEQFF	1
CASSAGLAGWNEQFF	1
CASSAPGTAFSGANVLTF	1
CASSAGQGPRLGSGNTIYF	1
CASSGVDNEQFF	1
CASSGGGNTF	1
CASSGGPGGNSPLHF	1
CASSGGGGTDTQYF	1
CASSGTGVGEQFF	1
CASSGPDREKINEQFF	1
CASSDLGTHWSYEQYF	1
CASSDGLGGQETQYF	1
CASSERTIWETQYF	1
CASSERGDPYNEQFF	1
CASSMYGGANVLTF	1
CASSMLGGRDDGYTF	1
CASSIYPGTAPYNEQFF	1
CASSTRDRVSRRTQYF	1
CASSTGAGAYEQYF	1
CASSTSHLEGNQPQHF	1
CASSSSGSDEQYF	1
CASSRSGGENEQYF	1
CASSNYRVYNEQFF	1
CASSKTRTGDEQFF	1
CASSKSETGFLFGANVLTF	1
CASSKLAIFGVDTQYF	1
CASSKAQGGREQYF	1
CASSKDEYGYTF	1
CASRFSGGYNEQFF	1
CASRLYAGGSNEQFF	1
CASRLRGIGNEQFF	1
CASRYQGLLYNEQFF	1
CASRLGDTQYF	1
CASRPSGEPVGEQFF	1
CASRPDSGSDIDTQYF	1
CASRPESRETQYF	1
CASRPAGTTNEQFF	1
CASRRGGAYNEQFF	1
CASRRTGVNTGELFF	1
CASRQSGRAGGETQYF	1
CASRARGRTQETQYF	1
CASRAEVQETQYF	1
CASRAGDTTGELFF	1
CASRGFVGEGYEQFF	1
CASRGPHRTGNTIYF	1
CASRGRAGGPYNEQFF	1
CASRGQNTGELFF	1
CASREGLHTQYF	1
CASRENVGISYNEQFF	1
CASRKREVQETQYF	1
CASRLAGAKNIQYF	1
CASRPLAGENTGELFF	1
CASRPTSGELFF	1
CASRPGGGRSLNNEQFF	1
CASRPRTSADTQYF	1
CASRPSGEGSYEQYF	1
CASRRQGSGELFF	1
CASRRQGFGAQYF	1
CASRQLPGPSGWYGYTF	1
CASRVTYEQYF	1
CASRATGGAETQYF	1
CASRMGQGARGANVLTF	1
CASNPGPYNEQFF	1
CASNQNQGATDTQYF	1
CASNAASGDTQYF	1
CASNPLAGGPNEQFF	1
CASNEEGGGDYEQYF	1
CASNRNLNTEAFF	1
CASKYNSGLSYEQYF	1
CASKQAVLGGELFF	1
CASKAAGGVDTQYF	1
CASKRLADYNEQFF	1
CASKLREAEKLFF	1
CASKSGTGLGEQYF	1
CASKGQGATGELFF	1
CARGRANEQFF	1
CARKPGQGSNSPLHF	1
CATAGTPGANVLTF	1
CATGQGGDTQYF	1
CASRGIYSQETQYF	1
CASRGGDRNIFSNNEQFF	1
CASKGAKNIQYF	1
CASGPSSFGTGSSGANVLTF	1
CASGTGGTGANVLTF	1
CASGRVGPGNEQFF	1
CASEVPGDPETQYF	1
CASMNQVVDEKLFF	1
CASTFNTGTEETQYF	1
CASTSGGRSPDEQYF	1
CASTWLGTSVETQYF	1
CASTLAETGGDEQFF	1
CASTPTLSRGSSYEQYF	1
CASTPGQGRGVPFVNNEQFF	1
CASSSSRDTQYF	1
CASSSVAGLRFGETQYF	1
CASSWSFPRETQYF	1
CASSVVGRQETQYF	1
CASSDSRVGQFF	1
CASSESSPEGADTQYF	1
CASSESGASGGPGETQYF	1
CASSELAGQETQYF	1
CASSSGLAGGGKVFNEQFF	1
CASSKTSGFITGANVLTF	1
CASSFPGLANEQFF	1
CASSFHWASLNEQFF	1
CASSFGQQYQETQYF	1
CASSFGQGLDTQYF	1
CASSFGTGSLNYGYTF	1
CASSFGNEQFF	1
CASSFDPWDEQFF	1
CASSFTGTTTYEQFF	1
CASSFSGRAGNEQFF	1
CASSFRTSFDYEQYF	1
CASSFNPRLAGETQYF	1
CASSFKGGYEQYF	1
CASSFLNSLIQETQYF	1
CASSFAPTGELFF	1
CASSFGTSGGQETQYF	1
CASSFGSGEETQYF	1
CASSFETGSNEKLFF	1
CASSFETGPWGGYEQYF	1
CASSLLAGGWDEQFF	1
CASSLLFRSGEQFF	1
CASSLSPVGDTGELFF	1
CASSLLAQGLDYEQYF	1
CASSLLGATYEQYF	1
CASSLLAENGEQFF	1
CASSLPGTGLKHEQYF	1
CASSLQGQGSTDTQYF	1
CASSLVSSGGPYNEQFF	1
CASSLVPETYEQYF	1
CASSLVGGLSYEQYF	1
CASSLVWGQETQYF	1
CASSLVFGETQYF	1
CASSLVGGPPGYEQYF	1
CASSLARTMNTGELFF	1
CASSLAAGTSGETQYF	1
CASSLAATSDGYTF	1
CASSLAGSGANVLTF	1
CASSLAFVTGSPEQYF	1
CASSLASGGGTDTQYF	1
CASSLASGLLAETQYF	1
CASSLALGRQYQETQYF	1
CASSLAPSGGDNEQFF	1
CASSLAGSGIHYEQYF	1
CASSLAGETQYF	1
CASSLADGGTETQYF	1
CASSLANSPWGRGQETQYF	1
CASSLAQFPYNEQFF	1
CASSLATSGRSWGVTQYF	1
CASSLGLLAGGSSYEQYF	1
CASSLGSSQQETQYF	1
CASSLGYRYRLVPYEQYF	1
CASSLGQGGNEQFF	1
CASSLGGVALANEQFF	1
CASSLGGQGDEQYF	1
CASSLGSGANVLTF	1
CASSLGSSGDPSTDTQYF	1
CASSLGLTGEETQYF	1
CASSLGLTIYEQYF	1
CASSLGQFYGYTF	1
CASSLGRAGETQYF	1
CASSLGGYEQYF	1
CASSLGDLYSYNEQFF	1
CASSLGTNTGELFF	1
CASSLGNRGQETQYF	1
CASSLGLAFETQYF	1
CASSLGLGAYNEQFF	1
CASSLDRGSYNEQFF	1
CASSLDPPRETQYF	1
CASSLDGFSGNTIYF	1
CASSLDGGSGETQYF	1
CASSLDRGQETQYF	1
CASSLELGGPYNEQFF	1
CASSLEGSTEAFF	1
CASSLEGLETQYF	1
CASSLEGGAKFF	1
CASSLEGQGYEQYF	1
CASSLEGGGYQPQHF	1
CASSLEGDASDEQYF	1
CASSLIQGLGNEQFF	1
CASSLIEGGPQETQYF	1
CASSLIREGEQYF	1
CASSLIQGQETQYF	1
CASSLSNSYEQYF	1
CASSLRAETQYF	1
CASSLNSAYNEQFF	1
CASSLNPGQGVNEQFF	1
CASSLKARGILEGEQYF	1
CASSLLGIGGETQYF	1
CASSLYPAAGAQETQYF	1
CASSLPGQGFPGSYEQYF	1
CASSLVETQYF	1
CASSLAGTGGPDTQYF	1
CASSLGSLAGETQYF	1
CASSLGHLEAFF	1
CASSLDGGDQGTQYF	1
CASSLTSGNQETQYF	1
CASSSGGQGSQETQYF	1
CASSSTGTSQETQYF	1
CASSSRTGSVRSETQYF	1
CASSSLGTSGRRGGETQYF	1
CASSSLTGDYGYTF	1
CASSSVGAQETQYF	1
CASSSGGSVTQYF	1
CASSSGGTRGTGETQYF	1
CASSSGITQETQYF	1
CASSSTGQTDQETQYF	1
CASSSTGTTADTQYF	1
CASSSSSSGAKHANYEQYF	1
CASSSGVGHTEAFF	1
CASSSTVGALQETQYF	1
CASSSSQETQYF	1
CASSSSGAQETQYF	1
CASSWPSEGGGTDTQYF	1
CASSWGRVTDTQYF	1
CASSWGRGETQYF	1
CASSWGLASDEQFF	1
CASSWGLAISTDTQYF	1
CASSWGQGQYEQYF	1
CASSWDRTQETQYF	1
CASSYGHPRLHYEQYF	1
CASSYSGTTQETQYF	1
CASSYPPSGGAPDTQYF	1
CASSYPKAQGKELIPTIAEQYF	1
CASSYGGGRFQETQYF	1
CASSYGLAGGPDTQYF	1
CASSLRSREETQYF	1
CASSLGWGVLFYGYTF	1
CASSLGETTDF	1
CASSLDRVLWYF	1
CASSLDRMSTDTQYF	1
CASSLGPHDRETQYF	1
CASSLGDSSRNEQFF	1
CASSLGTGNQPQHF	1
CASSLIGTSPYNEQFF	1
CASSLRQGNEKLFF	1
CASSPRAFQTGTNNEQFF	1
CASSPGRGANTGELFF	1
CASSPGLAGITGELFF	1
CASSPYQKQGSETQYF	1
CASSPLNRGRAVNEQFF	1
CASSPRGLDYEQYF	1
CASSPRVSGNEQFF	1
CASSPPIAGGEGEQFF	1
CASSPVASGSYNEQFF	1
CASSPAPNQPQHF	1
CASSPAPSRETQYF	1
CASSPGQGAYEQYF	1
CASSPEGGAGEQFF	1
CASSPEPYNEQFF	1
CASSPRLLAAGDNTEAFF	1
CASSPSRGISYNEQFF	1
CASSPSRQEETQYF	1
CASSPRDRGGLQETQYF	1
CASSPKGGGLQETQYF	1
CASSRQSSSIETQYF	1
CASSRDPGTLTPNEQFF	1
CASSRGLAGQQETQYF	1
CASSRSLAGEETQYF	1
CASSRGLAGEAKNIQYF	1
CASSRDTYEQYF	1
CASSHDRGVGYTF	1
CASSHPDQNNEQFF	1
CASSHGGLGDTQYF	1
CASSQVRGATNEKLFF	1
CASSQGPGQETQYF	1
CASSQELVRETQYF	1
CASSQKGGGETQYF	1
CASSQLLDALTHNEQFF	1
CASSQSPVGGSYEQYF	1
CASSQVGSGNEQFF	1
CASSQVGGPGAVADTQYF	1
CASSQVWGENTEAFF	1
CASSQVVRGSETQYF	1
CASSQALSGFDQPQHF	1
CASSQAVGGAGKPQHF	1
CASSQDYFGIGVHASSYEQYF	1
CASSQDTAGGKYEQYF	1
CASSQEGEETQYF	1
CASSQEQSYEQYF	1
CASSAGQGLRETQYF	1
CASSATGFPYNEQFF	1
CASSGYRTAVKETQYF	1
CASSGRLAADTQYF	1
CASSGDRRKETQYF	1
CASSGDRTTEAFF	1
CASSGQGLKQETQYF	1
CASSDTGSNFETQYF	1
CASSDGDRETQYF	1
CASSEPGLTYEQYF	1
CASSIVPRETQYF	1
CASSMRGQETQYF	1
CASSTAQGGGFETQYF	1
CASSTDSFQETQYF	1
CASSTSGRGGEQFF	1
CASSSSGTRAGEQYF	1
CASSRWGGTQYF	1
CASSNYEREVWRETQYF	1
CASSKGFGETQYF	1
CASRSTGKPLQETQYF	1
CASRYLPGQQKETQYF	1
CASRVLETQYF	1
CASRAGGEETQYF	1
CASRGDNYGYTF	1
CASRDPRAPPSSYNEQFF	1
CASRITPRTGWSTDTQYF	1
CASRSGPNTGELFF	1
CASRPAGQTSYNEQFF	1
CASRPGTGVYNEQFF	1
CASRPSTPGGRGDTQYF	1
CASRGLNSGPVFTDTQYF	1
CASRGSYQETQYF	1
CASRGNEKLFF	1
CASNTGLAAGYQETQYF	1
CASKDSPALETQYF	1
CASKRVRASGANVLTF	1
CANLTGTLPYNEQFF	1
CSVRTSGSTDTQYF	1
CSVGTASTDTQYF	1
CSALPTGTDYEQYF	1
CSAPSIPSGANVLTF	1
CSAPGPTNTEAFF	1
CSAPMGGGVPSGANVLTF	1
CSAGQRTNQPQHF	1
CSAGAGMNTEAFF	1
CSAIPGLAGPFADTQYF	1
CSATRSGTPYEQYF	1
CSATDPWSYNEQFF	1
CSASVWTSDQETQYF	1
CSASGGNPYEQYF	1
CSASRLQYNQPQHF	1
CSASKSEGDSSYEQYF	1
CSASFPGTRSDEQFF	1
CSASPLRGGQETQYF	1
CSASALRTGPLEQYF	1
CSASTSGGRETQYF	1
CSARPITGGESPLHF	1
CSARGPTDTQYF	1
CSAREDSNQPQHF	1
CSARNGGQETQYF	1
CSARFQGFGTDQETQYF	1
CSARLEGLPQTQQYF	1
CSARQGNSPLHF	1
CSARVPGAGGPLYTQYF	1
CSARVPYKRGHSYNEQFF	1
CSARVPDTYEQYF	1
CSARVGGDYEQYF	1
CSARVSRFTLPNQPQHF	1
CSARAHYGTKGLLAKNIQYF	1
CSARAFDREDHSQHF	1
CSARGREDTYEQYF	1
CSARDYWASRDEQFF	1
CSARDLRQGSVNTGELFF	1
CSARDVATSGGTQYF	1
CSARDRFRGFRDLNEQYF	1
CSARDRGGRLARTAETQYF	1
CSAREAGELYNYGYTF	1
CSARTGTSSETQYF	1
CSARSGMISDTQYF	1
CSANGWGLETQYF	1
CSARGQSNTGELFF	1
CSATLADQTSYEQYF	1
CSSLVLRKSTDTQYF	1
CSWGQNTEAFF	1
CSVLWRAGELFF	1
CSVPDGTGELFF	1
CSVVIRKGRHLLAEQYF	1
CSVVSGGPREQFF	1
CSVVPTAVAHTDTQYF	1
CSVAPSNLPDEQFF	1
CSVGRRGTIGTDTQYF	1
CSVGQNTEAFF	1
CSVDTGVGDTQYF	1
CSVELRRGGANVLTF	1
CSVESGNEQFF	1
CSVEPREVYNEQFF	1
CSVEGATSPPYGYTF	1
CSVEGMGSGSYNEQFF	1
CSVEDDRDYEQYF	1
CSVEEEVYNVGTVNTEAFF	1
CSVEKAQGGIQYF	1
CSVRPAAGANVLTF	1
CSVTQGASGSASGANVLTF	1
CSVSGTGWKRGPYEQYF	1
CSEAGGLYNEQFF	1
RASSPSYRGGDQETQYF	1
CASSLAGPSTDTQYF	2
CASSLGGLHSGANVLTF	1
CASSGTGSTGELFF	1
CALGSGYEQYF	1
CASRQGASEKLFF	1
CACPKTGPGELFF	1
CACRTGAGVEQFF	1
CACYPGRNTEAFF	1
CAWQNRGSQPQHF	1
CAWADWSSYNEQFF	1
CAWGPTSYEQYF	1
CAWGRGGDYQPQHF	1
CAWILWRTEAFF	1
CAWTSGSSYNEQFF	1
CAWTQETGELFF	1
CAWSSQRVELFF	1
CAWSPGGHYNEQFF	1
CAWSVFEGLGETQYF	1
CAWSVFRTSPGEQYF	1
CAWSVGQEGSPLHF	1
CAWSVSGNEQFF	1
CAWSVGLAGDGSTDTQYF	1
CAWSVRDRARGNTIYF	1
CAWSVRRNTEAFF	1
CAWSVHSGYQPQHF	1
CAWSVGAGGNSPLHF	1
CAWSVIPYSYNSPLHF	1
CAWSGTGSPYEQYF	1
CAWSDPDRGNGNTIYF	1
CAWSDRSYEQYF	1
CAWSELAGGPRIQYF	1
CAWSMRGGARGYTF	1
CAWSTASYEQYF	1
CAWSTGHNTGELFF	1
CAWSRQVYEQYF	1
CAWSLRGGWNQPQHF	1
CAWSRPGTSAYEQYF	1
CAWSRRIVAGEGIRFAYNEQFF	1
CAWSAGEDGRPQHF	1
CAWSGTDLNQPQHF	1
CAWREKYEQYF	1
CAWRPAGRNGELFF	1
CAWRQQDNSPLHF	1
CAWRDQENQPQHF	1
CAWRISGGQGSPLHF	1
CAWRNDRVDEQFF	1
CAWNRGLNGELFF	1
CAWKGGLSMNTEAFF	1
CALRASGSTDTQYF	1
CALRPTPYWTQYF	1
CAAAGQAASDEQYF	1
CAILVDRHYYGYTF	1
CAIQTGFYNEQFF	1
CAIGTPYSGANVLTF	1
CAIEGRTQYEQYF	1
CAIIRDAYSGANVLTF	1
CAISLVTSDSRRYNEQFF	1
CAISESEETQYF	1
CAISESSIRDYEQYF	1
CAISEPKGTSGENEQFF	1
CAISETGQGLLQSTQYF	1
CAISEPSSGISDEQYF	1
CAIRDRSETQYF	1
CAINVQNNEQFF	1
CATSSVGTGELFF	1
CATPGGRENEQFF	1
CATALGTLFSGELFF	1
CATIAAGTGTTEAFF	1
CATTRQGRSSYEQYF	1
CATSRRVGSSYNEQFF	1
CATSVAGANVLTF	1
CATSVAGPNIYNEQFF	1
CATSGDRGLSYNEQFF	1
CATSDLSSGSNEQFF	1
CATSDLTGDEQYF	1
CATSDLSDSTDTQYF	1
CATSDLRGNEQFF	1
CATSDPRKVGGEQFF	1
CATSDDLAGRGYNEQFF	1
CATSDTRGGETQYF	1
CATSDLLSVLTF	1
CATSEPPGRRFF	1
CATSEGSVSSGANVLTF	1
CATSPVTGGLNEQFF	1
CATSRGDRPRNEQFF	1
CATSRDIQGTSHNEQFF	1
CATGGGGANVLTF	1
CASGGGPPDTQYF	1
CASTLRREGETQYF	1
CASTKSGSDEQFF	1
CASSSLSGELFF	1
CASSLGTSGSYEQYF	1
CASSPRGNIPYEQYF	1
CASSPGTHITGYTF	1
CASSAQGAGANVLTF	1
CASSETRQETQYF	1
CASSIRRGGRAQETQYF	1
CASSIEAGSYNEQFF	1
CASSISAGVSYNEQFF	1
CASSMDRGREETQYF	1
CASSMSPTSADTQYF	1
CASSISHRGFTGELFF	1
CASSIWGTENGYTF	1
CASSIGGTANQPQHF	1
CASSIEAARPYNEQFF	1
CASSTNNRVLGQPQHF	1
CASSSTGAHYSKNIQYF	1
CASSRPGTIHEQYF	1
CASSRDRDLYEQYF	1
CASSKTGGSGANVLTF	1
CASSPRRRGTEQYF	1
CASRVAGGSYEQYF	1
CASRGQGYNEQFF	1
CASRNGANTEAFF	1
CASLTGMFTGELFF	1
CASSPLEDRRNTEAFF	1
CASSLGTGGHYEQYF	1
CASSRGGVNTGELFF	1
CASSRETGQETQYF	1
CASSQHTNRGSSEQYF	1
CASSLSDRDQETQYF	1
CASSLSGQPQHF	1
CASSGPGQGNEKLFF	1
CASSSIEMNTEAFF	1
CASSSDEPSNQPQHF	1
CASSWSEGYTDTQYF	1
CASSLNIAPQGADYEQYF	1
CASSLPTATNEKLFF	1
CASSPNGGNTIYF	1
CASSPGTGDYEQYF	1
CASSPSTEETQYF	1
CASSPSTGGETQYF	1
CASSPWDRGGNTEAFF	1
CASSPLGTSGEVYNEQFF	1
CASSPPPGSSYNEQFF	1
CASSPVTVISNQPQHF	1
CASSPGTSDTQYF	1
CASSPIGGSYTF	1
CASSRGTGNNEQFF	1
CASSRITGEATEAFF	1
CASLSHGAGGYNEQFF	1
CASLPGQAHEQYF	1
CASLRSGASGSRPDTQYF	1
CASRSYHEQFF	1
CASRYALAGSSTDTQYF	1
CASRPGSSGANVLTF	1
CASHGTSGDSYNEQFF	1
CASARADFSYNEQFF	1
CASASPASNQPQHF	1
CASAPPGGSTDTQYF	1
CASAPRGNYGYTF	1
CASARQGGPYEQYF	1
CASGRGETQYF	1
CASGGSSYNEQFF	1
CASGSTEPDRSYNEQFF	1
CASELKALGANVLTF	1
CASIGEDSLPLHF	1
CASIRNNEQFF	1
CASMGSGANVLTF	1
CASMRTITDTQYF	1
CASTSRGGNTGELFF	1
CASTYGGGYEQYF	1
CASTLDSYNEQFF	1
CASTPRRTVLIGTQYF	1
CASTPFPSGRADTYNEQFF	1
CASTPLAGGNRDEQFF	1
CASTPVLSGGYPGTGELFF	1
CASTRVLAGAYEQYF	1
CASTRDRKFF	1
CASTRTERYYGYTF	1
CASTHQWTGPIHEQYF	1
CASTQQLGTGGGERFF	1
CASTVWLADYNEQFF	1
CASTGGPVPYEQYF	1
CASTEGTSGIETQYF	1
CASTENSNQPQHF	1
CASTTSGHGQETQYF	1
CASTVVVNYEQYF	1
CASTGQGGETQYF	1
CASTPQGMGAETQYF	1
CASSFLEGWKEQFF	1
CASSFSSQEQYF	1
CASSFSRSYEQYF	1
CASSFSGGAQETQYF	1
CASSFSGGAGSEKFF	1
CASSFSGKDTQYF	1
CASSFLRGPGTEAFF	1
CASSFVLSGGDNEQFF	1
CASSFGRVEQFF	1
CASSFGSGTEPQHF	1
CASSFGQANYEQYF	1
CASSFSGSTETQYF	1
CASSFRTGRNQPQHF	1
CASSFSRRGGRGNEQFF	1
CASSFSGLRYEQYF	1
CASSFPGPPGGIQYF	1
CASSFPGGAGTDTQYF	1
CASSFRLSGANVLTF	1
CASSFRVGVNFNEQFF	1
CASSFHRGRTGELFF	1
CASSFVASGRRMKFF	1
CASSFAHAGRNEQYF	1
CASSFGGLAGGAYEQYF	1
CASSFGGGTGVNEQFF	1
CASSFGAYNEQFF	1
CASSFDRGSNQPQHF	1
CASSFILYEQYF	1
CASSFNRETDTQYF	1
CASSFKLAPRSSYNEQFF	1
CASSLRWGGEPQHF	1
CASSLAQADTQYF	1
CASSLGGLVGDL	1
CASSLGTSYEQYF	1
CASSLGRGASNPGELFF	1
CASSLGRQQYF	1
CASSLGGTPYNEQFF	1
CASSLTPKETQYF	1
CASSLSEQFF	1
CASSLRGAGANVLTF	1
CASSLLFSGANVLTF	1
CASSLSLGTGDEKLFF	1
CASSLSPQSVSQETQYF	1
CASSLSARGGGYNEQFF	1
CASSLSEAQETQYF	1
CASSLPAGGTFYEQYF	1
CASSLALSGTFSYNEQFF	1
CASSLAYSSSSYNSPLHF	1
CASSLALLSGSSYNEQFF	1
CASSLALLRTPGGEQFF	1
CASSLAKGGLRKNNEQFF	1
CASSLGSLYNEQFF	1
CASSLGPRKGETQYF	1
CASSLGRSSSYNEQFF	1
CASSLGQPNEQYF	1
CASSLGVGRGLGEQYF	1
CASSLGASEYNEQFF	1
CASSLGAGGAYNEQFF	1
CASSLGAGGYEQYF	1
CASSLGGVSGNNEQFF	1
CASSLDGGPTYEQYF	1
CASSLDGNEQFF	1
CASSLIVTGGYEQYF	1
CASSLTRGFGLAAEVADTQYF	1
CASSLTGQGLTDTQYF	1
CASSLTREGGELFF	1
CASSLTASDQETQYF	1
CASSLTGGRRQPQHF	1
CASSLRLAGGLSYNEQFF	1
CASSLRGRTNEQFF	1
CASSLKGSHNYEQYF	1
CASSSPGDRSYEQYF	1
CASSSPTGTSGGAGPTSTDTQYF	1
CASSSHDLETQYF	1
CASSSLRGGSYNSPLHF	1
CASSSRNQPQHF	1
CASSSRLVSSSGTTIYF	1
CASSSGLAGEGEQYF	1
CASSSMTGANTGELFF	1
CASSSPSTGTLDEQYF	1
CASSSGGSSYEQYF	1
CASSSDRSSYNEQFF	1
CASSSRGTYEQYF	1
CASSSISRIGLLAGRSGNEQFF	1
CASSSTPRGHGYTF	1
CASSWGTTGANVLTF	1
CASSWTRETAIGYEQYF	1
CASSYSDSGQFF	1
CASSYGGMGTGELFF	1
CASSYRGYEQYF	1
CASSYRQGDAGLSTDTQYF	1
CASSYKRTALRPYEKLFF	1
CASSYSPASREQFF	1
CASSYSPIQETNTEAFF	1
CASSYSRTPPYNEQFF	1
CASSYSVGQLSTDTQYF	1
CASSYSGGGYTF	1
CASSYSGEGGIKGTEAFF	1
CASSYSTLAGVYNEQFF	1
CASSYSTAGGSYNEQFF	1
CASSYSSRDRDGEQFF	1
CASSYSRQFGQETQYF	1
CASSYSRDYGYTF	1
CASSYSSGGETQYF	1
CASSYSPDREGYADTQYF	1
CASSYLTGSEQYF	1
CASSYLQGTGELFF	1
CASSYPPGLAGGLDTQYF	1
CASSYPPSGGVYNEQFF	1
CASSYPQYGYTF	1
CASSYRRAYEQYF	1
CASSYAGLAGNEQFF	1
CASSYGGETDTQYF	1
CASSYGGQSYEQYF	1
CASSYGTGVGANVLTF	1
CASSLPVSFAGELFF	1
CASSLGPGANVLTF	1
CASSLRSLVGQFF	1
CASSLGPYEQYF	1
CASSLGQGITGELFF	1
CASSLVPLGEQYF	1
CASSLGGAGNFYNEQFF	1
CASSLTGTGWEQFF	1
CASSLTGNEQYF	1
CASSPLAGGPSQETQYF	1
CASSPPGQGAGEQFF	1
CASSPTRYDYNEQFF	1
CASSPSGTNEQFF	1
CASSPRQGPYEQYF	1
CASSPFSHQPQHF	1
CASSPYLGQVGETQYF	1
CASSPLGQGLSEQYF	1
CASSPPLTRQYLEGWVYEQYF	1
CASSPRLAVSYEQYF	1
CASSPAPSVDRGVSYEQYF	1
CASSPGTFYNEQFF	1
CASSPGLDYNEQFF	1
CASSPGQGRQETQYF	1
CASSPTGVPVEQYF	1
CASSPFRTGVSYNEQFF	1
CASSPLTRSYNEQFF	1
CASSPGRTQYF	1
CASSPGVTGYSNQPQHF	1
CASSRTHGTGVYEQYF	1
CASSREGTVEAFF	1
CASSRTEINTGELFF	1
CASSRPTVGGDEQFF	1
CASSRQVSRGYTF	1
CASSHTGVSTDTQYF	1
CASSQADLNYGYTF	1
CASSVSGDSNQPQHF	1
CASSVGRANTGELFF	1
CASSVLSYEQYF	1
CASSVERTSEKLFF	1
CASSAVTGGSYEQYF	1
CASSAVAGGSNEQFF	1
CASSGGLSHAGYEQFF	1
CASSGASGGRYEQYF	1
CASSGGTYEEKLFF	1
CASSGAGETQYF	1
CASSGGAGGSDTQYF	1
CASSDSLRRGGGSYEQYF	1
CASSDYSSISYEQYF	1
CASSDGAGGYNEQFF	1
CASSDDGAGSLPF	1
CASSDSSNRVNEQFF	1
CASSDLGLGGTLNTEAFF	1
CASSDPGTGDHNEQFF	1
CASSDPGGHGSGANVLTF	1
CASSDAAPYEQYF	1
CASSDGTNTGELFF	1
CASSEYGSLSGANVLTF	1
CASSEGLGLTMQFF	1
CASSENSVYEQYF	1
CASSEFVEDTQYF	1
CASSESGVKTQYF	1
CASSEVPGPYEQYF	1
CASSEALGGGGYNEQFF	1
CASSEAAEAEQFF	1
CASSEAGRNYEQYF	1
CASSEGVSYNEQFF	1
CASSEDDGSATEQFF	1
CASSEEESGANVLTF	1
CASSETSGSYEQYF	1
CASSETRTRGDRETQYF	1
CASSENLEQYF	1
CASSIGLVYNEQFF	1
CASSTTGGEQYF	1
CASSTNPGLAVKGQFF	1
CASSTLTSGNNEQFF	1
CASSTDRGLPTGELFF	1
CASSTGLPSYEQYF	1
CASSTGQRLRYNEQFF	1
CASSTTSGSVYEQYF	1
CASSTDMNTEAFF	1
CASSSPRQGAPAGELFF	1
CASSRLAGDYEQYF	1
CASSRGGNAGANVLTF	1
CASSKQDREEKLFF	1
CASSFFRGRSETQYF	1
CASSFLLYEQYF	1
CASSFQDRLTDTQYF	1
CASSFQETQYF	1
CASSFAGGSYEQYF	1
CASSFDRVGNEQFF	1
CASSFILGDYEQYF	1
CASSFTGGQETQYF	1
CASSFSGSQETQYF	1
CASSFRQRDTDTQYF	1
CASSFARSRGDEQFF	1
CASSFGAPEETQYF	1
CASSFGTGAPLHF	1
CASSFGQGGNQPQHF	1
CASSFETAYNEQFF	1
CASSFNNEQFF	1
CASSLSTRSEQFF	1
CASSLLFTDTQYF	1
CASSLQETQYF	1
CASSLVSWTGELFF	1
CASSLVSSGGAVQETQYF	1
CASSLVGFAIPEQYF	1
CASSLAGGQPQHF	1
CASSLAGTGASGGELFF	1
CASSLAFERGPKETQYF	1
CASSLANEQYF	1
CASSLADGIDAFF	1
CASSLGPQGSSTDTQYF	1
CASSLGSGVQFF	1
CASSLGLGLGHYNEQFF	1
CASSLGPGLTSGANVLTF	1
CASSLGWDSSKGEQFF	1
CASSLGGLDYNEQFF	1
CASSLGWVQWAEQYF	1
CASSLDPGQISGANVLTF	1
CASSLEGRLDNEQFF	1
CASSLTSGYEQYF	1
CASSLSGRGYEQYF	1
CASSLFQTQDGYTF	1
CASSLSTGIRFFSGANVLTF	1
CASSLSEGSVPGF	1
CASSLSGRAMNGYTF	1
CASSLWAGGSGTHEQYF	1
CASSLWARGRKYNEQFF	1
CASSLLGLAGSPWDTGELFF	1
CASSLLREQETQYF	1
CASSLPGTYNEQFF	1
CASSLRGASTGELFF	1
CASSLQGSGATEAFF	1
CASSLVFTGTLHF	1
CASSLVSYRGRGGQFF	1
CASSLVLSGGPYEQYF	1
CASSLVDAARTDSYNEQFF	1
CASSLVPAGGSNEQFF	1
CASSLVVGLGGYTF	1
CASSLAWRRVGTPYNEQFF	1
CASSLARGQETQYF	1
CASSLAQGRYNEQFF	1
CASSLAQGWPYNEQFF	1
CASSLAGTGDGYTF	1
CASSLANPLQGGLGGYTF	1
CASSLASPGGQGAREQFF	1
CASSLARGGAVNTQYF	1
CASSLAVRARRRHNEQFF	1
CASSLGRGSYEQYF	1
CASSLGASGSYNEQFF	1
CASSLGPATNEKLFF	1
CASSLGGGGTDTQYF	1
CASSLGDNEQFF	1
CASSLGLTSYEQYF	1
CASSLGPNNEQFF	1
CASSLGGSSGNTIYF	1
CASSLGTGGYEQYF	1
CASSLGVGTGGFDTQYF	1
CASSLGAEVIKANVLTF	1
CASSLGGVNEQFF	1
CASSLDSGPGGQSRPYEQYF	1
CASSLDLFWGRRNQPQHF	1
CASSLDRGATGYGYTF	1
CASSLDQRKKWETQYF	1
CASSLDSRGPVYGYTF	1
CASSLDGVGQDLHYEQYF	1
CASSLEDRLAGGPISPKNIQYF	1
CASSLEQSSYNEQFF	1
CASSLEQYNSPLHF	1
CASSLEGGTNEQYF	1
CASSLENFDEQFF	1
CASSLILAGPFNEQFF	1
CASSLIGGSSYEQYF	1
CASSLTTEQFF	1
CASSLRATGELFF	1
CASSLRRAQETQYF	1
CASSLKTSGPYNEQFF	1
CASSSNRDIFTGELFF	1
CASSSSRGGELFF	1
CASSSLTGVTDTQYF	1
CASSSRYGVSGYTF	1
CASSSHQGGTPGEQFF	1
CASSSGQAWMRGANVLTF	1
CASSSTRTSGSPGELFF	1
CASSSRRVNTGELFF	1
CASSSPGQPGWYF	1
CASSSHVSSGANVLTF	1
CASSSASGSVYEQYF	1
CASSSDRGAEQYF	1
CASSSTSLLSYNEQFF	1
CASSSTSGTGVNNEQFF	1
CASSSFPGPNTGELFF	1
CASSSWDTGRDTQYF	1
CASSSLGTGELFGNQPQHF	1
CASSSRSAPDSIQETQYF	1
CASSSQGETQYF	1
CASSSGMGPREQYF	1
CASSSGLGEETQYF	1
CASSSGLAGDRETQYF	1
CASSSGRGYEQYF	1
CASSSRSGSGANVLTF	1
CASSCPDRGWRALLYEQYF	1
CASSWQGFSGANVLTF	1
CASSWAQRSTDTQYF	1
CASSWDKGTQYF	1
CASSWMDTQYF	1
CASSYPVSGANVLTF	1
CASSYTTGARETQYF	1
CASSYSSTETQYF	1
CASSYRGDRGGNQPQHF	1
CASSYRLAGDNEQFF	1
CASSYAQGQPSTDTQYF	1
CASSYSSYEQYF	1
CASSYKMGPTNEQFF	1
CASSLGGGTDTQYF	1
CASSLDRANEQFF	1
CASSLLVNEQFF	1
CASSLRDADNSPLHF	1
CASSLAGTTSGELFF	1
CASSLGLAPNEQFF	1
CASSLIRQSSGANVLTF	1
CASSLRERRQYF	1
CASSLRTGPTDTQYF	1
CASSLRTELIGEQFF	1
CASSLRMTGDTQYF	1
CASSLTTDTQYF	1
CASSLTGLAGRTQYF	1
CASSLQGGYRTYEQYF	1
CASSLDSYYNEQFF	1
CASSLTSVTYNEQFF	1
CASSPLLGQGGNEQFF	1
CASSPRQGGGTEAFF	1
CASSPSYKEGEYVDEQFF	1
CASSPSGGGYTF	1
CASSPYTGELFF	1
CASSPPSQETQYF	1
CASSPPGGSEQFF	1
CASSPRGTAGARENIQYF	1
CASSPREGYEQYF	1
CASSPHAGPPDTEAFF	1
CASSPHLGTGYSLAKNIQYF	1
CASSPGRAYNEQFF	1
CASSPDRDIHEQYF	1
CASSPTSGLGNYNEQFF	1
CASSPRQFYGYTF	1
CASSPFQANYGYTF	1
CASSPPSGDRTDTQYF	1
CASSPRAEAAETQYF	1
CASSPGGTGANVLTF	1
CASSPGGGTLSYNEQFF	1
CASSPGLETYNEQFF	1
CASSPTSSTYNEQFF	1
CASSPTQGQGWTDTQYF	1
CASSPRLAGGSHEQFF	1
CASSPLAGGPTDTQYF	1
CASSPPSYEQYF	1
CASSPPGQGYEQYF	1
CASSPQAGGPNTQYF	1
CASSPASRGGYEQYF	1
CASSPIGGMNTEAFF	1
CASSPSWDEQFF	1
CASSPREAENTDTQYF	1
CASSRPDLNTEAFF	1
CASSRSGTGNTGELFF	1
CASSRHLGTSGGNEQYF	1
CASSRIQGPGANVLTF	1
CASSRSWSSVLAKNIQYF	1
CASSRLTGNSPLHF	1
CASSRVLGSSGETQYF	1
CASSRARGQISGANVLTF	1
CASSRGSTDTQYF	1
CASSRGGGRPYNEQFF	1
CASSRYPRARSDEEYNEQFF	1
CASSRPSKGGASYNEQFF	1
CASSRRVGEQYF	1
CASSRVRNLAQEQFF	1
CASSRAFREDNEQFF	1
CASSRGRAAEQYF	1
CASSRIAGGPHNEQFF	1
CASSRSGRFYNEQFF	1
CASSHGTYSNQPQHF	1
CASSHGTAGANVLTF	1
CASSHQEGYEQYF	1
CASSHGEVSGRGGTDTQYF	1
CASSHGQGPAAGANVLTF	1
CASSQVLAGGNDEQFF	1
CASSQGQEQFF	1
CASSQGLAGIQETQYF	1
CASSQGVGSNHYGYTF	1
CASSQDRADTQYF	1
CASSQTSGGQFF	1
CASSQTVQDRGPLNPYEQYF	1
CASSQRGQANSYEQYF	1
CASSQFLPLAELNEQFF	1
CASSQSGTRGFF	1
CASSQYVAQVINYGYTF	1
CASSQPLAGGPSYNEQFF	1
CASSQPGTSGSSDNEQFF	1
CASSQRGISYNEQFF	1
CASSQQGTYTDTQYF	1
CASSQQRLAGARETQYF	1
CASSQVPGSSSEQYF	1
CASSQVPGLAGGYNEQFF	1
CASSQALSGANVLTF	1
CASSQAALTDTQYF	1
CASSQGAQGGTRYF	1
CASSQGGGAVAKNIQYF	1
CASSQGDSNTGELFF	1
CASSQGIRNKEFF	1
CASSQGQGVFGANEKLFF	1
CASSQGATGFVAKNIQYF	1
CASSQGGYRTVTDTQYF	1
CASSQGGMNTEAFF	1
CASSQGGNTQYF	1
CASSQGSGPAAGELFF	1
CASSQDLAGGEQFF	1
CASSQDHLGTGSYNEQFF	1
CASSQDASGSMGEQYF	1
CASSQDGTKAGGRFFWSSYNEQFF	1
CASSQDIGGTGTPIFNTEAFF	1
CASSQDVGGGYTF	1
CASSQDATNTGELFF	1
CASSQDDGGGAYNEQFF	1
CASSQEVRSGRTRNSPLHF	1
CASSQESGRVNEQFF	1
CASSQEAHSWVGPSGANVLTF	1
CASSVSASGYEQYF	1
CASSVPGLAGFLSYNEQFF	1
CASSVHSGANVLTF	1
CASSVGGTYEQYF	1
CASSVSGDNEQFF	1
CASSVGSSGANVLTF	1
CASSVATGVSYEQYF	1
CASSVTEREYASYNEQFF	1
CASSASDEGLAKNIQYF	1
CASSAWDRTYEQYF	1
CASSAYRGRELWGYTF	1
CASSAPGLGIGELFF	1
CASSAQLRVGGLNNEQFF	1
CASSASGISYEQYF	1
CASSARGSQYF	1
CASSAGQGWQETQYF	1
CASSATSGGASEQFF	1
CASSATPSGGSYEQYF	1
CASSGLGGYNEQFF	1
CASSGRVGTGLWDEQFF	1
CASSGRRAGVGKNIQYF	1
CASSGGAGGRKETQYF	1
CASSGTRENEQYF	1
CASSGLAATYNEQFF	1
CASSGDKPGEQYF	1
CASSDPRDSQFF	1
CASSEGYEQFF	1
CASSEGGGNYEQYF	1
CASSEDLEQFF	1
CASSERGISSDLETQYF	1
CASSITHLQGADYNEQFF	1
CASSMRTSGGAKTQYF	1
CASSMGPEYTGELFF	1
CASSMNLQGQGYNEQFF	1
CASSILLSRSYNEQFF	1
CASSTRGQSYEQYF	1
CASSTRVEQYF	1
CASSTRDLDSNEQFF	1
CASSRQVNTGELFF	1
CASSNSPGTGPYEQYF	1
CASSNWGQGASGGELFF	1
CASSKVIRGQYNEQFF	1
CASSKVKIEPGGRDKETQYF	1
CASRYSSGANVLTF	1
CASRLLPGLAGGDTDTQYF	1
CASRPKTTGMNTGELFF	1
CASRPPRYYNEQFF	1
CASRALGAKETQYF	1
CASRARATGELFF	1
CASRGGSGASYEQYF	1
CASRGGPGGPRYEQYF	1
CASRGTPPGELFF	1
CASRGLAGVSEQYF	1
CASRGQTTDTQYF	1
CASRIARSHEQYF	1
CASRTTSGSTYNEQFF	1
CASRTGRATGELFF	1
CASRFSPGQPRDPSSTDTQYF	1
CASRSSGTSSEQFF	1
CASRSDRNLLCANVLTF	1
CASRWTSGKEFF	1
CASRPRTGSYNEQFF	1
CASRPAAGSYNEQFF	1
CASRRQTSMYEQYF	1
CASRRKVQSGANVLTF	1
CASRAGTGYNEQFF	1
CASRDPRRYYEQYF	1
CASRTRDRDDGENTEAFF	1
CASRTAHNEQFF	1
CASRTTSGGSTDTQYF	1
CASNLDRGGVVNQPQHF	1
CASNTRGYTGELFF	1
CASNSFGTGNRYEQYF	1
CASNLYNEQFF	1
CASNRGLASTLAKNIQYF	1
CASNGDPAGGYTF	1
CASKESRSTDTQYF	1
CASKNGLTGAYEQYF	1
CARPTTGRLYNSPLHF	1
CANGQGENTEAFF	1
CALLRGGGELFF	1
CSPPPGTGEDNEQFF	1
CPTTADHQETQYF	1
CARSQEGLLAGVSADTQYF	1
CAGSTGEIRKETQYF	1
CASRPGEAGEETQYF	1
CASFQLAGGPYNEQFF	1
CASSIGTGGQETQYF	1
CASRAVSGANVLTF	1
CASRKRGGGEETQYF	1
CASAHSGANVLTF	1
CASGGMTNSEETQYF	1
CASGDRAGAGANVLTF	1
CASDPGQRTDTQYF	1
CASDQGSKETQYF	1
CASIPTEGNNEQFF	1
CASTRGTGNWQETQYF	1
CASTLSTARETQYF	1
CASTQLAGGGTDTQYF	1
CASSSMTTSSSGANVLTF	1
CASSPFISGLYNEQFF	1
CASSPGTGTGWKTQYF	1
CASSQSNREQYF	1
CASSGGTGELFF	1
CASSDVVGYTDTQYF	1
CASSDTDREETQYF	1
CASSELRDSYEQYF	1
CASSELREDNEQFF	1
CASSELDRMNTGELFF	1
CASSESPMLSGRAVNEQFF	1
CASSTGVVSETQYF	1
CASSFLAGEETQYF	1
CASSFYSGTGPSGANVLTF	1
CASSFPGTTGELFF	1
CASSFARQETQYF	1
CASSFGGGSQETQYF	1
CASSFGQGMENEQFF	1
CASSFRDSGYTF	1
CASSFSGRGQDPYEQYF	1
CASSFPIAGADGELFF	1
CASSFPQDRETQYF	1
CASSFASKETQYF	1
CASSFGWPQETQYF	1
CASSFGTGDYQPQHF	1
CASSFGQGQETQYF	1
CASSFEVRGVYEQYF	1
CASSFEEETQYF	1
CASSFTGGALETQYF	1
CASSFSGEYQETQYF	1
CASSFNGGQTYEQYF	1
CASSLFQETQYF	1
CASSLFGGQETQYF	1
CASSLLAGAGLETQYF	1
CASSLSLGLGGRPFYNEQFF	1
CASSLSSGREETQYF	1
CASSLSGRGFSSAYNEQFF	1
CASSLWGNQETQYF	1
CASSLYWGGTIETQYF	1
CASSLLVTTETQYF	1
CASSLLAGGSREQYF	1
CASSLLAGLAKNIQYF	1
CASSLLGPGFSTDTQYF	1
CASSLPGQAYTGELFF	1
CASSLPDLVDETQYF	1
CASSLRAGPTQETQYF	1
CASSLRLAGGQETQYF	1
CASSLQPRQETQYF	1
CASSLQASGSFLVAEQYF	1
CASSLQGGSGANVLTF	1
CASSLQTSVNYNEQFF	1
CASSLVGHSKLPYNEQFF	1
CASSLVGTGQETQYF	1
CASSLVGRAGYEQYF	1
CASSLAGLETQYF	1
CASSLAGGETQYF	1
CASSLASLTSDWGEQYF	1
CASSLAVGSYEQYF	1
CASSLAVGGVVQFF	1
CASSLAGANFEQFF	1
CASSLAGQETQYF	1
CASSLAEQGNTGELFF	1
CASSLARQDRHTDTQYF	1
CASSLAGTGASGGHTEAFF	1
CASSLAGLPSGETQYF	1
CASSLAGQGFETQYF	1
CASSLGGLAVQETQYF	1
CASSLGIAGLNEQFF	1
CASSLGSGGARETQYF	1
CASSLGSGGTDTQYF	1
CASSLGAGLAGGSDEQFF	1
CASSLGLAHETQYF	1
CASSLGQVSYEQYF	1
CASSLGANSAEQYF	1
CASSLGAETQYF	1
CASSLGGAGANVLTF	1
CASSLGGGREETQYF	1
CASSLGGFKDEQYF	1
CASSLGGPRFYNEQFF	1
CASSLGTSAGGRDTQYF	1
CASSLGTQETQYF	1
CASSLGLGAGLKETQYF	1
CASSLGLSYEQYF	1
CASSLGLAGSAYEQYF	1
CASSLGLADFFNEQYF	1
CASSLGRGAGYQETQYF	1
CASSLGQGNNEQFF	1
CASSLGTGGNEQFF	1
CASSLDSVQETQYF	1
CASSLDLGTQYF	1
CASSLDDHPSYNEQFF	1
CASSLDPSGLASYNEQFF	1
CASSLDPGSADTQYF	1
CASSLDVDTGELFF	1
CASSLDGLAGSIQETQYF	1
CASSLDNQETQYF	1
CASSLELAGGLYEQYF	1
CASSLEVNSYEQYF	1
CASSLEGRAVWAETQYF	1
CASSLEGLAGAPETQYF	1
CASSLEETQYF	1
CASSLESETQYF	1
CASSLEQGRSETQYF	1
CASSLEVGFTGELFF	1
CASSLEVQETQYF	1
CASSLEGLETQYF	1
CASSLIGTSEYNEQFF	1
CASSLMLQGSLETQYF	1
CASSLTSVEETQYF	1
CASSLTEYSYNEQFF	1
CASSLFETGTFYEQYF	1
CASSLSAGTFRETQYF	1
CASSLLPQGASQETQYF	1
CASSLPGQGKETQYF	1
CASSLPPTGSSYEQYF	1
CASSLQGRETQYF	1
CASSLGSSGANVLTF	1
CASSLILAGGYTGELFF	1
CASSLTRSGSYEQYF	1
CASSLSHAGETQYF	1
CASSSHSGSGGETQYF	1
CASSSGSLGETQYF	1
CASSSGDRGQRYQETQYF	1
CASSSGLAGAYNEQFF	1
CASSSTSGGYEETQYF	1
CASSSQRGSQETQYF	1
CASSSQGFGETQYF	1
CASSSQRDIIYTDTQYF	1
CASSSGTRFLETQYF	1
CASSSDTDTQYF	1
CASSSEPRGSSGNTIYF	1
CASSSTGGTEYNEQFF	1
CASSSRSNTGELFF	1
CASSSGDRATPGGDGYTF	1
CASSWPLLGRTPYNEQFF	1
CASSWDARETQYF	1
CASSYPARGPNTYEQYF	1
CASSYSIAGASYEQYF	1
CASSYTIRGGLADTQYF	1
CASSLLPGTGANVLTF	1
CASSLPGAAYNEQFF	1
CASSLGTLETQYF	1
CASSLGARQETQYF	1
CASSLLAGVKLYEQYF	1
CASSLIGTPYQETQYF	1
CASSLTGESNQPQHF	1
CASSLSNRTGANVLTF	1
CASSPGPTGDTQYF	1
CASSPTTAETQYF	1
CASSPRGLASHNEQFF	1
CASSPSWSPMGETQYF	1
CASSPYGLAANFEQFF	1
CASSPPRGPFLSSYNEQFF	1
CASSPGVRETQYF	1
CASSPGVASTDTQYF	1
CASSPGRGQETQYF	1
CASSPITPYEQYF	1
CASSPTQTSSYNEQFF	1
CASSPTAGAGETQYF	1
CASSPRLAGGQAETQYF	1
CASSPRGETQYF	1
CASSPGHGGSGETQYF	1
CASSPTGGGQPQHF	1
CASSPGTGQISYEQYF	1
CASSPGLAGNEQFF	1
CASSPTGSGETQYF	1
CASSREGTGRNEQFF	1
CASSRGRERETQYF	1
CASSRFTGTSETQYF	1
CASSRAWTEETQYF	1
CASSRGPGWQETQYF	1
CASSRGRIGAQVTDTQYF	1
CASSQAEGAFYGYTF	1
CASSQVPGNSYEQYF	1
CASSQVAGGDDEQFF	1
CASSQVFVNEKLFF	1
CASSQADRYNSPLHF	1
CASSQGPTAQETQYF	1
CASSQGGPGGQYF	1
CASSQGGAGETQYF	1
CASSQGPYRSGANVLTF	1
CASSQGGGTRAYEQYF	1
CASSQDWFGANSYEQYF	1
CASSQTTGTSYEQYF	1
CASSQTQGGYEQYF	1
CASSVSLLAKNIQYF	1
CASSVPGQGSSGELFF	1
CASSVGQGDDEQFF	1
CASSATSGGRGTQYF	1
CASSADRGLGEQFF	1
CASSATGTSGSWDEQFF	1
CASSAGTGPYEQYF	1
CASSAIAGQQETQYF	1
CASSGLAGGLLTDTQYF	1
CASSGRGLAGQETQYF	1
CASSGRDREVETQYF	1
CASSDSYEQYF	1
CASSDGTDNEKLFF	1
CASSEGTAVGQPQHF	1
CASSERPLQETQYF	1
CASSERGCLQETQYF	1
CASSMSGGGSQFF	1
CASSIETGLNTEAFF	1
CASSTYTYSGTSSSSYEQYF	1
CASSTRPTSGGMRNEQFF	1
CASSTDQAGETQYF	1
CASSSLAGGAGANVLTF	1
CASSRDTNNSPLHF	1
CASSRGTSRNTGELFF	1
CASSNNPQFRRQSSYEQYF	1
CASSNTGQQETQYF	1
CASSKDRGPYEQYF	1
CASSKGRGETQYF	1
CASRPTFWEETQYF	1
CASRRGGTGASGANVLTF	1
CASRGTDYGYTF	1
CASRTASNTGELFF	1
CASRRAGLGETQYF	1
CASRNFPGTAGANVLTF	1
CASRLNPGQGRETQYF	1
CASRWGTYEQYF	1
CASRAGTNQETQYF	1
CASRGLAGSWGETQYF	1
CASRIPQAFSYEQYF	1
CASRRGQGSSGANVLTF	1
CASRKISSGTGGSSQFF	1
CASNRGSGANVLTF	1
CASKIQETQYF	1
CASKIGEYGYTF	1
CARGVRDMMLWYQETQYF	1
CSVPGGGFPFYGYTF	1
CSALGWGGNEQFF	1
CSAPTSVAGSQETQYF	1
CSAPTGAYQETQYF	1
CSAPTLAGARDTQYF	1
CSAVGRRVPNYEQYF	1
CSAGGAASGHNEQFF	1
CSAGGANTGELFF	1
CSAGDDEQFF	1
CSAGTGKNYEQYF	1
CSAGVQGSGTEAFF	1
CSAGGGTSGGPSTYNEQFF	1
CSADNRDSRSYEQYF	1
CSADGRGGNEQYF	1
CSATTAGTGTYEQYF	1
CSATLMGGGLEQYF	1
CSASLGGQETQYF	1
CSASQGRPYEQYF	1
CSASGASGSFYNEQFF	1
CSASDLTPGLAGALPYNEQFF	1
CSASPITYEQYF	1
CSASGSSGRDEQYF	1
CSASGSSYNEQFF	1
CSARPPPEPNEQFF	1
CSARRDGSDNEQFF	1
CSARGPGQGAGEQYF	1
CSARDPLYTDTQYF	1
CSARSMTSGEAYEQFF	1
CSARSAGTGEQFF	1
CSARSGAGGPKEQYF	1
CSARWTSGGGNEQFF	1
CSARPSGGPESGGQYF	1
CSARQFGDEQYF	1
CSARQSWGSYNEQFF	1
CSARVLNSVDTQYF	1
CSARASGRMGEQFF	1
CSARAPDTYEQYF	1
CSARGAEYSYEQYF	1
CSARGSSGTGGNEQYF	1
CSARGATGYNEQFF	1
CSARGPGSGVYNEQFF	1
CSARGAPVPSSETQYF	1
CSARDWTGAGANVLTF	1
CSARDVLAALKETQYF	1
CSARDVGQGMETQYF	1
CSARDTSGSRVEQFF	1
CSARDLAGKGSYNEQFF	1
CSARDLGLTYNEQFF	1
CSARDLRKETQYF	1
CSARDDLRQHQETQYF	1
CSAREGTGELFF	1
CSARELLAGETYEQYF	1
CSARIAGDSYEQYF	1
CSARNLRLAGGKNIQYF	1
CSASQDRGRGETQYF	1
CSASREETGRTGELFF	1
CSALPPGLAGVLRTDTQYF	1
CSAPDRAGGMGRPYEQYF	1
CSAPGGLQETQYF	1
CSARDDSRRGEQFF	1
CSAQRGGARYSYEQYF	1
CSAGGTSREQYF	1
CSAGRPDRVGGNEQFF	1
CSAATPGQGAGEQYF	1
CSADSLTSLSYNEQFF	1
CSARGLAGGELETQYF	1
CSAKGQLKETQYF	1
CSARGLSTGTGGTSGANVLTF	1
CSVRALIPRETQYF	1
CSVRGPGPGSEQYF	1
CSVRTSLSYNEQFF	1
CSVALRSVYEQYF	1
CSVGRGDEQFF	1
CSVGGTGANVLTF	1
CSVGSGYGYTF	1
CSVGDGPYEQYF	1
CSVDAGGTRVSGNEQFF	1
CSVEAAGQETQYF	1
CSVEISGSSGRYEQYF	1
CSVERDRVNEQFF	1
CSVEDRGGNYGYTF	1
CSVLGTTANYEQYF	1
CSVRPTGENTQYF	1
CSVDTSKFNSYNEQFF	1
CSVNSGNTEAFF	1
CSVLRDLGTYEQYF	1
CSAGGTSGGYEQYF	1
CSARGGGAPGELFF	1
CSAYTDRVSHYGYTF	1
CSGEGDQRDDEQYF	1
CSEFRVGGGDEQFF	1
CSTRGGSYNEQFF	1
PGPSYEQYF	1
CASSLSAYNEQFF	1
CASSSDILSYNEQFF	1
CALPTGKGLFF	1
CASNAGTSGGLGETQYF	1
CACDTSSGNTIYF	1
CAWSGGWGLGYGYTF	1
CAWSRALGNQPQHF	1
CAWQTKGGDTQYF	1
CAWALVRRSYNEQFF	1
CAWALGQGYEQYF	1
CAWGPWSGPTSYEQYF	1
CAWMGSHQGGGYTF	1
CAWTSGKGNEQFF	1
CAWTRGYNEQFF	1
CAWTPGPFETQYF	1
CAWSFISGGYTF	1
CAWSWAGVWDNEQFF	1
CAWSLRGTQYF	1
CAWSPRQGDQPQHF	1
CAWSPGRGYDTQYF	1
CAWSRNEQFF	1
CAWSRGQGNQPQHF	1
CAWSRGGTGELFF	1
CAWSHSLAGGHNEQFF	1
CAWSVFVGPSNYGYTF	1
CAWSVGSASTDTQYF	1
CAWSVGRLNYGYTF	1
CAWSVDYSYEQYF	1
CAWSVSRYNEQFF	1
CAWSVLYEQYF	1
CAWSVLEGTGRHGYTF	1
CAWSVNMNTEAFF	1
CAWSVGLQNYGYTF	1
CAWSVLPSGAQFF	1
CAWSVRRMTSGILYEQYF	1
CAWSVRGRLTEAFF	1
CAWSVQIRGYTF	1
CAWSVGSNQPQHF	1
CAWSVGSSYTGELFF	1
CAWSVGRGDGNTIYF	1
CAWSVRGPGANVLTF	1
CAWSVNNQPQHF	1
CAWSALGREVDTQYF	1
CAWSGSIETRNTEAFF	1
CAWSGTVPGDEQFF	1
CAWSGFAGRGDTQYF	1
CAWSGTRTSYNEQFF	1
CAWSDGYEQYF	1
CAWSTTGSYGYTF	1
CAWSEQNTGELFF	1
CAWSIGAGRDQPQHF	1
CAWSSPGLGNTEAFF	1
CAWSSRGDNEQFF	1
CAWSRDDNSPLHF	1
CAWRPGQGIPGSYEQYF	1
CAWRASRPFSGNTIYF	1
CAWRISGSGNTIYF	1
CAWRTAGANVLTF	1
CAWRHPRRLFF	1
CAWRTTETGELFF	1
CAWNPGPNNEQFF	1
CAWKKNYEQYF	1
CALCPAGGSHEQFF	1
CAVRGTDTQYF	1
CAAGPKGYNEQFF	1
CAAPGQGNKVNNSPLHF	1
CAGTQGIGNSPLHF	1
CAGHQVRPYEQYF	1
CAGGSDYYNYEQYF	1
CAGARGQATDTQYF	1
CAIRGSGLSVNEQFF	1
CAIYKQASISYEQYF	1
CAIPGAGANVLTF	1
CAIRPGGNTGELFF	1
CAIGLLYNEQFF	1
CAISRSGREYNEQFF	1
CAISGPPGHSTDTQYF	1
CAISDLKRTDTQYF	1
CAISDPGRTQYF	1
CAISESSDPLTVSNEQFF	1
CAISESVGGYEQYF	1
CAISESGTATYEQYF	1
CAISESGQGAEKLFF	1
CAIRQPGQGLSDTQYF	1
CAIRTGVPSGANVLTF	1
CAINPGQGTGANVLTF	1
CAMAIPGPGATDTQYF	1
CAIGQNYEQYF	1
CATSLAGGIYEQFF	1
CATKFIAGGNNEQFF	1
CATSTGTGPAGELFF	1
CATSPGTGVAGANVLTF	1
CATQTLTF	1
CATGGHGSSYNSPLHF	1
CATGTSGVFETQYF	1
CATSPGEAYEQYF	1
CATSGRATDSGANVLTF	1
CATSGTDRGITGELFF	1
CATSDLHGNTGELFF	1
CATSDLEGWTQYF	1
CATSDPPDRVDSPLHF	1
CATSDRARTGRVYHEQFF	1
CATSDPGQGSSGANVLTF	1
CATSDERGPFTDTQYF	1
CATSDRGLDTQYF	1
CATSENPGQGVSYNEQFF	1
CATSESQGLGYGEQFF	1
CATSNTAGANVLTF	1
CATSPPGDRGNRQFF	1
CATSRSSRVGYTF	1
CATSRVFGQGEHTEAFF	1
CATSRRLAGVYNEQFF	1
CATNLDRSSYNEQFF	1
CATSGDPTDTQYF	1
CATGTSGRGGGTQYF	1
CASSPQGAGGTDTQYF	1
CASSPLAGGPETQYF	1
CASSQGAWIYEQYF	1
CASHRDSQETQYF	1
CASTSTGTGFTDTQYF	1
CASTARSSYEQYF	1
CASSLRRYSSNQPQHF	1
CASSSRTSGSHSSYNEQFF	1
CASSWGTGANVLTF	1
CASSPFSVAGGETQYF	1
CASSPGQGKTQYF	1
CASSDRGNQPQHF	1
CASSITGASNQPQHF	1
CASSMGDILNQPQHF	1
CASSMSTEQYF	1
CASSIFGGGLYNEQFF	1
CASSIARQYQPQHF	1
CASSIGPNSGANVLTF	1
CASSIDLLAGELFF	1
CASSTSRSGDEQFF	1
CASSERGPPTDTQYF	1
CASRTGQGARGNQPQHF	1
CASKTSGPRATEQYF	1
CASLYTGTADTQYF	1
CASLRGSGRARLNEQFF	1
CASSPQDRSQPQHF	1
CASSQVATNEKLFF	1
CASSLTYEQYF	1
CASSLTSGLQFF	1
CASSADRDVIPYTF	1
CASSGGAPPTDTQYF	1
CASSLDRNYYEQYF	1
CASSPSTGGGTEAFF	1
CASSPTKGITDTQYF	1
CASSPRLAGGRTDTQYF	1
CASSPPQTRQLGYGYTF	1
CASSPPGQTSGAGELFF	1
CASSPPNTVLTTDTQYF	1
CASSPRPGGDQETQYF	1
CASSPQGSDTGELFF	1
CASSPQDRAVYEQYF	1
CASSQQDRAVQYF	1
CASSQRTETDTQYF	1
CASSNLGGAREAFF	1
CASYLGRGRSDNEQFF	1
CASLAGSGANVLTF	1
CASLERGRDGGANVLTF	1
CASPPTRSGVLAEQFF	1
CASRLTGKETQYF	1
CASRQGAWNEQFF	1
CASQDRASEAFF	1
CASQDLNSQETQYF	1
CASAFRVHEQYF	1
CASAGTSAKTQYF	1
CASALGSNQPQHF	1
CASGLGTKYEQYF	1
CASGSGANVLTF	1
CASGPLAEDGAYEQYF	1
CASGYRGMNTEAFF	1
CASGRPFGTDTQYF	1
CASGGFGDEQYF	1
CASGSGGYYNEQFF	1
CASDRGNQETQYF	1
CASDNRAGANVLTF	1
CASDSGGANEQFF	1
CASESGSYEQYF	1
CASEALATGELFF	1
CASEKSPSGQETQYF	1
CASIGQGTEAFF	1
CASMIGVYEQYF	1
CASTSSGAGGANVLTF	1
CASTSIAGGGYNEQFF	1
CASTLSSTHNEQFF	1
CASTLDLAGISTGELFF	1
CASTPGAGTGELFF	1
CASTRSVMGNEQFF	1
CASTHRQGDHQETQYF	1
CASTQLGDGDTQYF	1
CASTQTQWPISSYEQYF	1
CASTARASRLTSGANVLTF	1
CASTQGGINYGYTF	1
CASTASGGESETQYF	1
CASTGQGAGDTQYF	1
CASTIGRVFTDTQYF	1
CASTTGSSYNEQFF	1
CASSFLSPGLAGPHYEQYF	1
CASSFPKGAREETQYF	1
CASSFRGSGANVLTF	1
CASSFRGPRGYTF	1
CASSFVRTSDLYHNEQFF	1
CASSFGSLGATDTQYF	1
CASSFDRNRYSFYEQYF	1
CASSFEASPLHF	1
CASSFEGEGYEQYF	1
CASSFILTGSNSGANVLTF	1
CASSFPTGRMADTQYF	1
CASSFQGKVETQYF	1
CASSFGHVFSTDTQYF	1
CASSFGTGSFYEQYF	1
CASSFGQGGSYNEQFF	1
CASSFRALAEAFF	1
CASSFKESPLHF	1
CASSLFPGYEQYF	1
CASSLRGETGLYEQYF	1
CASSLGLASGPDTQYF	1
CASSLTGGSGANVLTF	1
CASSLFGTPEGTQYF	1
CASSLSRDIYYEQYF	1
CASSLSVLTDTQYF	1
CASSLWLAGTGANVLTF	1
CASSLWGRGHRANVLTF	1
CASSLWGSQETQYF	1
CASSLLAVAESSGANVLTF	1
CASSLPSPRENIQYF	1
CASSLPDTGELFF	1
CASSLRHSGEQFF	1
CASSLVYGQHHLYEQYF	1
CASSLVVIASNNEQFF	1
CASSLVDYYYNEQFF	1
CASSLAGGQGAYEQYF	1
CASSLALLAGDVSEQYF	1
CASSLAVYEQYF	1
CASSLAGNSNQPQHF	1
CASSLAGLAKNIQYF	1
CASSLGPQGGAGELFF	1
CASSLGLAISHNEQFF	1
CASSLGVYGEQFF	1
CASSLGDTGWELFF	1
CASSLDRLTRELKKETQYF	1
CASSLDRDREPGGDYNEQFF	1
CASSLDRDRGRGGYTF	1
CASSLERGTGLSSGANVLTF	1
CASSLSRGLGMGYEQYF	1
CASSLRTGFYGYTF	1
CASSLNPREGSGANVLTF	1
CASSSFGSRDTEAFF	1
CASSSGLAGASTDTQYF	1
CASSSGQSTDTQYF	1
CASSSNLSFRPQHF	1
CASSSNTGRNEQFF	1
CASSSLTTGVNSYEQYF	1
CASSSAAGDAYEQYF	1
CASSSMGEANVLTF	1
CASSSTGSQPQHF	1
CASSSRGRAKNIQYF	1
CASSSLGRRVGGYTF	1
CASSSVGKRNYGYTF	1
CASSSGQDATNEKLFF	1
CASSSTSLTGTDTQYF	1
CASSSWGTGVFWNEQFF	1
CASSSYATPVSGPPTNYGYTF	1
CASSSPRAGVSYEQYF	1
CASSSSTVEQYF	1
CASSSRGPMNTEAFF	1
CASSCASGRWTGELFF	1
CASSWLGTGPVSGANVLTF	1
CASSWALGETQYF	1
CASSWSSYEQYF	1
CASSYFAGTGWGYTF	1
CASSYQDPGANVLTF	1
CASSYAGGGNQPQHF	1
CASSYSGAAYEQYF	1
CASSYKRLSYNEQFF	1
CASSYSAGAVNTGELFF	1
CASSYSGVNGANVLTF	1
CASSYSGGVTINEQFF	1
CASSYSEGIKGYTF	1
CASSYSIWTGGAGELFF	1
CASSYSSVLTYNEQFF	1
CASSYSGGKREKLFF	1
CASSYWALGGPLHF	1
CASSYWGTGAPQETQYF	1
CASSYLGQGATSYGYTF	1
CASSYLGSSADTQYF	1
CASSYRNNEQFF	1
CASSYGQGPPDVLTF	1
CASSYGWNEQFF	1
CASSYIRGGLFGQPQHF	1
CASSYTEDRPGLFVTGELFF	1
CASSLLTEQYF	1
CASSLTGGSGEQYF	1
CASSLGDRGLGDTQYF	1
CASSLGTGPTYEQYF	1
CASSPLWGEQYF	1
CASSPGGAELSYEQYF	1
CASSPKLLGTGGKTGANVLTF	1
CASSPSDGNYGYTF	1
CASSPLRGGIYNEQFF	1
CASSPPAGGTQYF	1
CASSPAQGFPGGYTF	1
CASSPGTAYEQYF	1
CASSPPRQGAALYNSPLHF	1
CASSPARGQKYEQYF	1
CASSPISGANVLTF	1
CASSPTGIGQPQHF	1
CASSPRASPNYEQYF	1
CASSPGDTYTDTQYF	1
CASSRFDRTQQGNTF	1
CASSRTGGSYEQYF	1
CASSHDIGQEGDEQYF	1
CASSQGDTQYF	1
CASSVVSRGNNEQFF	1
CASSVGLAGNHNEQFF	1
CASSVTGPEQYF	1
CASSAQFNTEAFF	1
CASSADNYNEQFF	1
CASSAERGSTDTQYF	1
CASSATLAGGTDTQYF	1
CASSGQGRETQYF	1
CASSDWGTGANVLTF	1
CASSDWTGGEQFF	1
CASSDLAGGNEQFF	1
CASSDLTGGSALHF	1
CASSDPRTGGLEAFF	1
CASSDQSGRRPYEQYF	1
CASSDGLAVIFPTTGQFF	1
CASSDSLSGANVLTF	1
CASSDSSRGEIGETQYF	1
CASSDHWAGYTF	1
CASSDVGNTGELFF	1
CASSDASVNGYEQYF	1
CASSDGHYSNQPQHF	1
CASSDGVGTRFVKTQYF	1
CASSDGRDTGELFF	1
CASSELTGRGANVLTF	1
CASSESSGGNTDTQYF	1
CASSESPTGSGANVLTF	1
CASSEYRLPPYEQYF	1
CASSEQGAQETQYF	1
CASSEVGLAGGPRNEQFF	1
CASSEANGGANNQPQHF	1
CASSEEVGSYNEQFF	1
CASSEEGGRRGTQYF	1
CASSEKTAYEQYF	1
CASSMAGEGWDEQFF	1
CASSTSGRRETQYF	1
CASSTRIPVEQYF	1
CASSTLGTGVKSSYNEQFF	1
CASSTSGFSSYNEQFF	1
CASSTYRGLEETQYF	1
CASSTGGPTDTQYF	1
CASSRAGGLSGANVLTF	1
CASSKGRVGGFYNEQFF	1
CASSKLAEQYF	1
CASSKDREPYEQYF	1
CASSFLSGDNSYEQYF	1
CASSFYGRTGELFF	1
CASSFLPGSEHNEQFF	1
CASSFQPGARGQPQHF	1
CASSFVSDNEQFF	1
CASSFAPGSYEQYF	1
CASSFGLAWRTDTQYF	1
CASSFGGAKPLYEQYF	1
CASSFDHTAHEQYF	1
CASSFETNTGELFF	1
CASSFILDTQYF	1
CASSFTQQETQYF	1
CASSFPRDRDPNFVGTGELFF	1
CASSFHRERETGSTGELFF	1
CASSFQGEDIYEQYF	1
CASSFGRDSEMFF	1
CASSFGQGRNEQYF	1
CASSFTVTGELFF	1
CASSLWGPLTSSSGANVLTF	1
CASSLPDSYNEQFF	1
CASSLPPDRIISYTF	1
CASSLPGWDSGANVLTF	1
CASSLAWGRTYEQYF	1
CASSLASGGYNEQFF	1
CASSLARPKNYNEQFF	1
CASSLADHVYLYNEQFF	1
CASSLGGDYSGNTIYF	1
CASSLGRTGRETQYF	1
CASSLGSGTQFARGYTF	1
CASSLGLGSSTEAFF	1
CASSLGSGIYNEQFF	1
CASSLGSGLLNSPLHF	1
CASSLGMNTEAFF	1
CASSLDAAKNIQYF	1
CASSLDPNSNQPQHF	1
CASSLDPGGRETQYF	1
CASSLEMTRPETQYF	1
CASSLEGSLRINEKLFF	1
CASSLERLRTYEQYF	1
CASSLERGGVIYEQYF	1
CASSLILHLRNYNEQFF	1
CASSLFTGRKNEQFF	1
CASSLSTASSTDTQYF	1
CASSLWVLNEQFF	1
CASSLYGQDRVGTDTQYF	1
CASSLLAGSYEQYF	1
CASSLPNPPIASASGQETQYF	1
CASSLPGLAGRNEQFF	1
CASSLPGQGAYEQYF	1
CASSLPGDNEQFF	1
CASSLRGAGETQYF	1
CASSLHAGGNTEAFF	1
CASSLQGTGGYTF	1
CASSLQGAGANVLTF	1
CASSLVGRAGEETQYF	1
CASSLVTVFEDSGANVLTF	1
CASSLVYRGRIAYEQYF	1
CASSLVADTGELFF	1
CASSLVGVEQFF	1
CASSLARGQGSDQPQHF	1
CASSLAQETQYF	1
CASSLASQDTDTQYF	1
CASSLALHLNEQFF	1
CASSLAPRTSGSYEQYF	1
CASSLAQHIYEQYF	1
CASSLAVVSYNEQFF	1
CASSLAARSHNEQFF	1
CASSLAIDYNTDTQYF	1
CASSLAPRGRVGELFF	1
CASSLADSNQPQHF	1
CASSLGAGEADTQYF	1
CASSLGSWREKLFF	1
CASSLGRGGELFF	1
CASSLGRLVNEQFF	1
CASSLGPSADTQYF	1
CASSLGQVNTGELFF	1
CASSLGVSGYTF	1
CASSLGGLGRVYEQYF	1
CASSLGIGNQETQYF	1
CASSLGGSVLTF	1
CASSLGTGRLIEQYF	1
CASSLDSTGETQYF	1
CASSLDRPVGRVGANVLTF	1
CASSLDGGSYNEQFF	1
CASSLDSTGGFAEQYF	1
CASSLESWGTHHEQFF	1
CASSLEPYVTGDGFSGANVLTF	1
CASSLEGGSYNEQFF	1
CASSLEGPSYEQYF	1
CASSLEPRDLGEQFF	1
CASSLEQGRDTEAFF	1
CASSLIGATGELFF	1
CASSLTPPSYEQYF	1
CASSLTGNEQFF	1
CASSLTGTGGNQPQHF	1
CASSLSQYEQYF	1
CASSLSIQGTGANVLTF	1
CASSLSRYNEQFF	1
CASSLRAGGPQETQYF	1
CASSLRTVSYEQYF	1
CASSSSGGTDTQYF	1
CASSSWTASGANVLTF	1
CASSSPGTGVNEQFF	1
CASSSPEQLQHAGELFF	1
CASSSGRRGGTGETQYF	1
CASSSGAGYEQYF	1
CASSSDSFEQYF	1
CASSSYPTGGRSYEQYF	1
CASSSPGKLSYNEQFF	1
CASSSRDRAGMQYF	1
CASSSRTGQHYEQYF	1
CASSSRTGGGRRFF	1
CASSSQRSLNEQFF	1
CASSSVDARYEQYF	1
CASSSGTQARTDTQYF	1
CASSSGTGGGGPKTQYF	1
CASSSGQDRTPLHF	1
CASSSIAGVINNEQFF	1
CASSSTRGGRETQYF	1
CASSSGPADGEQFF	1
CASSSGGGSLLTQYF	1
CASSSGTSGSGAQYF	1
CASSSIAGGSYNEQFF	1
CASSSSYEQYF	1
CASSSLAGVSNEQFF	1
CASSSNGRLAGVSEQYF	1
CASSWQRETQYF	1
CASSWGVEQYF	1
CASSWGTEQYF	1
CASSYGTSGANVLTF	1
CASSYYRTSGGSYQETQYF	1
CASSYEQDPTHEQYF	1
CASSYEGAGTGGNTIYF	1
CASSYIAYEQFF	1
CASSLYGGEQYF	1
CASSLGGALYEQYF	1
CASSLDIYGYTF	1
CASSLTRSRTEAFF	1
CASSLFFSGPRDKFSYEQYF	1
CASSLPRANVLTF	1
CASSLHGGFGNEQFF	1
CASSLVMGQRLPGANVLTF	1
CASSLVGLAANEQFF	1
CASSLTWREGLGEQFF	1
CASSLELAGTAYEQYF	1
CASSLLADPYNEQFF	1
CASSLRISYEQYF	1
CASSLVYNEQFF	1
CASSLIAGPSYF	1
CASSLTGTSGYEQYF	1
CASSPPRDRGPQSYEQYF	1
CASSPPGRGVHIQYF	1
CASSPQNEREQFF	1
CASSPTISDTSGNEQFF	1
CASSPFSGRFSTDTQYF	1
CASSPWDTDYGYTF	1
CASSPLSSDKNIQYF	1
CASSPPGTEGYEQYF	1
CASSPRARPQETQYF	1
CASSPRGGGYNEQFF	1
CASSPHRGSLGLATQQYF	1
CASSPQVRLGPATNEKLFF	1
CASSPQALAGYNEQFF	1
CASSPQAGGLETQYF	1
CASSPQQGGLETQYF	1
CASSPGTGEYEQYF	1
CASSPDPNEQFF	1
CASSPEPIPSSYNEQFF	1
CASSPTGGVAYEQYF	1
CASSPRPGALQETQYF	1
CASSPRGVYNYGYTF	1
CASSPKHSYEQYF	1
CASSPYSINEQFF	1
CASSPGPLEQYF	1
CASSPGQGFYEQYF	1
CASSPDMGSRIQYF	1
CASSPTTQGWADTQYF	1
CASSPRGVTDQPQHF	1
CASSPNNQETQYF	1
CASSPYTGLNNQPQHF	1
CASSPLLPRAGLNEQYF	1
CASSPRNSNQPQHF	1
CASSPEPSGSKTDTQYF	1
CASSRSSTSSYNEQFF	1
CASSRSTSKQFF	1
CASSRRGSGSYNEQFF	1
CASSRGRLAKNIQYF	1
CASSRRGDGYYEQYF	1
CASSRAGRGFSYEQYF	1
CASSRGDSGNTIYF	1
CASSRDRGQADTQYF	1
CASSRESSGTQYF	1
CASSRTASYEQYF	1
CASSRQFSYGYTF	1
CASSRQGTAGANVLTF	1
CASSRGTGVYNEQFF	1
CASSRDSSTDTQYF	1
CASSHSGTSGYEQYF	1
CASSHSGTGIYNEQFF	1
CASSHAGTVEPGELFF	1
CASSHIRDSTPYEQYF	1
CASSHKQGLAGANVLTF	1
CASSHPRENTEAFF	1
CASSHREAYEQYF	1
CASSHGGTSGQETQYF	1
CASSQPKAGGNTGELFF	1
CASSQPGLVYEQYF	1
CASSQVIRTGGRSGANVLTF	1
CASSQGLAVLFTDTQYF	1
CASSQGTGLADSYNEQFF	1
CASSQTWVPVYF	1
CASSQSSYNEQFF	1
CASSQWGGGEQFF	1
CASSQLGPYEQYF	1
CASSQLAGGTDTQYF	1
CASSQPRVGQSTARTYNEQFF	1
CASSQVRGSGDEQYF	1
CASSQVLAGSSYNEQFF	1
CASSQVIQRSSNTGELFF	1
CASSQVALAEDEQYF	1
CASSQAWVRKDTGELFF	1
CASSQAAGEGLGELFF	1
CASSQAGLRSYNEQFF	1
CASSQAERDEQFF	1
CASSQGPDSNQPQHF	1
CASSQGFDRGGYTF	1
CASSQGWGGSYEQYF	1
CASSQGYKETQYF	1
CASSQGQGEGGELFF	1
CASSQGGYEQYF	1
CASSQGGGSYNEQFF	1
CASSQGEPRGETQYF	1
CASSQGFPSGGVNTGELFF	1
CASSQGGTGGAGYTF	1
CASSQGGLVTGELFF	1
CASSQGGGRGSNEQFF	1
CASSQDSASAPDTQYF	1
CASSQDWVLAGGPWTGELFF	1
CASSQDGGREQYF	1
CASSQDSGSGANVLTF	1
CASSQDNSGALYEQYF	1
CASSQDKRDRDYEQYF	1
CASSQDAGVSNQPQHF	1
CASSQDATGISTDTQYF	1
CASSQDAGFANTGELFF	1
CASSQEFF	1
CASSQEGVNEQYF	1
CASSQEGGLAGKLFF	1
CASSQELAVYEQYF	1
CASSQEGPVASGGLSSYEQYF	1
CASSQTAQETQYF	1
CASSQTGSETQYF	1
CASSQSRGIQETQYF	1
CASSQRPEGIGETQYF	1
CASSQRAPQLAGYTGELFF	1
CASSQRGTSGSGGVSEQFF	1
CASSQNSGAYEQYF	1
CASSVLGGSNNEQFF	1
CASSVQGGGYTF	1
CASSVGGPAYEQYF	1
CASSVSGGGYNEQFF	1
CASSVKTSGGSSYNEQFF	1
CASSVVGFGEQYF	1
CASSVVGTGTDTQYF	1
CASSVGRNSGANVLTF	1
CASSVGQGEAGANVLTF	1
CASSALGWEAVGTQYF	1
CASSAVRLADSYEQYF	1
CASSAPGLGPYEQYF	1
CASSATMTGTVHSPLHF	1
CASSAYGDGPYEQYF	1
CASSAQGTYNEQFF	1
CASSAVGGGETQYF	1
CASSGTGTDRPKSSYNEQFF	1
CASSGPGTGISGANVLTF	1
CASSGTSIWEETQYF	1
CASSGGGVGGGKGNEQFF	1
CASSDLPGQVPEGSTDTQYF	1
CASSDDPSGANVLTF	1
CASSEYNEQFF	1
CASSEGQGFNEKLFF	1
CASSELNRGGYTF	1
CASSMLAGGGNEQFF	1
CASSIVYNEQFF	1
CASSTVSRENEQFF	1
CASSTSLDRATSGANVLTF	1
CASSTQGRNTEAFF	1
CASSTSPGSYNEQFF	1
CASSSEGAGANVLTF	1
CASSNPRASGRAVPLNEQFF	1
CASSKSRDSGELFF	1
CASSKQGRGYSNQPQHF	1
CASSKAREGTNEQFF	1
CASSKEGTSGNSCADTQYF	1
CASRSIAGGRNEQFF	1
CASRSGTNTGANVLTF	1
CASRSGGTGELFF	1
CASRCSVTQYF	1
CASRPTGGVENTIYF	1
CASRAAREQFF	1
CASRAGQGSGNTIYF	1
CASRDYTDTQYF	1
CASRESGGTDTQYF	1
CASRTPGQGKVGF	1
CASRSVAGIYNEQFF	1
CASRRTASYEQYF	1
CASRRTGVNSPLHF	1
CASRNSGSLYEQYF	1
CASRFKGQFSSGANVLTF	1
CASRPLTGVNSPLHF	1
CASRPTETQYF	1
CASRPGLAILNTGELFF	1
CASRPRFVTSGISTDTQYF	1
CASRPQSPGLAGETQYF	1
CASRHSGTAKNIQYF	1
CASRAPPANVLTF	1
CASREDRGPNVLTF	1
CASRILGGDYEQYF	1
CASRTQGVPKNIQYF	1
CASRRELGNSPLHF	1
CASRRHRGGRYEQYF	1
CASRKPGQGLFRLYEQYF	1
CASRKDRGPYEQYF	1
CASNWEGVRNNQPQHF	1
CASNLGSPGSGSYEQYF	1
CASNPGLSSQTQYF	1
CASNPPDQETQYF	1
CASNRDRGGYGYTF	1
CASNGEGSPLHF	1
CASKSGRLGQEANTGELFF	1
CASKVAGANVLTF	1
CASKADTGANVLTF	1
CARAGRRLL	1
CANGDREVSGANVLTF	1
CAMQGLRETQYF	1
CATLMGLARNEQFF	1
CATNPGNANTGELFF	1
CASLGLAGGTGELFF	1
CASRPYIAGGQETQYF	1
CASQSRGAFGELFF	1
CASSFLEGSYNEQFF	1
CASSRGSQETQYF	1
CASRSSGDQETQYF	1
CASAVWQGRETQYF	1
CASARGGYTDTQYF	1
CASGPRGSGTGELFF	1
CASGLGSSSSYEQYF	1
CASGLAGARQYAETQYF	1
CASGGRGQYNEQFF	1
CASGIYEQYF	1
CASGSGRIAREQFF	1
CASEQGRGRTDTQYF	1
CASIFRGETQYF	1
CASTNRDRYSDEQFF	1
CASTLAPGAGGELFF	1
CASTSWNQETQYF	1
CASTWFPKETQYF	1
CASTWGETQYF	1
CASTMGQRETQYF	1
CASSFQETQYF	1
CASSSGQTQETQYF	1
CASSSGLAGPRLSYEQYF	1
CASSSDRAGANVLTF	1
CASSQFVGDCNQPQHF	1
CASSQVRDTKETQYF	1
CASSGAGTKIETQYF	1
CASSDGAAYEQYF	1
CASSDSSGANVLTF	1
CASSESGGGGNTEAFF	1
CASSESSAGLEVQFF	1
CASSEGQGARPQHF	1
CASSTGQGATGANVLTF	1
CASSFSRRNLYQETQYF	1
CASSFWGSLAPANYGYTF	1
CASSFLRQAGTDTQYF	1
CASSFQGPGTEAFF	1
CASSFAGGQSIYF	1
CASSFGTSGGTYSTDTQYF	1
CASSFDPRDQYF	1
CASSFEFGSYNEQFF	1
CASSFRQGQETQYF	1
CASSFKGDGGGFRETQYF	1
CASSFKKLPVLETQYF	1
CASSFGPSLAKNIQYF	1
CASSFGLAGGPEQFF	1
CASSFGPSNEQFF	1
CASSFDSNSGNTIYF	1
CASSFTSDSYNEQFF	1
CASSLFGTRNEQFF	1
CASSLLRLQETQYF	1
CASSLSLETQYF	1
CASSLSVSYQETQYF	1
CASSLLAGGSDGYTF	1
CASSLPPGYEQYF	1
CASSLVGTSYNSPLHF	1
CASSLVQGTYEQYF	1
CASSLVRGGGYYSYNEQFF	1
CASSLVTGERYEQYF	1
CASSLVPGGQETQYF	1
CASSLVAGANVLTF	1
CASSLVRETQYF	1
CASSLAGGETQSF	1
CASSLASGGGVSNEQFF	1
CASSLASTSGSTDTQYF	1
CASSLALLAGGETQYF	1
CASSLAGQRNEQFF	1
CASSLADSQYEQYF	1
CASSLASTGGEETQYF	1
CASSLAAGGPRGQYF	1
CASSLADRGSYEQYF	1
CASSLAAGETQYF	1
CASSLGAANNEQFF	1
CASSLGAAGGSYNEQFF	1
CASSLGSPIRETQYF	1
CASSLGDRVRLPTYEQYF	1
CASSLGDRSQETQYF	1
CASSLGTGAETQYF	1
CASSLGSLQASTDTQYF	1
CASSLGPGSRGSEQFF	1
CASSLGQGIQETQYF	1
CASSLGQGGEETQYF	1
CASSLDFQNNQPQHF	1
CASSLDQLRGPQETQYF	1
CASSLDASGTQYF	1
CASSLERTGVQETQYF	1
CASSLIAGGPYQETQYF	1
CASSLTGYNEQFF	1
CASSLRAETGETQYF	1
CASSLREHRMGETQYF	1
CASSLQTSLKETQYF	1
CASSLALGLAEPSTDTQYF	1
CASSLGLQETQYF	1
CASSLGPIGGNLGTDTQYF	1
CASSLIRDMHEQFF	1
CASSLTSTASTEAFF	1
CASSSGHSQETQYF	1
CASSSWTSGQETQYF	1
CASSSLSSGVTDTQYF	1
CASSSLSGLAGGRTYNEQFF	1
CASSSLAGGEETQYF	1
CASSSRGASSGANVLTF	1
CASSSGQGANTGELFF	1
CASSSEGATQYF	1
CASSSTGDYGYTF	1
CASSSVSETQYF	1
CASSSGSWGHGQFF	1
CASSSTGGGVETQYF	1
CASSSSQGSYNEQFF	1
CASSSTGGPETQYF	1
CASSWVTQVEETQYF	1
CASSWGTGSHEQFF	1
CASSWTVQETQYF	1
CASSWTANNEQFF	1
CASSYQTGGETQYF	1
CASSYRPGDAQETQYF	1
CASSYRDRAVTQYF	1
CASSYEDTQYF	1
CASSLGGQEETQYF	1
CASSLGGLSETQYF	1
CASSPPGGTGELFF	1
CASSPRGQGAGETQYF	1
CASSPGLAGTQETQYF	1
CASSPSGGLNEQFF	1
CASSPKLTGMIANVLTF	1
CASSPPPRDGLETQYF	1
CASSPRDIGHEQYF	1
CASSPGPGSNTQYF	1
CASSPGVQETQYF	1
CASSPGTSGGLSYNEQFF	1
CASSPEGGEQFF	1
CASSPSVAGNQETQYF	1
CASSPRQGYSTGELFF	1
CASSPGTTQYF	1
CASSPGPDGTQYF	1
CASSPGHGETQYF	1
CASSPPLRTEAFF	1
CASSPQTPLWTARRETQYF	1
CASSPGESSYEQYF	1
CASSPEPGGGTQYF	1
CASSRAQQPRAYEQYF	1
CASSRGLAGGFSYNEQFF	1
CASSRPGQGPTDTQYF	1
CASSRTGQTQETQYF	1
CASSHPTGDTAPLHF	1
CASSHLPRLAGNEQFF	1
CASSHLAHEQYF	1
CASSHPAGGPGHGADTQYF	1
CASSQSGLAGSYEQYF	1
CASSQPTGRNTEAFF	1
CASSQALTTGGNEQFF	1
CASSQTAGPTYEQYF	1
CASSQNDRAFWNTGELFF	1
CASSQVSNTDTQYF	1
CASSQVAGGPGANVLTF	1
CASSQDQLVSGANVLTF	1
CASSQDGTGTNTGELFF	1
CASSQDIDTHYEQYF	1
CASSQDRGASSYNEQFF	1
CASSQDRLAASYNEQFF	1
CASSQEDLANYGYTF	1
CASSQERGRMYEQYF	1
CASSAGLPDQETQYF	1
CASSGQGIETQYF	1
CASSDRSLLPYNEQFF	1
CASSDLSGALRDEQFF	1
CASSDSGSQETQYF	1
CASSDLGGGAGFGGYTF	1
CASSDQRGVGNEQFF	1
CASSENSIPQETQYF	1
CASSITGTGSTNEKLFF	1
CASSTGLVTVADTQYF	1
CASSTGTSGGEQFF	1
CASSSGPGEGLDYEQYF	1
CASSNIWDREETQYF	1
CASSKLAGHRLGETQYF	1
CASSKGLNEETQYF	1
CASRFGRDLSGANVLTF	1
CASRSGHKIQETQYF	1
CASRPQGTVDSYEQYF	1
CASRDGRANVLTF	1
CASRTGGQETQYF	1
CASRRFGLAGVQETQYF	1
CASRKAESYNEQFF	1
CASRWGRGPLQETQYF	1
CASRYQETQYF	1
CASRPGANVLTF	1
CASRPTGTLLDTQYF	1
CASRVGNGETQYF	1
CASRAGGPQETQYF	1
CASRDRSQETQYF	1
CASREAGGLETQYF	1
CASRTLGGETQYF	1
CASRRTVADGYTF	1
CASNLDSFGETQYF	1
CASNRDGSYEQYF	1
CASNAGPQETQYF	1
CASKTSGGTDTQYF	1
CSFGEVRLAGVPYNEQFF	1
CSPHPNLETQYF	1
CSVPRQGYTYEQYF	1
CSAWDRGYTGELFF	1
CSAPSGGAFNEQFF	1
CSAPTSASFNEQFF	1
CSAAPSSGSSNEQFF	1
CSAGEQGFNTEAFF	1
CSAGGHSSYEQYF	1
CSADSGTHNSIEQFF	1
CSAEDRGHLAYEQYF	1
CSASIPTNEQFF	1
CSASLRSLGMELFF	1
CSASPGSRGGANVLTF	1
CSASPRALAGSNTGELFF	1
CSASDQRKRSTDTQYF	1
CSARSLRGAYQETQYF	1
CSARSGQVTYEQYF	1
CSARPGTGGANVLTF	1
CSARAVGGGSGANVLTF	1
CSARTVATDAGANVLTF	1
CSARTASGSAYEQFF	1
CSARLPRNSMEQYF	1
CSARVSGANVLTF	1
CSARVPAPGTSGRLTYEQYF	1
CSARVTGNQPQHF	1
CSARAPQGANVLTF	1
CSARAGTSGSYNEQFF	1
CSARAGTLSWAGGRVTQYF	1
CSARGVRQGDGANVLTF	1
CSARDWPGETQYF	1
CSARDLAGSYEQYF	1
CSARDPWDRGGGTQYF	1
CSARDGYGQETQYF	1
CSARDGRQGDGSQPQHF	1
CSARDEGVMSGANVLTF	1
CSARDNRAPEQYF	1
CSAREGGSSATQYF	1
CSAREWVGNEQFF	1
CSARETGLSEQYF	1
CSARTGTANTGELFF	1
CSARKAGARYEQYF	1
CSARKTSGRETQYF	1
CSANGFRDEQFF	1
CSAKAGGRGGADEQYF	1
CSAPGLADYEQYF	1
CSAPTRKTSYEQYF	1
CSATSSGANVLTF	1
CSARTSGANVLTF	1
CSAGTGGLLYNEQFF	1
CSAMIAGGRRETQYF	1
CSVSSLDEQYF	1
CSVPDGLKGANVLTF	1
CSVRGRLSYNEQFF	1
CSVAGGPQETQYF	1
CSVGPREHTEAFF	1
CSVGGSTYYEQYF	1
CSVDRGAGYEQFF	1
CSVEVGQGLGTQYF	1
CSVEGGSSYEQYF	1
CSVETLGEQYF	1
CSVPDVKGQGLSGANVLTF	1
CSVMLGGGNTGELFF	1
CSVKAGGTYEQYF	1
CSAAGESTDTQYF	1
CSADRGGTEAFF	1
CSAEKQGNEQFF	1
CSARAPTSGANVLTF	1
CSGTGALSYNEQFF	1
RSGNNSPLHF	1
CASIEQASSYNEQFF	1
CASSPPGETQYF	1
CASSDIGGEQYF	1
CASRSSVYNEQFF	1
CASTPGRGLTDTQYF	1
CACRPTGGSSGANVLTF	1
CAWQGEGTDTQYF	1
CAWQGTTDTQYF	1
CAWGLGGDEQFF	1
CAWTRLGSSQETQYF	1
CAWTLVVSGELFF	1
CAWTRGYDEKLFF	1
CAWTQLGSGTQYF	1
CAWTDQGANTGELFF	1
CAWTKVHWADTQYF	1
CAWTPSSYNEQFF	1
CAWSPRDPETQYF	1
CAWSRDSYNEQFF	1
CAWSRLAGSTDTQYF	1
CAWSQSAPTDTQYF	1
CAWSVSGHSGANVLTF	1
CAWSVWGTDTQYF	1
CAWSVLLHFEAFF	1
CAWSVRRLYYEQYF	1
CAWSVTEGGYTF	1
CAWSASSSNQPQHF	1
CAWSARLGDEQFF	1
CAWSGTGVSTDTQYF	1
CAWSGPPPGYNSPLHF	1
CAWSDYRGFYSYEQYF	1
CAWSPGGTDTQYF	1
CAWSHREESEQYF	1
CAWSAALTDTQYF	1
CAWSNSGANVLTF	1
CAWRLAGGISEQFF	1
CAWRGGETQYF	1
CAWRGTGNSPLHF	1
CAWRRATAPGELFF	1
CAWRSVNMAEAFF	1
CAWRGGTSGSRGYNEQFF	1
CAWNERSEETQYF	1
CAWKGWTETRGNEKLFF	1
CAYLGGLGGYTF	1
CAVTGANYGYTF	1
CAAGLNVLTF	1
CAGQGLNTGELFF	1
CAIRTGEEETQYF	1
CAIWVFPGANVLTF	1
CAIAAGGDTDTQYF	1
CAIAAKGGNEQYF	1
CAITSDIGYSGANVLTF	1
CAISFTDTQYF	1
CAISGDSGTRSGANVLTF	1
CAISDPRDGYTF	1
CAISDRAGGIYEQYF	1
CAISESGGQGAGEQFF	1
CAISEYRQGSGANVLTF	1
CAISETFDRATSTDTQYF	1
CAISEKGIHSEQFF	1
CAISRAGGANVLTF	1
CAISSGTSGHNEQFF	1
CAISSDSELHLYNSPLHF	1
CAIRDGTGVNLNYGYTF	1
CAIRTGYGYTF	1
CAIRLTSGGYEQYF	1
CAINDRGETQYF	1
CATHGGERSGANVLTF	1
CATQRTLSTDTQYF	1
CATGAGQEKLGGQPQHF	1
CATTGGSSSTGELFF	1
CATSPGFPEGRSTDTQYF	1
CATSVINEQFF	1
CATSGGAGQGYNEQFF	1
CATSDFQGSGETQYF	1
CATSDFQETQYF	1
CATSDSLLAGGSTDTQYF	1
CATSDSRVTETQYF	1
CATSDGPRETQYF	1
CATSDYGPYNEQFF	1
CATSDPRSYEQYF	1
CATSEPGTDTGELFF	1
CATSRLSGQGIDTQYF	1
CATSRDPGTGVFGANVLTF	1
CATKSTDTQYF	1
CATADTSGANVLTF	1
CASRDYRYEQYF	1
CASQRGLGYEQYF	1
CASTPGTGSYEQYF	1
CASTGRYEQYF	1
CASSSRTESSGANVLTF	1
CASSYGQGTTEAFF	1
CASSARGPTSTDTQYF	1
CASSIGGGAQETQYF	1
CASSILPDTYGYTF	1
CASSIPRGLDEQFF	1
CASSIVGQGRTEAFF	1
CASSINLDTESATNEKLFF	1
CASSSGWGSYEQYF	1
CASSSEGLSYNEQFF	1
CASSRVREKLFF	1
CASRGRDSSNQPQHF	1
CASRSDSPNYGYTF	1
CASSSLRGAPGNQPQHF	1
CASSQGQNYGYTF	1
CASSGDSNQPQHF	1
CASSLPGQGNEKLFF	1
CASSLGGQGAIRTTDTQYF	1
CASSLLRYQETQYF	1
CASSLGTGNYGYTF	1
CASSLNIATASYEQYF	1
CASSPRSGATISYNEQFF	1
CASSPRGGGSNQPQHF	1
CASSPTRQDPHPQYF	1
CASSPSLDYKITQYF	1
CASSPILWDVGSPLHF	1
CASSPLRQDQETQYF	1
CASSPLHGTGNSPLHF	1
CASSPPAGGSTDTQYF	1
CASSPPTGGKTQYF	1
CASSPRGGSYEQYF	1
CASSPRLDGTGELFF	1
CASSPISRTRPPNGSPLHF	1
CASSPKGISGELFF	1
CASSRDRGETQYF	1
CASSAYGPGQGAYEQYF	1
CASSGTGPYGYTF	1
CASSRIGLAGSQGNEQFF	1
CASSRTTPGQGSFGANVLTF	1
CASYGTATDTQYF	1
CASLPRRGGYTF	1
CASLAGIRNEQFF	1
CASPTMVGRPASGANVLTF	1
CASRFSLAGVSGANVLTF	1
CASRQQGARGANVLTF	1
CASRAGRYEQYF	1
CASRGGGNEQFF	1
CASQDALGNIQYF	1
CASVGIRAHWYGYTF	1
CASARTSGRVREQYF	1
CASGLGGGPYNEQFF	1
CASGMWTPYTGELFF	1
CASGAGRFTGELFF	1
CASGGNRRAYNEQFF	1
CASGGRGTASGANVLTF	1
CASGRGGHEQFF	1
CASGRDEETQYF	1
CASEVGNQPQHF	1
CASEIGGKQYF	1
CASEGLADERFF	1
CASIIPGQGQETQYF	1
CASIRNPGQGAYEQYF	1
CASMRGGGANVLTF	1
CASTPFGPQNQPQHF	1
CASTAGSGGAEEQFF	1
CASTSGNSGANVLTF	1
CASTLAPGSYEQYF	1
CASTWGQVNTEAFF	1
CASTWDGGGYTF	1
CASTLGGGFLVGANVLTF	1
CASTPRTGPLLF	1
CASTPGKRFRGAWFKNIQYF	1
CASTPRGGGTGELFF	1
CASTADRADNEQFF	1
CASTARTSGAPGDTQYF	1
CASTMIAGTGGPGGDYEQYF	1
CASTNQGLAVQYEQYF	1
CASTKGGIPYEQYF	1
CASTLAGPYNEQFF	1
CASTGQPNTGELFF	1
CASSFSPGTPEAFF	1
CASSFSDKQFF	1
CASSFRGNEQFF	1
CASSFHREGLETQYF	1
CASSFGDTEAFF	1
CASSFDPYEQYF	1
CASSFTLPSGSYWTGELFF	1
CASSFPINHSPIVGTDTQYF	1
CASSFRQGWNTGELFF	1
CASSFQGGGETQYF	1
CASSFVGNQPQHF	1
CASSFAAADCVF	1
CASSFGWAAFF	1
CASSFGYSGANVLTF	1
CASSFGGLETQYF	1
CASSFGGEGETQYF	1
CASSFTGTRSNQPQHF	1
CASSFTMSNEKLFF	1
CASSLSLAGVPEQYF	1
CASSLQGAVGANVLTF	1
CASSLVGGLRANEKLFF	1
CASSLAGPGYEQYF	1
CASSLGHSGANVLTF	1
CASSLMGASNQPQHF	1
CASSLFGRTGELFF	1
CASSLLGSGANVLTF	1
CASSLSYLPSGANVLTF	1
CASSLSGPRGFGANVLTF	1
CASSLSAGEQFF	1
CASSLSGDQPQHF	1
CASSLLAGGADTQYF	1
CASSLPGRPPYEQYF	1
CASSLRGGSSYEQYF	1
CASSLRQGRETQYF	1
CASSLASGGTWWEQFF	1
CASSLAGTGSLTDTQYF	1
CASSLARVPGLATDTQYF	1
CASSLAYRLLVDEQYF	1
CASSLGLGEGNEQFF	1
CASSLGNRMANEQFF	1
CASSLIWGGELFF	1
CASSLIQGGSHEQYF	1
CASSLRDFTYEQYF	1
CASSSSPGLRSGANVLTF	1
CASSSRGRLYEQYF	1
CASSSQANDTETQYF	1
CASSSGLAGKEQYF	1
CASSSKTGSITGELFF	1
CASSSSTNEQFF	1
CASSSSLTGGFAGANVLTF	1
CASSSSGTKVSGANVLTF	1
CASSSSHAKTGIDTQYF	1
CASSSPRGRGETQYF	1
CASSSPIGRDEGGYTF	1
CASSSRQSSGANVLTF	1
CASSSVGGLGANVLTF	1
CASSSTKTSGSSSYEQYF	1
CASSSFSLTYNEQFF	1
CASSSRGAGANVLTF	1
CASSSDTNRSWDNSPLHF	1
CASSSGFGTYNEQFF	1
CASSYRDTQYF	1
CASSYIAGNFYEQYF	1
CASSYSSEGANVLTF	1
CASSYFWEGSYNEQFF	1
CASSYLREVTDTQYF	1
CASSYSTGGSYEQYF	1
CASSYSTRGSSYNSPLHF	1
CASSYSLLWELSSGANVLTF	1
CASSYSPVYNYEQYF	1
CASSYSAVAQFF	1
CASSYSVTGPFSYEQYF	1
CASSYSGIPYNEQFF	1
CASSYSTPTFGEQYF	1
CASSYLPESAYEQYF	1
CASSYPSSGAGDTQYF	1
CASSYPRQAANYGYTF	1
CASSYRDRGSGDYEQYF	1
CASSYRPGQPVNQPQHF	1
CASSYQTGGVAEAFF	1
CASSYGWGLWETQYF	1
CASSYGVSRGGETQYF	1
CASSYGGWTLYNEQFF	1
CASSYGPSDTQYF	1
CASSYGQGGGSWNEQYF	1
CASSYTGTFGSYNEQFF	1
CASSLGRLAVSDEQFF	1
CASSLGGVKNIQYF	1
CASSLRRYEQYF	1
CASSLRLAGGTDTQYF	1
CASSLNGAGGQETQYF	1
CASSPSADTQYF	1
CASSPPSWDEQFF	1
CASSPGLAGEQYF	1
CASSPGGGQTSFYEQYF	1
CASSPTVHSGANVLTF	1
CASSPRDFPDTQYF	1
CASSPRTDRKIYNEQFF	1
CASSPLAEITYEQYF	1
CASSPPAWGFPIYGYTF	1
CASSPPGHKNIQYF	1
CASSPRGVGGASEQFF	1
CASSPNQQGNTF	1
CASSPGASTDTQYF	1
CASSPGGSENIQYF	1
CASSPGLADNEQFF	1
CASSPTGGNTGELFF	1
CASSPSPSRASNEQFF	1
CASSPWGLLNEQFF	1
CASSPRVWTEAFF	1
CASSRARNYSGANVLTF	1
CASSRTLSGQPQHF	1
CASSRTGHSNQPQHF	1
CASSRTESSYEQYF	1
CASSRQGGDTQYF	1
CASSVAGTTTDTQYF	1
CASSVAGGDTEAFF	1
CASSVDRGSGANVLTF	1
CASSVYGENNEQFF	1
CASSAWETQYF	1
CASSAPDRGPQETQYF	1
CASSAGQTSGANVLTF	1
CASSGSEVYEQYF	1
CASSGDTSGNTIYF	1
CASSGRGGTDTQYF	1
CASSGHLSGANVLTF	1
CASSGQTIRSGANVLTF	1
CASSDAGQFYGYTF	1
CASSDGGQSHSRRYNEQFF	1
CASSDGVPLHF	1
CASSDTESAGDLYGYTF	1
CASSDFFLAGEYNEQFF	1
CASSDFPGSSYNSPLHF	1
CASSDSRFRGGQFF	1
CASSDATGGNTEAFF	1
CASSDGQADLYGYTF	1
CASSDRGSSGANVLTF	1
CASSEFDGDTIYF	1
CASSEGPAGAQPQHF	1
CASSEDREYQETQYF	1
CASSETRGYNEQFF	1
CASSELVTDNEQFF	1
CASSESTGFSGANVLTF	1
CASSEWRTSGTDTQYF	1
CASSEAPERMGHNEQFF	1
CASSEAWAAQTLEQYF	1
CASSEAHGETQYF	1
CASSEAVAGGSYEQYF	1
CASSESGRAGNEQFF	1
CASSENRGLEQYF	1
CASSILRGRNTGELFF	1
CASSIVSSGANVLTF	1
CASSIDQSTYNEQFF	1
CASSTAKGQIGETQYF	1
CASSSPGELFF	1
CASSRLADLYNEQFF	1
CASSKGGRDNEQFF	1
CASSFSPTLDYNEQFF	1
CASSFPGQSTGELFF	1
CASSFGTGIEQYF	1
CASSFTLGLAGGPSTGELFF	1
CASSFTKSNTGELFF	1
CASSFSGDTQYF	1
CASSFKAGLHEQYF	1
CASSFLAGPYNEQFF	1
CASSFAREGRANEQFF	1
CASSFGQSTDTQYF	1
CASSFDLIPSANYGYTF	1
CASSFIGANVLTF	1
CASSFIGRATDTQYF	1
CASSFRPGTSGDTQYF	1
CASSLFHWRGPHRLTDTQYF	1
CASSLFPGEATNEKLFF	1
CASSLLSNYFQRSGNTIYF	1
CASSLWDSGWYGANVLTF	1
CASSLVSGAYGYTF	1
CASSLVRSFLPDTQYF	1
CASSLVPGAYNEQFF	1
CASSLARGYNEQFF	1
CASSLGRGPNNEQFF	1
CASSLGPTPTNQETQYF	1
CASSLGQGGTNEKLFF	1
CASSLGGSWITDTQYF	1
CASSLGESSYEQYF	1
CASSLGLAGREADTQYF	1
CASSLGQGQWTDTQYF	1
CASSLEGTGTLGANVLTF	1
CASSLEQGVYGYTF	1
CASSLEGLAGGPSF	1
CASSLISGRFQETQYF	1
CASSLRELSNQPQHF	1
CASSLKTADTQYF	1
CASSLLAPAYEQYF	1
CASSLSREQYF	1
CASSLSGLDAFF	1
CASSLSPMGTVTGELFF	1
CASSLYYHYNEQFF	1
CASSLLALVADSGANVLTF	1
CASSLLGLAGETQYF	1
CASSLLAGIGTEAFF	1
CASSLPPRAEQFF	1
CASSLPPYF	1
CASSLPIARNEQFF	1
CASSLHLGQGANVLTF	1
CASSLVVRDSGANVLTF	1
CASSLVSGTEQYF	1
CASSLVGGGADNEQFF	1
CASSLVTGGVAYEQYF	1
CASSLVTRGRIYNEQFF	1
CASSLVRSGIQYF	1
CASSLVRGASETQYF	1
CASSLVGNEQFF	1
CASSLAGVTGELFF	1
CASSLAPGGTDTQYF	1
CASSLAQSGPNNSPLHF	1
CASSLAGGTQYF	1
CASSLATLAASYEQYF	1
CASSLALQYTGELFF	1
CASSLALGLTNEQFF	1
CASSLARQAVNLNTGELFF	1
CASSLAGVNNEQFF	1
CASSLATVSPLHF	1
CASSLGRLAGGPYLSYEQYF	1
CASSLGGVFNTDTQYF	1
CASSLGGGGTDTQYF	1
CASSLGHSGANVLTF	1
CASSLGGPMAGELFF	1
CASSLGGHEPQHF	1
CASSLGDPSTQYF	1
CASSLGDSNINPDGGYTF	1
CASSLGQDYNEQFF	1
CASSLDLAGGEEETQYF	1
CASSLDPGDEQFL	1
CASSLDLPGGAYDTQYF	1
CASSLDPGPGGTEAFF	1
CASSLEGLAANYEQYF	1
CASSLIRGNKNIQYF	1
CASSLMYEQYF	1
CASSLMASQETQYF	1
CASSLIAIIQETQYF	1
CASSLTDEAGKYEQYF	1
CASSLTVQAGPTIGYTF	1
CASSLTGYGYTF	1
CASSLSWGPSYEQYF	1
CASSLSLASWQFF	1
CASSLSPGTPYEQYF	1
CASSLRETSGNEQFF	1
CASSSLAGTGNEQFF	1
CASSSLLATGIGTGANVLTF	1
CASSSSGREQETQYF	1
CASSSLTDTGDNEQFF	1
CASSSSGAVKNIQYF	1
CASSSPSYNEQFF	1
CASSSRGQGAVFF	1
CASSSRERRDGYTF	1
CASSSGGANIQYF	1
CASSSGQGLNSPLHF	1
CASSSDIWGSGANVLTF	1
CASSSIPTGELFF	1
CASSSFGRGLDYEQYF	1
CASSSFLASTDTQYF	1
CASSSYGQGGDEQYF	1
CASSSLQGFVEKLFF	1
CASSSGLAGGPPDTQYF	1
CASSSGQSWGTQYF	1
CASSSIPGRRTYNEQFF	1
CASSSTEQETQYF	1
CASSSNRGAGELFF	1
CASSSKGELSYNSPLHF	1
CASSWGTGNLNIRLAGDGNEQFF	1
CASSWDLYLGDTQYF	1
CASSWTSGRYNEQFF	1
CASSWRIRGPTYNEQFF	1
CASSYYARAGEAFF	1
CASSYGQGRAKNIQYF	1
CASSYPGTGIETQYF	1
CASSYPGDTQYF	1
CASSYQGGTGANVLTF	1
CASSYGGVFEQFF	1
CASSYTGGLAKNIQYF	1
CASSLFGQGSHEQYF	1
CASSLFSGTNRITDTQYF	1
CASSLLRDKAYNEQFF	1
CASSLGWALNGEQYF	1
CASSLGRGFEQFF	1
CASSLGTSGRADTQYF	1
CASSLGQGASGGYTF	1
CASSLDRDRGIYEQYF	1
CASSLEPHNEQFF	1
CASSLPWSTYEQYF	1
CASSLAGGEKQYF	1
CASSLTGATNYGYTF	1
CASSLSSGTGAHNEQFF	1
CASSPSGANVLTF	1
CASSPSGLPYEQYF	1
CASSPSTETYEQYF	1
CASSPWGGGGVTNEKLFF	1
CASSPPLVTSGSYNEQFF	1
CASSPGSTTYEQYF	1
CASSPSGRDPLSSYNEQFF	1
CASSPRTNYEQYF	1
CASSPLGWGPANTGELFF	1
CASSPPPVTDTQYF	1
CASSPPGTGANVLTF	1
CASSPPRGTGANVLTF	1
CASSPRSAVQETQYF	1
CASSPRLFAGANVLTF	1
CASSPRLDRPGANVLTF	1
CASSPRQGGNEQFF	1
CASSPQAGAEQYF	1
CASSPVGPYNEQFF	1
CASSPAANVLTF	1
CASSPGPGSQYEQYF	1
CASSPGLAGYTDTQYF	1
CASSPGQGRVAKNIQYF	1
CASSPTSVGTGMDEQYF	1
CASSPWWRGVGEQFF	1
CASSPYKPGNEQFF	1
CASSPLRGSYNEQFF	1
CASSPPTGQETQYF	1
CASSPPPQGLVEQYF	1
CASSPGLGEQYF	1
CASSPGGDNEQFF	1
CASSPGGGLFEQYF	1
CASSPGQVYEQYF	1
CASSPIQGDQETQYF	1
CASSPSEGQETQYF	1
CASSPYRDRGGNEQFF	1
CASSPPLGETYEQYF	1
CASSPRAGGIDEQFF	1
CASSPVSRTQYF	1
CASSPGETEMGPNTIYF	1
CASSPTGGLSYEQYF	1
CASSRIAGATQETQYF	1
CASSRPAGGRDTQYF	1
CASSRSRTGAYEQYF	1
CASSRGLAGSTDTQYF	1
CASSRRTSGPYEQYF	1
CASSRRTSGVETQYF	1
CASSHMVSGGLGGYTF	1
CASSHLTGKSSYNEQFF	1
CASSHPASQRGEQFF	1
CASSHGTSGGVYEQYF	1
CASSQSGTSGGRGQFF	1
CASSQAGGLLYNEQFF	1
CASSQGLVSDTQYF	1
CASSQELWGGYNEQFF	1
CASSQLQVQQETQYF	1
CASSQPHGANVLTF	1
CASSQPASGREQYF	1
CASSQHGGGYTF	1
CASSQQDFGTDTQYF	1
CASSQVAEMDTQYF	1
CASSQVAGTGGLGAKNIQYF	1
CASSQVGRGPYNEQFF	1
CASSQVQYSGANVLTF	1
CASSQASSLPYNEQFF	1
CASSQAVGRNEQFF	1
CASSQASGAEQFF	1
CASSQAGARYNEQFF	1
CASSQAGGRNTGELFF	1
CASSQGFAGSGSLFSYNEQFF	1
CASSQGYEQYF	1
CASSQGTSGTEDTDTQYF	1
CASSQGLAGTGELFF	1
CASSQGLAGEVETQYF	1
CASSQDWGLVLGDTQYF	1
CASSQDYQISGNTIYF	1
CASSQDRHQPQHF	1
CASSQDHSGVSYNEQFF	1
CASSQDQGDARYEQYF	1
CASSQDAGGGGYEQYF	1
CASSQDGPTRGGLYNEQFF	1
CASSQDNKGSYEQYF	1
CASSQDRGWYF	1
CASSQDRDGGYTF	1
CASSQEGRMGGYTF	1
CASSQEGSILYEAFF	1
CASSVDRDVYEQYF	1
CASSVHGETYEQYF	1
CASSVYDSGYTF	1
CASSVGSSGANVLTF	1
CASSVTGVGANVLTF	1
CASSALGGTYRSYEQYF	1
CASSARRDGEAFF	1
CASSAHGLLGYTF	1
CASSAGSYGYTF	1
CASSAGGTGFFL	1
CASSARADVNTGELFF	1
CASSAGPSPLHF	1
CASSATSGGANEQFF	1
CASSGRFGTDHNTGELFF	1
CASSGLAGGLGTDTQYF	1
CASSGPGTSGTSGANVLTF	1
CASSDSGFSTDTQYF	1
CASSDLGNGYTF	1
CASSDPGGPYNEQFF	1
CASSDGTGYLEKLFF	1
CASSDTSDTQYF	1
CASSDRAFSGANVLTF	1
CASSEERDTQYF	1
CASSEHLWDSSSNTGELFF	1
CASSENYEQYF	1
CASSIPATDTQYF	1
CASSTWGSTDTQYF	1
CASSTPLTGSSGNTIYF	1
CASSTGGLMGETQYF	1
CASSTGQGYGYTF	1
CASSTGLSNNEQFF	1
CASSTGLAGLSEQFF	1
CASSTDTSYEQYF	1
CASSTTRSGTRVSTGELFF	1
CASSSPTSGGAAYNEQFF	1
CASSSAGLAGGPNSYEQYF	1
CASSRGLWDEQYF	1
CASSNGQGTDTQYF	1
CASSKYQETQYF	1
CASSKQGALSGANVLTF	1
CASSKSAGANVLTF	1
CASRFSSSTDTQYF	1
CASRSLAGARGANVLTF	1
CASRSIAGTLHEQYF	1
CASRPTPGLAGGGRNEQFF	1
CASRPGTSGEKLFF	1
CASRPGLAQTYNEQFF	1
CASRRLAGRSGANVLTF	1
CASRRQGWGNEQFF	1
CASRRETQYF	1
CASRQGPTGELFF	1
CASRAGTGAYNEQFF	1
CASRGRGETQYF	1
CASRGLLGQEKTGANVLTF	1
CASRGLAGYNEQFF	1
CASRGGGALSYNEQFF	1
CASRDPAYEQYF	1
CASRRERELHREQFF	1
CASRSLTPALNTEAFF	1
CASRYAGTPHEQYF	1
CASRLRSRGEGRNQPQHF	1
CASRPHRGSYEQYF	1
CASRPDSWEDTQYF	1
CASRPVDKETQYF	1
CASRPSGANVLTF	1
CASRPPDWSSYNEQFF	1
CASRRHAWAGEETQYF	1
CASRHIKGYNEQFF	1
CASRQSLPYEQYF	1
CASRQGSGANVLTF	1
CASREGLIGDGYTF	1
CASRETGVKGANVLTF	1
CASRETGVYTDTQYF	1
CASRIWGPSYNEQFF	1
CASRIISRYSNTGELFF	1
CASRTGTGGNEQFF	1
CASRTGRGSSYEQYF	1
CASRNPGSSDTQYF	1
CASRNQVGGNYEQYF	1
CASRKRVGMTSGKNEQFF	1
CASNLRVRRGGGTEAFF	1
CASNIGLTAVDF	1
CASNTRLSGANVLTF	1
CASKPGLPTYEQYF	1
CASKGLGGQPQHF	1
CARNRGPDTQYF	1
CANSGGPKGGEQFF	1
CPSSAGVGTDTQYF	1
CAISAGGTGGSNEQFF	1
CATRDRVSGANVLTF	1
CASSRDRADGYTF	1
CASRDRPFSGNTIYF	1
CASRREETQYF	1
CASRLAGGNNEQFF	1
CASRSTREKLFF	1
CASRKLPGRLGETQYF	1
CASVLALGQGETQYF	1
CASVGQVEGNQPQHF	1
CASGQGPTDTQYF	1
CASTASGGPGNTIYF	1
CASTPPTAGGQNEQFF	1
CASTGTGVDTGELFF	1
CASTIAGGEETQYF	1
CASTTENQETQYF	1
CASSFAGTGVGETQYF	1
CASSLDPRLPTYNEQFF	1
CASSHVTLSYEQYF	1
CASSVNVNTEAFF	1
CASSALGSRPSTDTQYF	1
CASSGRQGSSLSHTGELFF	1
CASSGQGNRDEQYF	1
CASSDFSGGTDTQYF	1
CASSESGAGNQPQHF	1
CASSEGTLRNTEAFF	1
CASSRGQQETQYF	1
CASSFSGQGIETQYF	1
CASSFRQGTYEQYF	1
CASSFATGQETQYF	1
CASSFGDSGRPSSYNEQFF	1
CASSFRYSGPNRYNEQFF	1
CASSFGPSGAEETQYF	1
CASSFGDRPEQFF	1
CASSFDAQETQYF	1
CASSFEIQETQYF	1
CASSFTVVAGGAETQYF	1
CASSLSSTGARETQYF	1
CASSLLPLANGDFGKSYNEQFF	1
CASSLPGRAQETQYF	1
CASSLPTSSYEQYF	1
CASSLRGGPLYPETQYF	1
CASSLHQETQYF	1
CASSLQPSGKRKETQYF	1
CASSLQGPNTGELFF	1
CASSLVLRGLGETQYF	1
CASSLVGGSSTDTQYF	1
CASSLVGDRGLGTQYF	1
CASSLVGTMIMETQYF	1
CASSLVAGGAADTQYF	1
CASSLVQGRTETQYF	1
CASSLVAGKETQYF	1
CASSLVTGRTSGANVLTF	1
CASSLAESGANVLTF	1
CASSLASGGVWSYNEQFF	1
CASSLAHKGETQYF	1
CASSLAQGQETQYF	1
CASSLAGLAGVETQYF	1
CASSLARDAPQHF	1
CASSLARMNTEAFF	1
CASSLAPAGVQETQYF	1
CASSLAQGVVETQYF	1
CASSLAGSWGGGSYNEQFF	1
CASSLAWLQETQYF	1
CASSLGSGETQYF	1
CASSLGLRRAGETQYF	1
CASSLGQTGYQETQYF	1
CASSLGGSQETQYF	1
CASSLGPPGETQYF	1
CASSLGAGEIHEQYF	1
CASSLGGSSRDTQYF	1
CASSLGGSEKLFF	1
CASSLGTSGGNEQYF	1
CASSLGTGGETQYF	1
CASSLGLAETQYF	1
CASSLGQGYETQYF	1
CASSLDRGANTGELFF	1
CASSLDVTSGEQFF	1
CASSLDGGLPSYEQYF	1
CASSLDEGWGETQYF	1
CASSLDSGGPTNEEQFF	1
CASSLDNRLMETQYF	1
CASSLESTQETQYF	1
CASSLEGGSSYNEQFF	1
CASSLEGLAGGQKFF	1
CASSLEGTGELFF	1
CASSLEHTDTQYF	1
CASSLEGYQETQYF	1
CASSLITRHNSPLHF	1
CASSLMTGYNEQFF	1
CASSLTRGSTNTQYF	1
CASSLTWTKETQYF	1
CASSLRPALPGEAQYF	1
CASSLRPEETQYF	1
CASSLRTGSNVLTF	1
CASSLNRNYEQYF	1
CASSLKRERETQYF	1
CASSLKQGRGLYEQYF	1
CASSLKTSDPKETQYF	1
CASSLPPTYEQYF	1
CASSLATGSGANVLTF	1
CASSLGTLGGETQYF	1
CASSSSLSGETQYF	1
CASSSGLANEQFF	1
CASSSGQGANEQYF	1
CASSSAGYIQETQYF	1
CASSSGVTGETQYF	1
CASSSGTPLSYEQYF	1
CASSSDRPGANVLTF	1
CASSSRTGGETQYF	1
CASSSLAGGGNEQFF	1
CASSSHEGGRSEAFF	1
CASSSQGETQYF	1
CASSSIAANTGELFF	1
CASSSRASSGANVLTF	1
CASSWSGTGVEQYF	1
CASSWTGADTGELFF	1
CASSWNSDRDYETQYF	1
CASSYALGGETQYF	1
CASSLGTGGTQETQYF	1
CASSLRKETQYF	1
CASSLWDRGREQYF	1
CASSLQTGGRETQYF	1
CASSLTGSDYGYTF	1
CASSLGTGGGLGYEQYF	1
CASSPSEWGQHQETQYF	1
CASSPSQETQYF	1
CASSPWGGTQYF	1
CASSPPWGETQYF	1
CASSPPAGDRGYNEQFF	1
CASSPAGTSGGRRETQYF	1
CASSPATDTTDTQYF	1
CASSPGTSGVTQYF	1
CASSPGLAGLGGETQYF	1
CASSPTFWGETQYF	1
CASSPNQQGAVSGNTIYF	1
CASSPRDLKETQYF	1
CASSPGLNYLTYCEQYF	1
CASSPGGSETQYF	1
CASSPGQGLKTQYF	1
CASSPGQGRTNEKLFF	1
CASSPDAGANVLTF	1
CASSPLAGGPVLARETQYF	1
CASSPPPGGYEQYF	1
CASSPRTTGELFF	1
CASSPGQGAGETQYF	1
CASSRLVHFQETQYF	1
CASSRPLNLGQETQYF	1
CASSRDDLLYYEQYF	1
CASSRTSGSNNEQFF	1
CASSRTGGSYEQYF	1
CASSRLDRSNQPQHF	1
CASSRMDRRETQYF	1
CASSHGTTGQTTQYF	1
CASSHSSGGALDEQFF	1
CASSHGIGSKLFF	1
CASSQYGTGAKETQYF	1
CASSQSGQGYEQYF	1
CASSQLSGATGANVLTF	1
CASSQVIDRAGANVLTF	1
CASSQVITSGGQDTDTQYF	1
CASSQVLVSSYEQYF	1
CASSQALRFLAGETGANVLTF	1
CASSQGYEQYF	1
CASSQGTGNGGYTF	1
CASSQGPPTSGSYNEQFF	1
CASSQGPESSYEQYF	1
CASSQGDRVSGANVLTF	1
CASSQGMTSGALHQETQYF	1
CASSQDRRTGSFYEQYF	1
CASSQETHSPTSGSHNEQFF	1
CASSQEGLAGRQQYF	1
CASSVAVSGANVLTF	1
CASSVGPGQETQYF	1
CASSVTSGGPQETQYF	1
CASSVSGRVPGANVLTF	1
CASSAVPSGANVLTF	1
CASSGDRPGLYEQYF	1
CASSGEGLAGSTDTQYF	1
CASSGAANTGELFF	1
CASSGLTSGGANEQFF	1
CASSDGQGNEQFF	1
CASSEGTGPYEQYF	1
CASSISLQFSGANVLTF	1
CASSTPLTQGNTEAFF	1
CASSTRDSSQETQYF	1
CASSTQMPGGTQYF	1
CASSTTTGSETQYF	1
CASSTRVAGANVLTF	1
CASSTQAGREETQYF	1
CASSTGQGDLLQETQYF	1
CASSSLISGANVLTF	1
CASSSPGQGGIEQYF	1
CASSSSGGQETQYF	1
CASSRDAKQETQYF	1
CASRQDPGPAGYGYTF	1
CASRTGTGTGELFF	1
CASRSGGLAKNIQYF	1
CASRLGLGAGELFF	1
CASRLAGGNQETQYF	1
CASRAPPETQYF	1
CASRAATSGRAREQYF	1
CASRTGLAGETQYF	1
CASNRERTDTQYF	1
CASNRQGPHSGANVLTF	1
CASKILGSGGLQETQYF	1
CASKQASGANVLTF	1
CASKTIAGEETQYF	1
CSASGTRGSGANVLTF	1
CSASGGPGQFF	1
CSASGVETQYF	1
CSAWTLRLEGETQYF	1
CSAYVRQSSGYTF	1
CSAYRVSFAGANVLTF	1
CSAPRGSDGYTF	1
CSARGSTYEQFF	1
CSATRGGETQYF	1
CSATTGLAAGLQFF	1
CSATTGSSYNEQFF	1
CSATSKRPGQRFFLAKNIQYF	1
CSASRAGANVLTF	1
CSASGRMETQYF	1
CSASPSGRAIEQFF	1
CSASPPALLNSPLHF	1
CSASGATDTQYF	1
CSARRGDPSYEQYF	1
CSARGSGESDTEAFF	1
CSARWGAGTQYF	1
CSARHPERGITSTDTQYF	1
CSARAGEGTGELFF	1
CSARASDRVEQYF	1
CSARAPRGQGYGYTF	1
CSARAPLGTGVLQETQYF	1
CSARGLPHGGRGFASGIYEQYF	1
CSARGLAVTYEQYF	1
CSARDLFRVASRTDTQYF	1
CSARDLAGDFYEQYF	1
CSARDASGSYNEQFF	1
CSARDTGAVYGYTF	1
CSAPRYNEQFF	1
CSASPLQELNTEAFF	1
CSAARAGSSGGARGADTQYF	1
CSALGGPGANVLTF	1
CSAALRVRDRGLNYGYTF	1
CSSHGGMDTEAFF	1
CSPLRDNEQFF	1
CSVSFALGTGHEQYF	1
CSVVGVQETQYF	1
CSVAYGGLNTEAFF	1
CSVAGLAGVPEQYF	1
CSVEVTDNVLTF	1
CSVEDLQASGVPRTDTQYF	1
CSVETRQEGSYEQYF	1
CSVIGSGGETQYF	1
CSVTGTGQGNEKLFF	1
CSVRSLEGEQFF	1
CSVRPTSGYNEQFF	1
CSVSGQAGRETQYF	1
CSVVTGAGANVLTF	1
CSVGIQVAETQYF	1
CSASGQGASGANVLTF	1
CSATPWGQAYQETQYF	1
RASNSPGRGANVLTF	1
CASASGGTQETQYF	1
CASGSNRYNEQFF	1
CASGSTGTRSYNEQFF	1
CASSLDHQGEQFF	1
CANRESGANVLTF	1
CASAQDNQPQHF	1
CASGGAGETQYF	1
CASDAGAETQYF	1
CASTAGVLSDGYTF	1
CACDWSTYTEAFF	1
CAWLRQDLVGGYTF	1
CAWSGFQSPGGYTF	1
CAWASGVGYEQYF	1
CAWAGSYNEQFF	1
CAWGDREQFF	1
CAWGGGQGISSPLHF	1
CAWDVTGTSTDTQYF	1
CAWTPGLAAYNEQFF	1
CAWSLGWGKSSYNEQFF	1
CAWSRGAETDTQYF	1
CAWSVPSGSTDTQYF	1
CAWSVVTEAFF	1
CAWSVPPLKGTQYF	1
CAWSVLSAGRGTKETQYF	1
CAWSVLGAITGELFF	1
CAWSVPQGFSGNTEAFF	1
CAWSVRRRREHF	1
CAWSVGRASGANVLTF	1
CAWSVGDRVGEQYF	1
CAWSVGTVPFF	1
CAWSVERGGYNEQFF	1
CAWSVMGFQETQYF	1
CAWSVRVRGTEQYF	1
CAWSADSNTGELFF	1
CAWSGSGGRPLFF	1
CAWSGNLLGKGDEQFF	1
CAWSDRPSFYF	1
CAWSETGEEGSGNTIYF	1
CAWSNPGQGTYEQYF	1
CAWSPGDRAYGYTF	1
CAWSQIDEQYF	1
CAWSGHEGSGYTF	1
CAWSGQGNIQYF	1
CAWSDSYEQYF	1
CAWRRQGAYIQYF	1
CAWRGLAEPYEQYF	1
CAWRPPGSRNEQFF	1
CAWRGGGRSYNEQFF	1
CAWRIGPGPLTIGYTF	1
CAWNEGASGVINEQFF	1
CAWKGQGTVDTQYF	1
CAWKQDLQSNTQYF	1
CAWKSGSVEQYF	1
CALKKNEQFF	1
CAQEAPMRTTDTQYF	1
CAVLPGLADYEQYF	1
CAGTSGGRNEQFF	1
CAILDRTYEQYF	1
CAIAAGGGNTIYF	1
CAISVSRPVSGNTIYF	1
CAISGSPLAGNYEQYF	1
CAISDDSSGANVLTF	1
CAISDSGAGANVLTF	1
CAISESMPGASSGANVLTF	1
CAISEGPPLSGANVLTF	1
CAISLSSGANVLTF	1
CAISGTGGTETQYF	1
CAISGKGPSSGANVLTF	1
CAISGNLAGAYNEQFF	1
CATSRDRENQETQYF	1
CATGFASWGGKETQYF	1
CATSPRPDREYEQYF	1
CATSVGGPRNQPQHF	1
CATSDFRGDEQFF	1
CATSDLRTGQAFF	1
CATSDLQTGGYNEQFF	1
CATSDLTGQEETQYF	1
CATSDPLGGDKSSGANVLTF	1
CATSDPGLAGGREQFF	1
CATSDGQGTGPGANVLTF	1
CATSDGTDRVSGELFF	1
CATSDYSGANVLTF	1
CATSDPGSGANVLTF	1
CATSERTGSGANVLTF	1
CATSEWGVAGLNTGELFF	1
CATSSSGTRYEQYF	1
CATSPGTGINQPQHF	1
CATSPDSGNQPQHF	1
CATSRGRYSGANVLTF	1
CATSGLAGVTDTQYF	1
CATSTRDRGLSGANVLTF	1
CATSTASGGANVLTF	1
CATSRVRGNTIYF	1
CATRDTKSGYGYTF	1
CATRQGKEHYEQYF	1
CATRAGGSLEPQHF	1
CATSRDSDIQYF	1
CASSRELVGYEQYF	1
CASERTTGVDPISGNTIYF	1
CASISGAWVAFF	1
CASTSGGSPLMKSSPLHF	1
CASTTGYNQPQHF	1
CASSSRTEPTGELFF	1
CASSLTGTGDHEQYF	1
CASSMGQAQETQYF	1
CASSMTTRPYNEQFF	1
CASSMRGRGTDTQYF	1
CASSTPGGRGTDTQYF	1
CASSTVGGTDTQYF	1
CASSTRDSPTGELFF	1
CASSKVRGSLNEQFF	1
CASSGNRDSPLHF	1
CASSTSGSSIGYEQYF	1
CASRVTGGASLYEQYF	1
CASREAGTGNSPLHF	1
CASLLFTGELFF	1
CASSWDFQETQYF	1
CASSSTDTQYF	1
CASSRQGDYEQYF	1
CASSGTASYEQYF	1
CASSDNSYEQYF	1
CASSTDTNQPQHF	1
CASSQTGADQPQHF	1
CASSARRQMNTEAFF	1
CASSTGQETGELFF	1
CASSLSSTDTQYF	1
CASSLDSYPTDTQYF	1
CASSPSLTGETQYF	1
CASSPRTGGYEQYF	1
CASSPQGMDYEQYF	1
CASSPGVSGEAFF	1
CASSPDRDGGVLNANPQETQYF	1
CASSPRDGGDSPLHF	1
CASSPSDDLDYGYTF	1
CASSPARGGTTPDTQYF	1
CASSPGGQETQYF	1
CASSPGTGISPLHF	1
CASSPGQGGTGELFF	1
CASSPTSPWGEGSPLHF	1
CASSPPTRSPETQYF	1
CASSPPGSSGNTIYF	1
CASSPPSGETQYF	1
CASSPRDRDYGYTF	1
CASSPIEMSTEQFF	1
CASSPTSTNEKLFF	1
CASSPRFHGDSGANVLTF	1
CASSKGQAGANVLTF	1
CASCWGGLTDTQYF	1
CASLRGGAGGRDTQYF	1
CASLLGLANEQYF	1
CASLTCPRGSYEQYF	1
CASRLAGGDTQYF	1
CASRLSQGEGYTF	1
CASHSQARGTGELFF	1
CASAIYDSPLHF	1
CASGTSGTDYEQYF	1
CASGTRVGGEETQYF	1
CASGTEGQGNTGELFF	1
CASGTGTYQETQYF	1
CASIPGRGSRHSGANVLTF	1
CASIPAESYNEQFF	1
CASILRGQGDNEQFF	1
CASILGETGELFF	1
CASIRGHGRNTEAFF	1
CASTSDRDRNEQFF	1
CASTSLAGVNEQFF	1
CASTRSRTGVNEQYF	1
CASTGVTDTQYF	1
CASTDGTTYNEQFF	1
CASTTAGWDNEQFF	1
CASTSGGQKNIQYF	1
CASTLNTGELFF	1
CASTLSPGQNTGELFF	1
CASTLGPSGRLELFF	1
CASTAGGSGIGETQYF	1
CASTGPGRANVLTF	1
CASTDRPGLAKNIQYF	1
CASTRQPNSNQPQHF	1
CASTNLAGANVLTF	1
CASTKDRGGANVLTF	1
CASTGGEGTKYNEQFF	1
CASTTSSSYNEQFF	1
CASTGGTGGTGELFF	1
CASTTSGANVLTF	1
CASSFFPLEGANVLTF	1
CASSFWTGRLFRTEAFF	1
CASSFPRASGRAETQYF	1
CASSFRRGETQYF	1
CASSFQGAETQYF	1
CASSFGGRARQETQYF	1
CASSFGLAGGPGIF	1
CASSFTGLETQYF	1
CASSFSGRSYEQYF	1
CASSFNWEGSYNEQFF	1
CASSFWAPEADTQYF	1
CASSFYFGTFSSGANVLTF	1
CASSFLGRPYPGANVLTF	1
CASSFPGLKDEQYF	1
CASSFVGGNVYGYTF	1
CASSFGGSEGANVLTF	1
CASSFGTSSLQYF	1
CASSFGLAGPHNEQFF	1
CASSFGQGANTGELFF	1
CASSLHEQYF	1
CASSLDSNTEAFF	1
CASSLDSLLDEQFF	1
CASSLISGANVLTF	1
CASSLSKGQGRFSYNEQFF	1
CASSLRETQYF	1
CASSLKQGAKSRLAGPWGTSTDTQYF	1
CASSLFAPSSYNEQFF	1
CASSLLVRGTGELFF	1
CASSLSPPFGTGHPYTQYF	1
CASSLLSTTTGPVTLHF	1
CASSLRVGTSGGEQFF	1
CASSLVETGRSLAGGETQYF	1
CASSLAAGLAWVDEQFF	1
CASSLAGRAFRADTQYF	1
CASSLASPGTGAIYEQFF	1
CASSLANSYNEQFF	1
CASSLGAASGANVLTF	1
CASSLGTSGSLDEQFF	1
CASSLGGDQPQHF	1
CASSLDRGPGGANVLTF	1
CASSLEGMQANTEAFF	1
CASSLMGGRFRANVLTF	1
CASSLSFSGTLGNEQFF	1
CASSLSRSSYNEQFF	1
CASSLRGDRLYNEQFF	1
CASSLRGQSDISGANVLTF	1
CASSLRRSVLSSGANVLTF	1
CASSLNGRAYEQYF	1
CASSLKAPGTVGNEQYF	1
CASSSLGATVSGANVLTF	1
CASSSYRPTGSGGYIPYEQYF	1
CASSSYRGSYNEQFF	1
CASSSLISGRAGELFF	1
CASSSPDRGWGGELFF	1
CASSSAYYDSPGELFF	1
CASSSGLPFANTGELFF	1
CASSSILRTSGPGEQYF	1
CASSSSTGSYNEQFF	1
CASSSPTVILTDTQYF	1
CASSSGTAGANVLTF	1
CASSSGGDYEQYF	1
CASSSDRVFGANVLTF	1
CASSSRAEGTEQFF	1
CASSCDSGRSDEQYF	1
CASSWVPRPGELFF	1
CASSWASGNEQFF	1
CASSWAGRETQYF	1
CASSWGRTGVGDEQFF	1
CASSYSELYTSGANVLTF	1
CASSYLTGGAFTGELFF	1
CASSYVGGAEKLFF	1
CASSYLEYNSPLHF	1
CASSYSEANVLTF	1
CASSYSPSGAKNIQYF	1
CASSYSWDSPLHF	1
CASSYSPGQEGGYTF	1
CASSYSGTSAYEQYF	1
CASSYSKGPSNVLTF	1
CASSYYGRVGNQPQHF	1
CASSYYAENIQYF	1
CASSYLDRAAGELFF	1
CASSYPDYPLGNEQFF	1
CASSYPNRGRVRGKIHTDTQYF	1
CASSYRGWGSSGPYNEQFF	1
CASSYRAAGELFF	1
CASSYNPPESGSGSYEQYF	1
CASSLGQPDQPQHF	1
CASSPRAGSGANVLTF	1
CASSPRTVSYYGYTF	1
CASSPRQGPSNQPQHF	1
CASSPGQGHETQYF	1
CASSPEGTRSPLHF	1
CASSPAGGRGETQYF	1
CASSPSLHTYEQYF	1
CASSRRGGNEQFF	1
CASSRNSGANVLTF	1
CASSRSSGNTIYF	1
CASSRYRGYYFYEQYF	1
CASSHILAGGEETQYF	1
CASSHRGDGLQETQYF	1
CASSQRQVWSYEQYF	1
CASSQGAPGANVLTF	1
CASSQGAREQYF	1
CASSVAGQFQETQYF	1
CASSVAAYEQYF	1
CASSAWTSGTYEQYF	1
CASSAVGGANVLTF	1
CASSASGRETQYF	1
CASSAIPGQGNEQFF	1
CASSARGYNEQFF	1
CASSANRVHEQYF	1
CASSAGVPETQYF	1
CASSGQGGYQETQYF	1
CASSGSPLSGRYEQYF	1
CASSGTATNEKLFF	1
CASSGRQANQPQHF	1
CASSGAGGPYF	1
CASSDFWTSGSALVPETQYF	1
CASSDWGQGDTPYF	1
CASSDPQGYWNEQFF	1
CASSDGGENTEAFF	1
CASSEVAGGDYEQYF	1
CASSEFGGRGHEQFF	1
CASSEFQGRTGELFF	1
CASSEWGSQTGEQFF	1
CASSEYFGYGYTF	1
CASSERVWGANVLTF	1
CASSEVQGGSYNEQFF	1
CASSEVWSGTPLSGANVLTF	1
CASSEAYTIRGTDTQYF	1
CASSEAYGQPQHF	1
CASSEALLAHSATSYNEQFF	1
CASSEALRDRGTEAFF	1
CASSEAMPSGRAFNEQYF	1
CASSEAKGSSYNSPLHF	1
CASSEGTTGQGPVF	1
CASSESRATGGYEQYF	1
CASSENLGGLNSGANVLTF	1
CASSITSYEQFF	1
CASSITGVGANVLTF	1
CASSIRAAGANVLTF	1
CASSINSGANVLTF	1
CASSTPLSSGANVLTF	1
CASSTLEGEPHAGANVLTF	1
CASSTGTGSSGANVLTF	1
CASSRGTGDGETQYF	1
CASSKESPQFF	1
CASSKRQGTYEQYF	1
CASSFSRGRSSYEQYF	1
CASSFGPGAGTEAFF	1
CASSFIRASGSLSETQYF	1
CASSFTGGRADTQYF	1
CASSFRGAQDTQYF	1
CASSFNPRDPSYNEQFF	1
CASSFPTLTGQSYNEQFF	1
CASSLLGTPEAFF	1
CASSLWKGVPAYEQYF	1
CASSLYLARGGSYNEQFF	1
CASSLPHRDSYEQYF	1
CASSLVPGNAYTF	1
CASSLVGVDTQYF	1
CASSLVRGEANVLTF	1
CASSLAGLAGNTGELFF	1
CASSLGYNEQFF	1
CASSLGLGYEQYF	1
CASSLGGGGTDTQYF	1
CASSLGGTSPLHF	1
CASSLGVGNQPQHF	1
CASSLGAGTGGKETQYF	1
CASSLGQQNTEAFF	1
CASSLGGIEAFF	1
CASSLGGMRTSPLHF	1
CASSLGGTIGETQYF	1
CASSLDQGEHNEQFF	1
CASSLDVSTYNEQFF	1
CASSLEGTGNTEAFF	1
CASSLNRGPGANVLTF	1
CASSLSGITDTQYF	1
CASSLLKESYEQYF	1
CASSLLAGAYEQYF	1
CASSLLAGGFVDTQYF	1
CASSLPPLAGAGEQFF	1
CASSLPGPSYEQYF	1
CASSLPNPSGSGANVLTF	1
CASSLPNYEQYF	1
CASSLRPTGANVLTF	1
CASSLRGLNQETQYF	1
CASSLQNTQYF	1
CASSLVSAGGQETQYF	1
CASSLVGLAELAKNIQYF	1
CASSLVPGWGSEQFF	1
CASSLVDRAKNIQYF	1
CASSLVGETQYF	1
CASSLVSENTEAFF	1
CASSLVYAGTGANVLTF	1
CASSLVGHGAEQYF	1
CASSLVMREGAGSGANVLTF	1
CASSLALRTDTQYF	1
CASSLARGMVGQETQYF	1
CASSLASRGVRGEQFF	1
CASSLAGSELFF	1
CASSLGLAGGVLYVSEQFF	1
CASSLGQTNQPQHF	1
CASSLGAIQYF	1
CASSLGGSGANVLTF	1
CASSLGGTSGSTYNEQFF	1
CASSLGRTANYGYTF	1
CASSLGGSTYEQYF	1
CASSLGQGPWTDTQYF	1
CASSLGQGSYNEQFF	1
CASSLGASLGLAGSSGANVLTF	1
CASSLDLAGGSYNEQFF	1
CASSLDTVVGWTGELFF	1
CASSLEQGYGYTF	1
CASSLEVSYEQYF	1
CASSLEVGGADTQYF	1
CASSLSAGVSEQYF	1
CASSLSSGSNEQFF	1
CASSLRVWEPQHF	1
CASSLRPGQGTISGANVLTF	1
CASSLNSNNEQFF	1
CASSSHRAGGMRNSPLHF	1
CASSSGTGEYSGANVLTF	1
CASSSIQGVESNEQFF	1
CASSSTSGRVHEQYF	1
CASSSTEGFSGANVLTF	1
CASSSRVLSYNEQFF	1
CASSSFHGTSGASYNEQFF	1
CASSSYRLAEGPLAYEQYF	1
CASSSPAGRNLEISYEQYF	1
CASSSAGQGVQETQYF	1
CASSSGAAVTGWWETQYF	1
CASSSGSGANVLTF	1
CASSSGRAAEKLFF	1
CASSSESRYNEQFF	1
CASSSISTGANVLTF	1
CASSSTTWFGGLAGLSSYEQYF	1
CASSSPWRVGTDTQYF	1
CASSSPGTTYNEQFF	1
CASSSALFNEQFF	1
CASSSGNQPQHF	1
CASSSTGTTELYNEQFF	1
CASSSGDRGGPSGANVLTF	1
CASSSNRGYNEQFF	1
CASSWGYRPFVSYEQYF	1
CASSYLTGSGANVLTF	1
CASSYGTGGRSGANVLTF	1
CASSLALNRGTEAFF	1
CASSLGTSGLEQFF	1
CASSLRLAGPYEQYF	1
CASSLPGQGAQEQYF	1
CASSLAPSGANVLTF	1
CASSLGQGWSEQYF	1
CASSLRQPSSYNEQFF	1
CASSLQVAQGNTGELFF	1
CASSLAGEGAHNEQFF	1
CASSLRRGPGYEQYF	1
CASSPFDGSYNEQFF	1
CASSPSPEPIVTEAFF	1
CASSPADRNQETQYF	1
CASSPGRQSYEQYF	1
CASSPTLQGLNTGELFF	1
CASSPFAGGELFF	1
CASSPPTGSYNEQFF	1
CASSPPTDTSNQPQHF	1
CASSPREKLFF	1
CASSPGSREQYF	1
CASSPGLPYNEQFF	1
CASSPGDYSRETQYF	1
CASSPGHSGANVLTF	1
CASSPMDRVANTIYF	1
CASSPRQGLPGANVLTF	1
CASSPNSGQLSGANVLTF	1
CASSPNLAGGRTGELFF	1
CASSPYMGSTEQFF	1
CASSPGGGLAGRYEQYF	1
CASSPGLSANEQFF	1
CASSPGLANNEQFF	1
CASSPMLITLAGANEQFF	1
CASSPTLQGDAYEQYF	1
CASSPRQGTDTLQETQYF	1
CASSPSTGTYEQYF	1
CASSPRDCSNQPQHF	1
CASSPDSYGYTF	1
CASSPDRERNTQYF	1
CASSPETGQGSTEAFF	1
CASSPTNNEQFF	1
CASSPSLSGANVLTF	1
CASSPRGGQGRSQYF	1
CASSPRGVADTQYF	1
CASSRGQGTLGGANVLTF	1
CASSRGGFTDTQYF	1
CASSRGDVYEQYF	1
CASSRLAGANSSTDTQYF	1
CASSRQAGTDTQYF	1
CASSRDRELYEQYF	1
CASSRTLLAGGMNEQFF	1
CASSRSNGYTF	1
CASSHSASGMGSYEQYF	1
CASSHRGSPNEQFF	1
CASSHAALTSGSVRSYNEQFF	1
CASSQAGVGLYGSSYNEQFF	1
CASSQGGSGANVLTF	1
CASSQDRVGANVLTF	1
CASSQSSGANVLTF	1
CASSQFGQGANYNSPLHF	1
CASSQPGRGGIADTQYF	1
CASSQPYPPRQGTGANVLTF	1
CASSQPTHITSGRSDTQYF	1
CASSQQGAWYEQYF	1
CASSQVVQGPPYEQYF	1
CASSQVTLNRDTQYF	1
CASSQATGRETQYF	1
CASSQALGGTGELFF	1
CASSQALAGSEQYF	1
CASSQGRGPIYGYTF	1
CASSQGPFRGELTGANVLTF	1
CASSQGGGTAQETQYF	1
CASSQGTGGDGELFF	1
CASSQGLAGVNPYSYNEQFF	1
CASSQGPGGPRQYF	1
CASSQDLAAGETQYF	1
CASSQDLGRRLQFF	1
CASSQDSLAGAAVGYTQYF	1
CASSQDLSGTEHNEQFF	1
CASSQDPGTRATGELFF	1
CASSQDRGSFYEQYF	1
CASSQDGSYEQYF	1
CASSQDDASGAGTGELFF	1
CASSQDTAGTPYNEQFF	1
CASSQDSATTGLRGTQHF	1
CASSQDSGGDWVEQFF	1
CASSQDREETQYF	1
CASSQETGSGANVLTF	1
CASSQEWDRGTDTQYF	1
CASSQEGGTGGVRTYEQYF	1
CASSQEDWLSYEQYF	1
CASSQEKYYQKQYF	1
CASSQMTDGANVLTF	1
CASSQNEGSGANVLTF	1
CASSQNPQGIDEQYF	1
CASSVLAGGPGTGELFF	1
CASSVSIAGLAGGFSYNEQFF	1
CASSVGATGANVLTF	1
CASSALDSSGANVLTF	1
CASSAGQYNEQFF	1
CASSADRTSYEQYF	1
CASSAVSRANVLTF	1
CASSGSGGAYEQFF	1
CASSGGYGYTIYF	1
CASSGRPASGRAFTQYF	1
CASSDRGRWANVLTF	1
CASSERGLNYEQYF	1
CASSEAGSSYNEQFF	1
CASSEKYNEQFF	1
CASSIQTQGYEQYF	1
CASSISGLYNEQFF	1
CASSMDRYNEQFF	1
CASSIGTVSNEQFF	1
CASSTPTSGSNTGELFF	1
CASSTRTSSYNEQFF	1
CASSTMGLNTGELFF	1
CASSTGAAKNIQYF	1
CASSTLAGTSTDTQYF	1
CASSTGSEQYF	1
CASSSKVPDTQYF	1
CASSRRLAGDSGANVLTF	1
CASSKWGQPYYTFRGANVLTF	1
CASSKEGSYEQYF	1
CASRYLQGSGANVLTF	1
CASRLTGTGANVLTF	1
CASRPFSTDTQYF	1
CASRRGGLAGWRTQYF	1
CASRAWGSGSQRETQYF	1
CASRGGGVSGYTF	1
CASRGGGAEQFF	1
CASRGSGATGEQYF	1
CASRGPGPDTDTQYF	1
CASRGAGPRGEQFF	1
CASRGGGQGSYEQYF	1
CASRGTGGGNQPQHF	1
CASRGLAGYNEQFF	1
CASRDLKYVQFF	1
CASRDHYEQYF	1
CASRERTTDTQYF	1
CASRETGGPSQETQYF	1
CASRETRTRQGLTPWANVLTF	1
CASRISDTQYF	1
CASRIAGIDGYTF	1
CASRMTGISRNEQFF	1
CASRRLAQYEQYF	1
CASRKNRQAGTGELFF	1
CASRLYRDKNSPLHF	1
CASRSGIGETQYF	1
CASRLAGFSYEQYF	1
CASRPIRTSGTSPHSYEQYF	1
CASRPGQGAAGANVLTF	1
CASRRDRDFYYSYEQYF	1
CASRHRAPSNEQFF	1
CASRAGLAGKLTGANVLTF	1
CASRGRSGANVLTF	1
CASRDRDRGLSEQFF	1
CASRTTGTGTEAFF	1
CASRNRDRGIEQYF	1
CASRKIPNAGLAASGANVLTF	1
CASNRDRGDEQFF	1
CASNMGLAYGQETQYF	1
CASNDRGALYEQYF	1
CASKRGKSVGETQYF	1
CASKLGQHNSPLHF	1
CASKLRGVNEKLFF	1
CASKLAGFGANVLTF	1
CARGGSNTGELFF	1
CANFSPARRYF	1
CNNRQRSYEQYF	1
CSSGRAYNEQFF	1
CSSSARGLGETQYF	1
CATSNGTGTQYF	1
CASGTGAGANVLTF	1
CASSLGGFNEQYF	1
CASSHDWRGQQKWETQYF	1
CASPLSNVLTF	1
CASRPVDGQETQYF	1
CASVRPQVANEQFF	1
CASDGTSGTNEQFF	1
CASMGFGPEETQYF	1
CASTKRDGAETQYF	1
CASTSGANVLTF	1
CASTQLASPKETQYF	1
CASTQEETQYF	1
CASSPGLSTDTQYF	1
CASSQWTGNYEQYF	1
CASSQQETQYF	1
CASSDRGTSRETQYF	1
CASSDRTRSTDTQYF	1
CASSEWGYSTDTQYF	1
CASSEHTSDTQYF	1
CASSEAQGYGYTF	1
CASSEEGNRNTEAFF	1
CASSEVSLQTQYF	1
CASSEGPDVTDTQYF	1
CASSNGQALGETQYF	1
CASSFDPVRETQYF	1
CASSFDETQYF	1
CASSFSSIWETQYF	1
CASSFSGGALQETQYF	1
CASSFLEGQGQETQYF	1
CASSFPGTTNEQFF	1
CASSFPGAGANVLTF	1
CASSFGTTRETQYF	1
CASSFGRTSAGRETQYF	1
CASSFDPEETQYF	1
CASSFEEKLFF	1
CASSFSRSDETQYF	1
CASSFRDSQETQYF	1
CASSLLGETQYF	1
CASSLLWVRSNTGELFF	1
CASSLLRVTSSGANVLTF	1
CASSLSQAGVAETQYF	1
CASSLRTSGKGGYNEQFF	1
CASSLRETQYF	1
CASSLVYGGPGSGANVLTF	1
CASSLVVRLRGTQYF	1
CASSLVGGSYEQYF	1
CASSLAHPGANVLTF	1
CASSLAHGPGTSSSGANVLTF	1
CASSLAGGNTDTQYF	1
CASSLALEGETQYF	1
CASSLAGGLLETQYF	1
CASSLAGPQETQYF	1
CASSLAGTSGRGGQETQYF	1
CASSLAEGGYTDTQYF	1
CASSLATRTEDLSGANVLTF	1
CASSLALVDYNEQFF	1
CASSLAPGGQETQYF	1
CASSLAGRGPQETQYF	1
CASSLAGGLAREQFF	1
CASSLAGTSGIQNIQYF	1
CASSLAGQTNEQFF	1
CASSLGPSGQETQYF	1
CASSLGPGIGANVLTF	1
CASSLGQGWETQYF	1
CASSLGGTGETQYF	1
CASSLGDLRETQYF	1
CASSLGAPHSGANVLTF	1
CASSLGGWEKRRSDTQYF	1
CASSLGGGYSYEQYF	1
CASSLGTTNTGELFF	1
CASSLGLADEQYF	1
CASSLGPGANVLTF	1
CASSLGHQETQYF	1
CASSLDFGSSYNEQFF	1
CASSLDQARTGANVLTF	1
CASSLDGDSNQPQHF	1
CASSLDGISKNEQYF	1
CASSLDVSDTQYF	1
CASSLDSSGANVLTF	1
CASSLDREGVDEQYF	1
CASSLEFRASSGANVLTF	1
CASSLESGRDTEAFF	1
CASSLEPPYNEQFF	1
CASSLEGQGAKETQYF	1
CASSLEPVRQETQYF	1
CASSLERNQETQYF	1
CASSLIVGETQYF	1
CASSLTVATDTQYF	1
CASSLTAGEETQYF	1
CASSLTGAEETQYF	1
CASSLTGAQTNEQFF	1
CASSLRTGEETQYF	1
CASSLNQETQYF	1
CASSLKGIVETQYF	1
CASSLKGVSSYGYTF	1
CASSLFFGSGRPQETQYF	1
CASSLSIGSTDTQYF	1
CASSLPFSGANVLTF	1
CASSLQGPGETQYF	1
CASSLVLAEETQYF	1
CASSLDTWKGTQYF	1
CASSLEGPDTQYF	1
CASSLTTGSYEQYF	1
CASSLKEIFSGANVLTF	1
CASSSEETQYF	1
CASSSLSFFQETQYF	1
CASSSLPLQSGANVLTF	1
CASSSPGTSPYEQYF	1
CASSSQPRGGEETQYF	1
CASSSGPNTEAFF	1
CASSSTRETQYF	1
CASSSSAGLTEDAKNIQYF	1
CASSSISGRAETQYF	1
CASSSLTSDSGANVLTF	1
CASSSLSSGANVLTF	1
CASSSDRPNTGELFF	1
CASSWPRGRRPSGRETQYF	1
CASSWQGSQETQYF	1
CASSWARQADTQYF	1
CASSWGLANTGELFF	1
CASSWDSRETQYF	1
CASSWTSGKQETQYF	1
CASSYQGQETQYF	1
CASSLGFVRRSIYEQYF	1
CASSLEGALGNEQFF	1
CASSLQETQYF	1
CASSLSRPIQETQYF	1
CASSPLPDIQEFF	1
CASSPYSLSYNEQFF	1
CASSPPRQGQETQYF	1
CASSPVGVNLGETQYF	1
CASSPTRDSKETQYF	1
CASSPLVSTGKETQYF	1
CASSPSDRGPVVAETQYF	1
CASSPPGTASSGANVLTF	1
CASSPPRWGGNEQFF	1
CASSPRLAGGGETQYF	1
CASSPAGTSGSGQETQYF	1
CASSPDRAQETQYF	1
CASSPGLVTSGANVLTF	1
CASSPGGSQTQYF	1
CASSPDNQETQYF	1
CASSPIKTSGRQETQYF	1
CASSPGGARTQYF	1
CASSPGQGRYEQYF	1
CASSRLLSGANVLTF	1
CASSRAGTDSYEQYF	1
CASSRTSGNLETQYF	1
CASSHRQGSSSGANVLTF	1
CASSQWAGLAGGNEQFF	1
CASSQLTITSYEQYF	1
CASSQGGPPKETQYF	1
CASSQSRSRIGDEQFF	1
CASSQRGGQETQYF	1
CASSQVDVSTGEQYF	1
CASSQVAGRETQYF	1
CASSQVRGGLSGANVLTF	1
CASSQVGLATYNEQFF	1
CASSQANRLYNEQFF	1
CASSQGTGSSGANVLTF	1
CASSQGLAGSNEQFF	1
CASSQDPGTSGTDTQYF	1
CASSQDDWLSSGANVLTF	1
CASSQDPGGAFTGANVLTF	1
CASSQERQVISGANVLTF	1
CASSVAPRSTDTQYF	1
CASSARLAGGQETQYF	1
CASSAGLAGSETQYF	1
CASSARLAGVITGELFF	1
CASSAGRFDEQYF	1
CASSGRAGVLETQYF	1
CASSGQTGELYEQYF	1
CASSDRGGSYEQYF	1
CASSIAETQYF	1
CASSTEVVETQYF	1
CASSTEGLIQETQYF	1
CASSRGQPQETQYF	1
CASSRGVRQETQYF	1
CASSRLAGETQYF	1
CASRSAASETQYF	1
CASRSGQGPAETQYF	1
CASRSGRTTQYF	1
CASRRDTEETQYF	1
CASKLGRGHEQYF	1
CGTGQYSSGANVLTF	1
CTSSHSGTSGETQYF	1
CSALVLAGVPDTQYF	1
CSAPGGTGANVLTF	1
CSARREPSSYNSPLHF	1
CSARGLAGGPRTDTQYF	1
CSAVPGTENTEAFF	1
CSAVVRGPTDTQYF	1
CSAEGVGLALLGAYNEQFF	1
CSAIEGPGANVLTF	1
CSATSGLGFDGSYEQYF	1
CSASWVVKNTEAFF	1
CSASGGGSSYNEQFF	1
CSASTSDEKLFF	1
CSASSWFSRYEQYF	1
CSASSGVAAGELFF	1
CSARRGVVEGGANVLTF	1
CSARALRDGAYEQYF	1
CSARAAGGEVSEQFF	1
CSARAGLNTDTQYF	1
CSARAPGQGLETQYF	1
CSARADLPSGGYTF	1
CSARGRLAEYNEQFF	1
CSARGGVKDTQYF	1
CSARGTGANVLTF	1
CSARDWSGGAGANVLTF	1
CSARDRRGGGETQYF	1
CSARDIRLAGSYEQYF	1
CSARDTQGRDEQYF	1
CSARSSGREVDTQYF	1
CSAPNSGSTDTQYF	1
CSAQQSTMNTEAFF	1
CSAAERRDRLDTQYF	1
CSADKGSGANVLTF	1
CSVQWVDKSYEQYF	1
CSVQAAEQYF	1
CSVVHSGANVLTF	1
CSVVGTGLIGELFF	1
CSVVGTFSGANVLTF	1
CSVVSQSGANVLTF	1
CSVASSNEKLFF	1
CSVGLGSHQETQYF	1
CSVESGTASAVLDTQYF	1
CSVELVKGVYNEQFF	1
CSVEAPRGGTNNEQFF	1
CSVEATGGVNTEAFF	1
CSVEEVGIAASSYNEQFF	1
CSVEEGGGNTGELFF	1
CSVQEGATGANVLTF	1
CSVVHGPGANVLTF	1
CSVGGQGTSGANVLTF	1
CSVAVSDQETQYF	1
CSVDHLSGSPLNEQFF	1
CSVEGGTGPTNEKLFF	1
CSALRERNTEAFF	1
CSRRQGGAQHF	1
RASSPTNFPGYSNQPQHF	1
RASSDPCGGYEQYF	1
CASSPGTSAYNEQFF	1
CASSPSSVGLWGEQFF	1
CALRGDSYEQYF	1
CASSQVSPNYEQYF	1
CASSFGRSSGANVLTF	1
CAWRDPGTGTYEQYF	1
CAWARGEGGYTF	1
CAWAQGAYNEQFF	1
CAWGPGLAGPGELFF	1
CAWGYDSSYNEQFF	1
CAWGRQESSYNEQFF	1
CAWDTGLVAGANVLTF	1
CAWDSPQEQYF	1
CAWIRNRFNTEAFF	1
CAWTLSTGAYEQYF	1
CAWTPLRQGRDEQFF	1
CAWTKGGGTEAFF	1
CAWTEGGNQPQHF	1
CAWTGTAMGAYGYTF	1
CAWSWGSYNEQFF	1
CAWSYRQGGNSPLHF	1
CAWSVSVYSSYEQYF	1
CAWSVRLLRERYEQYF	1
CAWSVGSGISYEQYF	1
CAWSVGRTSGRADTQYF	1
CAWSVLRGGETQYF	1
CAWSVPGLRVTETQYF	1
CAWSVRGSEQYF	1
CAWSVRGGWGEVYEQYF	1
CAWSVHSTDTQYF	1
CAWSVQGARQPQHF	1
CAWSVVVIETQYF	1
CAWSVAPGGEAFF	1
CAWSVTGNEQFF	1
CAWSAGHSNYGYTF	1
CAWSGPSGGIPEQYF	1
CAWSGGAATEAFF	1
CAWSGSGRVGETQYF	1
CAWSGQFF	1
CAWSTFDGQGVTDTQYF	1
CAWSTGLAGGNEQFF	1
CAWSSTSYNEQFF	1
CAWSNRGAYNEQFF	1
CAWSLRLRTGQGTEAFF	1
CAWSHVTDTQYF	1
CAWSAPGVLSYEQYF	1
CAWSGLAGNEQFF	1
CAWSDRVGDEQYF	1
CAWRLAGGEQFF	1
CAWRGLPDFHTF	1
CAWRRGDTNYGYTF	1
CAWRAEAAATQYF	1
CAWNIDRGSYEQYF	1
CALRQGGFGDTQYF	1
CAVYPGHPSGANVLTF	1
CAARGSSYNEQFF	1
CAIGSSGSSYEQYF	1
CAISQDRAGANVLTF	1
CAISGNSGRTHNEQFF	1
CAISEPEGGRASEQFF	1
CAISETDSGANVLTF	1
CAISEASRSGANVLTF	1
CAISRPDTDTQYF	1
CAIRGEWRQNSYEQYF	1
CAIRSSGNGNSYEQYF	1
CAIRRQGDSYEQYF	1
CATSGGRNTEAFF	1
CATQWQDINEQYF	1
CATGHSANVLTF	1
CATSSVVWTAQEELFF	1
CATSVSGGSYEQYF	1
CATSVIDSVDEQFF	1
CATSDLTAGETQYF	1
CATSDSASGSFIGELFF	1
CATSDPRGIGANVLTF	1
CATSDPDGQGGTYNEQFF	1
CATSDPPGSSGANVLTF	1
CATSDPVGTRGANVLTF	1
CATSDPAVLNNERFF	1
CATSEQDIYSNQPQHF	1
CATSERQSSGANVLTF	1
CATSPGQGISGGANVLTF	1
CATSPTGAGANVLTF	1
CATSRDFYAEMQETQYF	1
CATSRDSLGLADGANVLTF	1
CATSRDYGVGANVLTF	1
CATRTGQFYEQYF	1
CATRTSGNNEQFF	1
CASLPVGSNQPQHF	1
CASGSGTASRTQYF	1
CASGAGVAEKTYEQYF	1
CASGGTARAYEQYF	1
CASTDSGGAGNEQFF	1
CASTHRGLAGYNEQFF	1
CASTVSLNEQFF	1
CASTGLAGGLDTQYF	1
CASSAGGMNTEAFF	1
CASSEGLAGSTDTQYF	1
CASSMGAGSGANVLTF	1
CASSIFGRNQPQHF	1
CASSIRRQREGGYTF	1
CASSIAVEAFF	1
CASSIGYRRSSYNEQFF	1
CASSIGTGYADQPQHF	1
CASSIEAGVAETQYF	1
CASSIIGHAYEQYF	1
CASSTAYNEQFF	1
CASSTGLVSTDTQYF	1
CASSKARRSDGYTF	1
CASSKDGPNTGELFF	1
CASSRDSYEQYF	1
CASSQTSGTSGNEQFF	1
CASRTVGGSGSPLHF	1
CASSPNRVGITEAFF	1
CASSGLGYQETQYF	1
CASSTGNSGANVLTF	1
CASSPGTGAGEQYF	1
CASSHGDLSNATEAFF	1
CASSGPQGGTEAFF	1
CASSGDRNQPQHF	1
CASSTSGEGEQFF	1
CASSTGGPSKTYGYTF	1
CASSPDRAGNSPLHF	1
CASSPLVPGRGDSSYNEQFF	1
CASSPLQPGETQYF	1
CASSPPGQGTDTQYF	1
CASSPRGGNQPQHF	1
CASSPFGTGVRSEKLFF	1
CASSPSRTEKKQYF	1
CASSPVENTEAFF	1
CASSPIGAPLHEQFF	1
CASSPSGGLETQYF	1
CASSPSGGNTEAFF	1
CASSPSVRTDNEKLFF	1
CASSPPGLTGENEQFF	1
CASSPPGQGNEQYF	1
CASSPRTGGVGSPLHF	1
CASSPRKFGAGYEQYF	1
CASSRGTAYQETQYF	1
CASSRTFGTGPTEAFF	1
CASSVTGVNEQYF	1
CASSAQRGNQETQYF	1
CASYRSPGANVLTF	1
CASLGGGAHVLTF	1
CASRVQGPAYNEQFF	1
CASRKQGAGANVLTF	1
CASRQGDNQPQHF	1
CASQQFF	1
CASALGGLGANVLTF	1
CASAKRGGLGTGGYNEQFF	1
CASGGGSGANVLTF	1
CASGSSGANVLTF	1
CASGARMREQFF	1
CASGGDQDHF	1
CASGIRRRLGGTDTQYF	1
CASGLDPMADTQYF	1
CASEGYGMGGQETQYF	1
CASEDPGQTYNEQFF	1
CASIDRDLLPTGELFF	1
CASTTSGRASSGANVLTF	1
CASTNSPYEQYF	1
CASTLLMNTGELFF	1
CASTPSGANVLTF	1
CASTPWREVEKYDTQYF	1
CASTPSDTIYF	1
CASTRDRVIKDTEAFF	1
CASTQRGEGPYEQYF	1
CASTTGTGGNEQFF	1
CASTNQVSGGGTGELFF	1
CASTHPLYNEQFF	1
CASTGAGQGLAGELFF	1
CASTTATFSGANVLTF	1
CASSFSRSYGYTF	1
CASSFSRSGANVLTF	1
CASSFRGTGGASGRANYNEQFF	1
CASSFQGVSSGANVLTF	1
CASSFGGPYEQYF	1
CASSFGTGESYEQYF	1
CASSFSPGGSYEQYF	1
CASSFRLRGAVNNEQFF	1
CASSFGAAYGYTF	1
CASSFGTLTYNEQFF	1
CASSFRDRSAETQYF	1
CASSLLYSYEQYF	1
CASSLWTGSYNEQFF	1
CASSLGSANVLTF	1
CASSLGRGPDGYTF	1
CASSLGVKWSTDTQYF	1
CASSLGNTGELFF	1
CASSLTSGSSYNEQFF	1
CASSLLRNTGELFF	1
CASSLLGRTNGANVLTF	1
CASSLSILEDTQYF	1
CASSLSTQRYEQYF	1
CASSLPFETGGSYEQFF	1
CASSLRVRELGYEQYF	1
CASSLRAGTYEQYF	1
CASSLHGRGAYNEQFF	1
CASSLHREVGEQFF	1
CASSLHRYGSLSHRWIPYEQYF	1
CASSLVQWGSWGNTIYF	1
CASSLVRRNQYF	1
CASSLALMGWEAGTYEQYF	1
CASSLGSGRAGGTDTQYF	1
CASSLGGSGANVLTF	1
CASSLDGKDQPQHF	1
CASSLTSGANVLTF	1
CASSLRPLYEQYF	1
CASSLRGGTSGWNEQFF	1
CASSLRRRELFF	1
CASSSLRDRATGANVLTF	1
CASSSQANEQFF	1
CASSSATRTYEQYF	1
CASSSSFGAGANVLTF	1
CASSSPRSGANVLTF	1
CASSSPVTDTQYF	1
CASSSRRDSYNEQFF	1
CASSSRTKRDRDEQFF	1
CASSSGRGGQFF	1
CASSSETGSPYGYTF	1
CASSSFLMPGQERIEQYF	1
CASSSQFGYTF	1
CASSSGQFGANVLTF	1
CASSSSGGTDTQYF	1
CASSSAGAYEQYF	1
CASSSGGLGANVLTF	1
CASSWGSINEQFF	1
CASSWGGPQETQYF	1
CASSYRTVGGLGELFF	1
CASSYHGTQGAANYGYTF	1
CASSYGGTSYNEQFF	1
CASSYFYSVFSGANVLTF	1
CASSYLPIGVTGANVLTF	1
CASSYSQGGIYNEQFF	1
CASSYSPGLAGGQPSTDTQYF	1
CASSYSRENTGELFF	1
CASSYSIATKETQYF	1
CASSYSIMAADRGEQFF	1
CASSYSTGLAGALSYEQYF	1
CASSYSRGQPGANVLTF	1
CASSYSHGRPGGNEQFF	1
CASSYYPGTPNSGANVLTF	1
CASSYPSGGSYNEQFF	1
CASSYPTGSGANVLTF	1
CASSYQGGWNTGELFF	1
CASSYQDTQYF	1
CASSYGTVSYEQYF	1
CASSYEETQYF	1
CASSLGSGANVLTF	1
CASSLGTSGVNEQFF	1
CASSLAGGETQYF	1
CASSPGPYEQYF	1
CASSPRPTDTQYF	1
CASSPRPAGANVLTF	1
CASSPQLAGNTGELFF	1
CASSPTHGQSIAGANVLTF	1
CASSPETVWGGRDEQFF	1
CASSPTQGSANYGYTF	1
CASSPRGRGGGAFF	1
CASSRISGGAKTGELFF	1
CASSRGAAGAADTQYF	1
CASSRTPAYEQYF	1
CASSRSMGLAGGEQFF	1
CASSRLGGEPFANTGELFF	1
CASSRAAGANVLTF	1
CASSRGSLTEAFF	1
CASSRQGAIYEQYF	1
CASSRQIYTEAFF	1
CASSHHRGNYGYTF	1
CASSQPFFTSVSTDTQYF	1
CASSVAGTAGANVLTF	1
CASSVGNQPQHF	1
CASSVGTTGANVLTF	1
CASSVTSGDYEQYF	1
CASSVTGGVGTDTQYF	1
CASSARQVVSGANVLTF	1
CASSAPGTGEAPSPPDTQYF	1
CASSARTGLVGNEQFF	1
CASSAASGTTDTQYF	1
CASSAEPGQGAAGPYNEQFF	1
CASSGWGGPNQPQHF	1
CASSGRGGANVLTF	1
CASSGISGANVLTF	1
CASSGTSGSVVSYEQYF	1
CASSGVGANVLTF	1
CASSDSGTTDYEQYF	1
CASSDSVENTGELFF	1
CASSDSGKGLAGVVTYEQYF	1
CASSDINIGQGRTGELFF	1
CASSEAGFTDTQYF	1
CASSEAQGRRSYNEQFF	1
CASSEGVWHYGYTF	1
CASSEGREELF	1
CASSEGVREEPYNEQFF	1
CASSETAGPGTEAFF	1
CASSETGNSPLHF	1
CASSEFGGGPYNEQFF	1
CASSESKASGRQADTQYF	1
CASSEWAGGPYEQYF	1
CASSEWGQVGTETQYF	1
CASSEPDYEQYF	1
CASSERVPNSSYEQYF	1
CASSEVSGSSYNEQFF	1
CASSEVLSGANVLTF	1
CASSEAGGNIQYF	1
CASSEGQVTDTQYF	1
CASSEGNSATEDNEQFF	1
CASSEEGAGANVLTF	1
CASSEESGGNTGELFF	1
CASSMGGNTGELFF	1
CASSTPPMDMSTGNTIYF	1
CASSTVTGGKYTGELFF	1
CASSNNRDDEQFF	1
CASSKSPEGKYEQYF	1
CASSKQTGERGGYTF	1
CASSFSIWYPSTDTQYF	1
CASSFWRNRGSGANVLTF	1
CASSFYLEVSSYNEQFF	1
CASSFPGHVYEQYF	1
CASSFRSGPSGANVLTF	1
CASSFRGSPYNSPLHF	1
CASSFAGTSGLLQETQYF	1
CASSFGQGQETQYF	1
CASSFGFGAGSSEQYF	1
CASSFGADTQYF	1
CASSFGTVSSGANVLTF	1
CASSFRESTDHEAFF	1
CASSFKTDYGYTF	1
CASSFFAKTSGANVLTF	1
CASSFLPVGQGRGNTEAFF	1
CASSFPSGDRGTDTQYF	1
CASSFGGGTSGANVLTF	1
CASSFGRAYEQYF	1
CASSFGGDVTEAFF	1
CASSFGNTQYF	1
CASSLFGGRGANVLTF	1
CASSLLAGWDSPLHF	1
CASSLQRGSSYNEQFF	1
CASSLVSVLQATDQSGANVLTF	1
CASSLVSYEQYF	1
CASSLGSLHNEQFF	1
CASSLGPAGRAPEQYF	1
CASSLGQGSYNEQFF	1
CASSLGGTGLHSGNTIYF	1
CASSLGTRVGEQFF	1
CASSLDSSGANVLTF	1
CASSLDRLANTGELFF	1
CASSLELAGGEQYF	1
CASSLTRGLPSGANVLTF	1
CASSLTGMYEAFF	1
CASSLSVAYNEQFF	1
CASSLREQNQPQHF	1
CASSLNEQYF	1
CASSLKGADEQYF	1
CASSLFPFYGGRQNIQYF	1
CASSLFRLGAGANVLTF	1
CASSLFGYEQYF	1
CASSLFGQGGGANVLTF	1
CASSLLRYEQYF	1
CASSLSGGTYQETQYF	1
CASSLLRGADTQYF	1
CASSLPGPMDQYF	1
CASSLRLANTGELFF	1
CASSLRIKNEQFF	1
CASSLHGTDTQYF	1
CASSLHRGDEQFF	1
CASSLVSITNNEQFF	1
CASSLVVSKDTQYF	1
CASSLVSQTGNEQFF	1
CASSLALSAYNEQFF	1
CASSLALGGVRDEQFF	1
CASSLAGAPSYEQYF	1
CASSLAGAYNEQFF	1
CASSLARAEEYISYEQYF	1
CASSLAGDREQYF	1
CASSLGDTYEGFGFETQYF	1
CASSLGSGYLMNTEAFF	1
CASSLGGSNEQFF	1
CASSLGERVGVEQYF	1
CASSLGSTQETQYF	1
CASSLDFQGFSSYNEQFF	1
CASSLDLRGGPGYTF	1
CASSLDEGVSDGYTF	1
CASSLDRQPTYEQYF	1
CASSLERDWYNEQFF	1
CASSLEVGGRATQYF	1
CASSLEASGSYNEQFF	1
CASSLETRGIQETQYF	1
CASSLEAASGANVLTF	1
CASSLETTGLHELVMKNLFF	1
CASSLIPKETQYF	1
CASSLMPGVASEQFF	1
CASSLIGQEGYTF	1
CASSLTERSSYNEQFF	1
CASSLRGHTEAFF	1
CASSSWGGDVYGYTF	1
CASSSPSGGRGETQYF	1
CASSSQGWETQYF	1
CASSSSGGVYNEQFF	1
CASSSYHWTRNNEQYF	1
CASSSLLWETQYF	1
CASSSPPEMGTGELFF	1
CASSSPMDRAGANVLTF	1
CASSSPIAGGPGAEQFF	1
CASSSRTGGSLPTDTQYF	1
CASSSDRSDTQYF	1
CASSSDPSYNEQFF	1
CASSSTHLPGAGRSYEQYF	1
CASSSSGGDYEQYF	1
CASSSYNNEQFF	1
CASSSVRTSGLSIDTQYF	1
CASSSGGGYTF	1
CASSSGTAYNEQFF	1
CASSSTAGDDYEQYF	1
CASSSLTSDTGELFF	1
CASSSGTDYGYTF	1
CASSSGQGLNTEAFF	1
CASSSDVPASGANVLTF	1
CASSSEPWGVYNEQFF	1
CASSSEYFHLRQFF	1
CASSWLQETQYF	1
CASSYRGGASGANVLTF	1
CASSYYRGPQEYF	1
CASSYSSGANVLTF	1
CASSLRSMVKETQYF	1
CASSLSPVDTQYF	1
CASSLLTGELFF	1
CASSLLKTGASPYEQYF	1
CASSLPGANVLTF	1
CASSLGTTRIRTAYNEQFF	1
CASSLGSTNEKLFF	1
CASSLRGGKNIQYF	1
CASSLEAPPYNEQFF	1
CASSLTGLAVYNEQFF	1
CASSLTGQDTQYF	1
CASSLSPGQGSGNSGANVLTF	1
CASSLDRERYEQYF	1
CASSLNGQYEQYF	1
CASSPSWGAGANVLTF	1
CASSPRIGVSFVETQYF	1
CASSPGVGWGAGYNEQFF	1
CASSPIRGGSGRNTGELFF	1
CASSPTSGRSYNEQFF	1
CASSPTDRDSIYEQYF	1
CASSPRFKRYNEQFF	1
CASSPSWTGPRSTDTQYF	1
CASSPWTGSPGEQYF	1
CASSPRNRGSGDTQYF	1
CASSPAPSGGPNEQFF	1
CASSPGLTDTQYF	1
CASSPGARGYEQYF	1
CASSPGLSGANVLTF	1
CASSPGPRTGDTQYF	1
CASSPNSRGDTQYF	1
CASSPLVDEQFF	1
CASSPGPLGGTDTQYF	1
CASSPGQGTGANVLTF	1
CASSPDRGTIGYTF	1
CASSPTSGGPFYEQFF	1
CASSPNGGAGANVLTF	1
CASSPYRGYNEQFF	1
CASSPTGGPIYEQYF	1
CASSRWGRNNSPLHF	1
CASSRPSGASGANVLTF	1
CASSRGTSGSSYEQYF	1
CASSRGVRSNQPQHF	1
CASSRGLPATGELFF	1
CASSRGAVDTDTQYF	1
CASSRDRGFSGANVLTF	1
CASSRLGTATQETQYF	1
CASSRTSGGPDTQYF	1
CASSRTEDSTEAFF	1
CASSRNSGRLDEQYF	1
CASSHRGDGPGFYEQYF	1
CASSHGNGFTETQYF	1
CASSHKTWALNKRAPYEQYF	1
CASSQLLAGEFEQYF	1
CASSQGDPFGLAGGTDTQYF	1
CASSQGQGSTLYGYTF	1
CASSQTSDSGANVLTF	1
CASSQFGTRRVDTQYF	1
CASSQLSAGGTYNEQFF	1
CASSQPRASGLETQYF	1
CASSQVRAGGSYEQFF	1
CASSQVEWTSGANEQFF	1
CASSQVVTIASGANVLTF	1
CASSQVGQGKSYEQYF	1
CASSQVTPGLLGANSGANVLTF	1
CASSQAQGSGNTIYF	1
CASSQAGEQFF	1
CASSQAIMQGAINEKLFF	1
CASSQGQVGAYEQYF	1
CASSQGAGGGQETQYF	1
CASSQGGALSGGAYEQYF	1
CASSQGWGAYNEQFF	1
CASSQGASGSTDTQYF	1
CASSQGTASSYEQYF	1
CASSQGLAGANVLTF	1
CASSQGISGANVLTF	1
CASSQDPTERETQYF	1
CASSQDPSPGSYGYTF	1
CASSQDQGRGSSGYTF	1
CASSQDTLNTGELFF	1
CASSQDTTERETQYF	1
CASSQDSFYVRGNSNQPQHF	1
CASSQDRRRRGVGANVLTF	1
CASSQEVWISGANVLTF	1
CASSQEAGVPLGANVLTF	1
CASSQTGLAGANTGELFF	1
CASSVVLRGRINQPQHF	1
CASSASSGGDDTDTQYF	1
CASSARMAVREQYF	1
CASSAKLPGQGETQYF	1
CASSGYQETQYF	1
CASSGVGPVLTYEQYF	1
CASSGGQGGTDTQYF	1
CASSGGPYEQYF	1
CASSGKSNQPQHF	1
CASSDPLGGQPGLIAYNEQFF	1
CASSEETYNEQFF	1
CASSERGSYEQYF	1
CASSEQGWETQYF	1
CASSTYQGTGELFF	1
CASSTGLAGLGDTQYF	1
CASSSGGGGGGRGPYEQYF	1
CASSSGLGARETQYF	1
CASSSTGDSQPQHF	1
CASSRGFSGANVLTF	1
CASSRGLEALAQYF	1
CASSNPPRGPTKQYF	1
CASSNASSGNTGELFF	1
CASSKGKGESGGAGANVLTF	1
CASSKVGGTGANVLTF	1
CASSKARGQPFYEQYF	1
CASRSGKSGQETQYF	1
CASRLGTDYNEKLFF	1
CASRLAGYNEQFF	1
CASRPTPGALYEQYF	1
CASRRDPLDEQYF	1
CASRVDLVKETQYF	1
CASRVTNGLETQYF	1
CASRATGPSYEQYF	1
CASRGDYEQYF	1
CASRGTSGGSSYEQYF	1
CASRGRSSGANVLTF	1
CASRGQGWGNQPQHF	1
CASRGDRTYEQYF	1
CASRDTRGRATDTQYF	1
CASREDRGGEKLFF	1
CASRESGANVLTF	1
CASREIAGRPYEQYF	1
CASRMSGDKNIQYF	1
CASRTLGVVRDTQYF	1
CASRNPGQGVSYSGANVLTF	1
CASRLLDYTDTQYF	1
CASRSYHTGAGYNYEQYF	1
CASRPKHRVRGGQYF	1
CASRETGPGANVLTF	1
CASRTSGGAISYEQYF	1
CASNQGGGDTQYF	1
CASNDRGPSTGELFF	1
CASNSMALQETQYF	1
CASNSGGEAYEQYF	1
CASNPLQGPDTQYF	1
CASNDYSYEQYF	1
CASKVTGANVLTF	1
CASKAMGLSGNTIYF	1
CASKDLSGANVLTF	1
CASKDRGKGADTQYF	1
CASKLDGETQYF	1
CARGSRAHEQFF	1
CARTGRANTGELFF	1
CARTTGDSYNEQFF	1
CANPRQGFNYGYTF	1
CAIRGQVGANVLTF	1
CARRRELDNSPLHF	1
CATTKNGGRQETQYF	1
CASRTRGGGYEQYF	1
CASRSGRGSSGANVLTF	1
CASATSGGRPTDTQYF	1
CASGREDRYEQFF	1
CASGMSGSSYEQYF	1
CASISDFYEQYF	1
CASTQIAGQETQYF	1
CASTSSTWSQETQYF	1
CASTPGGVETQYF	1
CASTPTSGGVNTGELFF	1
CASTQGAKSGANVLTF	1
CASSSDTGSGELFF	1
CASSARIPGELFF	1
CASSALAGASEQYF	1
CASSGPGTADSGANVLTF	1
CASSDARSADTQYF	1
CASSESRKKTPYEQYF	1
CASSRGLIGETQYF	1
CASSFLRDAMSETQYF	1
CASSFPGLAGETQYF	1
CASSFQIGSPLHF	1
CASSFMQGSGANVLTF	1
CASSFRGGANVLTF	1
CASSFSGGAETQYF	1
CASSFWAPKPAFF	1
CASSFWDRQETQYF	1
CASSFYRGFASGANVLTF	1
CASSFHRGTGIGGKSFLNEQFF	1
CASSFASKSSGANVLTF	1
CASSFGGAHGANVLTF	1
CASSFGTQDPQYF	1
CASSFGTGPLYEQYF	1
CASSLFSTGELFF	1
CASSLFRGTGANVLTF	1
CASSLSPTSSYEQYF	1
CASSLPSGGFQETQYF	1
CASSLRQGRDSSGANVLTF	1
CASSLQEGRQETQYF	1
CASSLVVFGANVLTF	1
CASSLVLRRVGETQDF	1
CASSLVASGEAITQYF	1
CASSLVGGSETQYF	1
CASSLVLAGEETQYF	1
CASSLVGVYEQYF	1
CASSLVGEMKDTQYF	1
CASSLAFGRRATQYF	1
CASSLAGGGASNEQYF	1
CASSLASLSTDTQYF	1
CASSLAPAGGQVAQYF	1
CASSLADETQYF	1
CASSLAAGLEQYF	1
CASSLAGPQANVLTF	1
CASSLALEAGANVLTF	1
CASSLGVAYEQYF	1
CASSLGAGGQETQYF	1
CASSLGVGATGELFF	1
CASSLGSGTGRTGELFF	1
CASSLGLAGDNEQFF	1
CASSLGVRETQYF	1
CASSLGVGLAYEQFF	1
CASSLGVDSYEQYF	1
CASSLGGQGNWNEQFF	1
CASSLGDRDAYEQYF	1
CASSLGTGQVEQYF	1
CASSLGSQETQYF	1
CASSLGTHDGETQYF	1
CASSLGRTGGEETQYF	1
CASSLGNGANVLTF	1
CASSLDPAGGNEQFF	1
CASSLDVTLGETQYF	1
CASSLDGSQETQYF	1
CASSLDGGSSGANVLTF	1
CASSLDGQGLETQYF	1
CASSLESSGGAAQYF	1
CASSLERGYSYEQYF	1
CASSLEAGETQYF	1
CASSLEGRLAGPNTGELFF	1
CASSLEGQETQYF	1
CASSLEGLSGANVLTF	1
CASSLETAQETQYF	1
CASSLEASKYNEQFF	1
CASSLEGLSSGANVLTF	1
CASSLEGYRAAYNEQFF	1
CASSLEGMETQYF	1
CASSLTSGIPPNVLTF	1
CASSLTSGGGYEQFF	1
CASSLSRDSLAETQYF	1
CASSLNGGVFPETQYF	1
CASSLFGHSGANVLTF	1
CASSLPTQETQYF	1
CASSLPSGRQETQYF	1
CASSLPWGRSYQETQYF	1
CASSLGALYQETQYF	1
CASSLGPEETQYF	1
CASSLDLGYEQFF	1
CASSLREGGQETQYF	1
CASSSLPGETQYF	1
CASSSPGGASTDTQYF	1
CASSSGQSQETQYF	1
CASSSTGGNQETQYF	1
CASSSQIQETQYF	1
CASSSAGTSFGELFF	1
CASSWGTSGGPTLETQYF	1
CASSWGPRPSGANVLTF	1
CASSYLGETQYF	1
CASSYSGTSGVYNEQFF	1
CASSLSPLSYEQYF	1
CASSLGLAGEADTQYF	1
CASSLAYEQYF	1
CASSLEYGLGETQYF	1
CASSPGQGAGETQYF	1
CASSPDSNEQFF	1
CASSPGSISSGANVLTF	1
CASSPGLAGVQETQYF	1
CASSPSRGGPETQYF	1
CASSPGLYQETQYF	1
CASSPGLVSLRQETQYF	1
CASSPDSGRTYEQYF	1
CASSPTGTSQETQYF	1
CASSPNQETQYF	1
CASSPNTGELFF	1
CASSRSVGGTLHF	1
CASSRSGLDTYEQYF	1
CASSRGQVPSYEQYF	1
CASSHGRGLSGANVLTF	1
CASSHRALKTGELFF	1
CASSHLPGLAGGDTGELFF	1
CASSHLVSGGKNIQYF	1
CASSHPRQGRGSYEQYF	1
CASSHPGQGGYGYTF	1
CASSHQLAGGPGGELFF	1
CASSQPLLQETQYF	1
CASSQQWTGQETQYF	1
CASSQVVTETYEQYF	1
CASSQVRVSNYGYTF	1
CASSQVGSNYGYTF	1
CASSQVSGNQPQHF	1
CASSQGGLARQETQYF	1
CASSQDLAGGALVYEQYF	1
CASSQDPGGTGETQYF	1
CASSQDPPVSLGDTEAFF	1
CASSVGTGFLEQYF	1
CASSVTGSRETQYF	1
CASSAQSSGANVLTF	1
CASSAVDYRSNNEQFF	1
CASSAQGRETQYF	1
CASSAQETQYF	1
CASSGGTGSMETQYF	1
CASSGEGARQETQYF	1
CASSGRLSGGGSYEQYF	1
CASSDPGRFTGELFF	1
CASSDVAGGPWGTDTQYF	1
CASSEGAPYEQYF	1
CASSISGTERETQYF	1
CASSIQGGGYTF	1
CASSITGSEETQYF	1
CASSTGQSSSGANVLTF	1
CASSRGVPSMETQYF	1
CASSRTGTGEETQYF	1
CASSNRQGGETQYF	1
CASSKTGSSGANVLTF	1
CASRGSYEQYF	1
CASRDGTSGSETQYF	1
CASRKAGDPYNEQFF	1
CASNPVAQGAYNEQFF	1
CASKGGPTDTQYF	1
CANSQAPRGPETQYF	1
CTSSRTSGYEQYF	1
CSPYFSGRDNEQFF	1
CSASWDSRYCF	1
CSAYDTHSGANVLTF	1
CSAPSSGSADTQYF	1
CSAPGLEDTQYF	1
CSAAGQTFSGANVLTF	1
CSASSLVRGAYSGANVLTF	1
CSASQITGGQANQPQHF	1
CSASSGQALNNQPQHF	1
CSARSQRETQYF	1
CSARTSGVIDTQYF	1
CSARSPDRGPYEQYF	1
CSARGVRNYEQYF	1
CSARGGELPWNEQFF	1
CSARDPGGSSYNEQFF	1
CSARDGGSQETQYF	1
CSARDSRGGNYGYTF	1
CSARDSSGANVLTF	1
CSAREELAALGSYNEQFF	1
CSAKRAGQFSDEQFF	1
CSAPLGDTEAFF	1
CSARPLGETQYF	1
CSAHDRGPHEEVRETQYF	1
CSAETVIPNGNQYF	1
CSATRDRGNSPLHF	1
CSARPQVTGANVLTF	1
CSAKSWHRAKNIQYF	1
CSAGGAGNTDTQYF	1
CSAPGTGRYEQYF	1
CSAALGSSSSYEQYF	1
CSADLGLAETQYF	1
CSAEDGLAKNIQYF	1
CSAEGTAGDTQYF	1
CSLVDGSSGANVLTF	1
CSLEPLGLGSYNEQFF	1
CSVSGTTSYNEQFF	1
CSVPDEQFF	1
CSVVGGSGANVLTF	1
CSVVVLEYLYNEQFF	1
CSVGQGPYGANVLTF	1
CSVGTGGSGANVLTF	1
CSVEATLDRGFYEQYF	1
CSVEGQGGDYEQYF	1
CSVEEGNPTDTQYF	1
CSVETGSGANVLTF	1
CSVGLRQRETQYF	1
CSVREYNEQFF	1
CSVQGPGGYEQYF	1
CSVISGAGANVLTF	1
CSGGSGANVLTF	1
CSTRTGAEGANVLTF	1
RATMEGGHNEQFF	1
RASSFNSSGANVLTF	1
RAKQPRGFGYTF	1
ASSYSTSGSTGELFF	1
DGGAGANVLTF	1
SASSLGVRQFEETQYF	1
CQQCSSGANVLTF	1
CVSSALQGINSPLHF	1
CASSQKRTLNEQFF	1
CASQVAGGRNTQYF	1
CACGSGPSYEQYF	1
CACSDRTGFYEQYF	1
CACTRESAYEQYF	1
CAWALEGVYGYTF	1
CAWGRGNEQYF	1
CAWGQGGANVLTF	1
CAWEKTAQASYEQYF	1
CAWIWTGGVRQREQYF	1
CAWTSGRPDTQYF	1
CAWTRKTSGRVETQYF	1
CAWTPGAYEQYF	1
CAWSSGYQPQHF	1
CAWSLTSGRGLPQFF	1
CAWSPGTEPYEQYF	1
CAWSPGGGSYNEQFF	1
CAWSRGNEQFF	1
CAWSVFSGFLSEQYF	1
CAWSVSGARRGEQFF	1
CAWSVDLTQDYEQYF	1
CAWSVEGAYNQPQHF	1
CAWSVAVAYNSPLHF	1
CAWSVLRVSGANVLTF	1
CAWSVLATSPGELFF	1
CAWSVPLAGVFEQYF	1
CAWSVPRVGYTGELFF	1
CAWSVGLRETQYF	1
CAWSVGVGAGWGTQYF	1
CAWSVGHLKETQYF	1
CAWSVGMILYEQYF	1
CAWSVIGRNNQPQHF	1
CAWSARGLVTEAFF	1
CAWSAGPGRTNTGELFF	1
CAWSGYTEAFF	1
CAWSGSSDNEQFF	1
CAWSGSGENTGELFF	1
CAWSGSRAAVEQFF	1
CAWSGLSRGEKLFF	1
CAWSGQRGSYNEQFF	1
CAWSDYSNTYEQYF	1
CAWSEPGQGVVGQETQYF	1
CAWSEGILSYEQYF	1
CAWSTIKETQYF	1
CAWSTVAGAETQYF	1
CAWSTASYNEQFF	1
CAWSKGVLGSYNSPLHF	1
CAWSKKGSSYNEQFF	1
CAWSWADTQYF	1
CAWSRAGGTYEQYF	1
CAWRLAGQSYGYTF	1
CAWRPQGVGELFF	1
CAWRRPTPRTGEGEDTF	1
CAWRGLPYYEQYF	1
CAWRRKLAPEDPEQFF	1
CAWRGDRAEAFF	1
CAWNNPRGGRLQETQYF	1
CAWNRGRADYGYTF	1
CAWNVAGGHNEQFF	1
CAWNRGSYEQYF	1
CAWKSGSSYEQYF	1
CAPTGELFSTAYEQYF	1
CAASGPQGFPNQPQHF	1
CAAKGADGTGYGYTF	1
CAGSFQDTGELFF	1
CAGIRQGQETQYF	1
CAISSTGQGTSNQPQHF	1
CAISPTGGTDTQYF	1
CAISRTGTSGSTSTDTQYF	1
CAISDISGANVLTF	1
CAISDRGHSYGYTF	1
CAISEHAGQFSGANVLTF	1
CAISESIALSYNEQFF	1
CAIRAELASSYNEQFF	1
CAIRDPGSLASGANVLTF	1
CAIRGTTGYSGANVLTF	1
CATYSPGTGGHPNKNEQFF	1
CATDRGIGGELFF	1
CATTKDLYNEQFF	1
CATSAGGPSYEQYF	1
CATSDFLAGAHSGANVLTF	1
CATSDLYIGDNEQFF	1
CATSDWTGSTGELFF	1
CATSDYSPGVGANVLTF	1
CATSDPGSGANVLTF	1
CATSDPQGTGELFF	1
CATSDPTGVGANVLTF	1
CATSDHSASGANVLTF	1
CATSDPGQGPSGANVLTF	1
CATSDGGLAGGVPPYF	1
CATSETGDVLTF	1
CATSRGQATSGANVLTF	1
CATKSSGANVLTF	1
CATKQSGTGGGEQYF	1
CATSYYPTSYNEQFF	1
CATGPSGANVLTF	1
CASSELRGSSGANVLTF	1
CASSTSSRGIGELFF	1
CASRSGGSTDTQYF	1
CASHRQGARGNSNEQFF	1
CASGRPAANSPLHF	1
CASSFAANTEAFF	1
CASSLQGATGANVLTF	1
CASSPRLRLYEQYF	1
CASSVTGSPQPQHF	1
CASSILGWGTEAFF	1
CASSIAGNSYNEQFF	1
CASSIGLGQGIHEQFF	1
CASSIVPESYNEQFF	1
CASSIGLFQPQHF	1
CASSIGDGLGSYNEQFF	1
CASSIESNSPLHF	1
CASSTRDRLITGELFF	1
CASSTTPRSGNTIYF	1
CASSTTGGTEAFF	1
CASSTTLGTIAEAFF	1
CASSTTLLAGGNNEQFF	1
CASSSTLDGNQPQHF	1
CASSNPFRGGLPYNEQFF	1
CASSNTRQGSKNTEAFF	1
CASSSGPFTGELFF	1
CASSPRGDTEAFF	1
CASRGTDQPQHF	1
CASRGLAGTGELFF	1
CASRSPGATDQPQHF	1
CASKESRGQSYGYTF	1
CASLRSATGANVLTF	1
CASSVSETQYF	1
CASSQRQGRNTGELFF	1
CASSGTTKLYNEQFF	1
CASSLQETQYF	1
CASSPDVGNQPQHF	1
CASSPKPVTEPTTNEKLFF	1
CASSPKEANTGELFF	1
CASSPYRGNEQFF	1
CASSPPLGANEQFF	1
CASSPGAGGYEQYF	1
CASSPGTYAEQYF	1
CASSPDLTVYEQYF	1
CASSPEYTDTQYF	1
CASSPSQYNEQFF	1
CASSPSLVGELFF	1
CASSPQGVNTEAFF	1
CASSPQTGDGEQYF	1
CASSPAGGTDTQYF	1
CASSPGTATYEQYF	1
CASSPTGTEAFF	1
CASSPLGPSSYEQYF	1
CASSPLRMPPKTGRLTEAFF	1
CASSPPVAAGSYEQYF	1
CASSPPSGVNTGELFF	1
CASSPPGPRGLIF	1
CASSPGGTSNYGYTF	1
CASSPGTVTGELFF	1
CASSPGTGAYEQYF	1
CASSPGQGASYGYTF	1
CASSPTQGRVSNSPLHF	1
CASSVADTQYF	1
CASSTTGALAEQYF	1
CASLRPGGTGELFF	1
CASRWTGGANVLTF	1
CASRTGRTGELFF	1
CASRPGSGANVLTF	1
CASRAGGLYTEAFF	1
CASVFSGGEVKNIQYF	1
CASVRSSSDLSGANVLTF	1
CASGQTGPLYEQYF	1
CASGQGPYEQYF	1
CASGTSGRGSEQFF	1
CASGAREQYF	1
CASIQGSGANVLTF	1
CASILGTGELFF	1
CASIRGGPGSTDTQYF	1
CASTLGLEQFF	1
CASTWDIWYNEQFF	1
CASTRQGAGGANVLTF	1
CASTKQGIPNYGYTF	1
CASTPFDSQYYEQYF	1
CASTPGPGLEKLFF	1
CASTQGAGNVGDTQYF	1
CASTQRGHEQYF	1
CASTMGLEGEQYF	1
CASTVLEADTQYF	1
CASTPHYRNYGYTF	1
CASSFSGANVLTF	1
CASSFSGGAGGYQETQYF	1
CASSFWSDTQYF	1
CASSFRFQEQETQYF	1
CASSFAGANVLTF	1
CASSFAGGIGSDTQYF	1
CASSFTLTTAGDYEQYF	1
CASSFSSEFFGQFF	1
CASSFLGVGKFF	1
CASSFWASNTGELFF	1
CASSFWTGASGANVLTF	1
CASSFLGANYEQYS	1
CASSFVGSHNEQFF	1
CASSFGSGGPRTDTQYF	1
CASSFDGTGTDTQYF	1
CASSFTNEQFF	1
CASSLSGTNEQFF	1
CASSLSTLAYNEQFF	1
CASSLVPSTDTQYF	1
CASSLAAGASTGELFF	1
CASSLGFRETQYF	1
CASSLGGVVSGANVLTF	1
CASSLGLLISGANVLTF	1
CASSLGLAGGGTQYF	1
CASSLDRFDSPLHF	1
CASSLTAVTSGANVLTF	1
CASSLSHREPQHF	1
CASSLRLTYEQYF	1
CASSLSLGSGANVLTF	1
CASSLSYEQYF	1
CASSLSTFNVLTF	1
CASSLSRGGVASGTLRRQFF	1
CASSLSVTGLDGEQFF	1
CASSLRREISTDTQYF	1
CASSLVAGIETQYF	1
CASSLVGQQETQYF	1
CASSLAITDSGANVLTF	1
CASSLGGAQPQHF	1
CASSLGFSGANVLTF	1
CASSLGLAGVMGETQYF	1
CASSLGGASGANVLTF	1
CASSLGTSGNNEQFF	1
CASSLEGTHSPLHF	1
CASSLETGNQPQHF	1
CASSLMGSGGANVLTF	1
CASSLIGGPTDTQYF	1
CASSLTGANVLTF	1
CASSLTRTGQGETQYF	1
CASSLRHANTGELFF	1
CASSLNTGELFF	1
CASSLKGANVLTF	1
CASSLKSETGGKFHVLTF	1
CASSSSGLTYNEQFF	1
CASSSRTSGTGYEQYF	1
CASSSSSLLARVTDTQYF	1
CASSSGQGMAELFF	1
CASSWFSGELFF	1
CASSWPSPAETQYF	1
CASSYGRGSGNQPQHF	1
CASSYRDHYEQYF	1
CASSYSTTGLDNEQFF	1
CASSYSRGELFF	1
CASSYSYSEIGNTIYF	1
CASSYSGESTDTQYF	1
CASSYSMSSASSYNEQFF	1
CASSYYTGGGQPQHF	1
CASSYLRSSAYEQYF	1
CASSYAPDHAYEQYF	1
CASSYATWDRAEEQFF	1
CASSYDVRVREKLFF	1
CASSYTTGEGSGANVLTF	1
CASSPRQGRTGELFF	1
CASSPGGTGANVLTF	1
CASSPDRVRETQYF	1
CASSPRGWGGAYEQYF	1
CASSPVKGTGGETQYF	1
CASSPGTGLNGYTF	1
CASSPAGSSYEQYF	1
CASSPSGNGANVLTF	1
CASSPISGTGSDGYTF	1
CASSRGTAGNEQFF	1
CASSRDRYEQYF	1
CASSRDDRGTGELFF	1
CASSRWVVGANVLTF	1
CASSHLAGGRTDTQYF	1
CASSHQGAANVLTF	1
CASSQGGGTGELFF	1
CASSQTGQSYGYTF	1
CASSQQGGINGYTF	1
CASSQGGGGYEQYF	1
CASSVSGHLYGELFF	1
CASSVKGTTEAFF	1
CASSVVTYRGKETQYF	1
CASSALSTGGSENIQYF	1
CASSALLLGLEQFF	1
CASSARETYGYTF	1
CASSARQASNQPQHF	1
CASSAGGEMRSPLHF	1
CASSGLGRDEKLFF	1
CASSGSGTSGTDTQYF	1
CASSGTGGSGNTIYF	1
CASSGSSGGKAYNEQFF	1
CASSGLAGGNTDTQYF	1
CASSGVVGGLYEQFF	1
CASSGGTTNEQFF	1
CASSDLAGLSYNEQFF	1
CASSDWTGVSYEQYF	1
CASSDLTRTQYF	1
CASSDSGAGANVLTF	1
CASSDQGVALFRSGNTIYF	1
CASSEAEGAVYGYTF	1
CASSEDRSSYNEQFF	1
CASSEAGLTGYNSPLHF	1
CASSEAAAGGGTDTQYF	1
CASSEAGIATDTQYF	1
CASSEGRGSSGANVLTF	1
CASSEETQYF	1
CASSEETGGAGQPQHF	1
CASSETGPNNEQFF	1
CASSERTRDYQNTDTQYF	1
CASSIPDGKNEQYF	1
CASSIDPPDYGERFF	1
CASSTSSTITGELFF	1
CASSTVHSGANVLTF	1
CASSRRLAGDYEQYF	1
CASSFSLVAVYEQYF	1
CASSFWRGGVGTEAFF	1
CASSFRGSGANVLTF	1
CASSFTWAEPNKNTEAFF	1
CASSFTGQSAFF	1
CASSFSGGASPDTQYF	1
CASSFSGDEQFF	1
CASSFKISGGAYNEQFF	1
CASSFLERDGLWEQFF	1
CASSFPGRGNEQFF	1
CASSFQGPFQETQYF	1
CASSFQGKIGNEQFF	1
CASSFVRVPQETQYF	1
CASSFGAGGANVLTF	1
CASSFDWADTQYF	1
CASSLLAVNEQFF	1
CASSLSSGMVINEQFF	1
CASSLPYSQETQYF	1
CASSLVLTYEQYF	1
CASSLVVDGSGANVLTF	1
CASSLATGTLGEQYF	1
CASSLGSGQNYEQYF	1
CASSLGTSGFTGELFF	1
CASSLGTGSGYTF	1
CASSLDVGEPQETQYF	1
CASSLEGAKVSGANVLTF	1
CASSLEQGYNQPQHF	1
CASSLMDTQYF	1
CASSLRTGGSSTDTQYF	1
CASSLFTGANVLTF	1
CASSLLDNEQFF	1
CASSLLAGGYNEQFF	1
CASSLSYLRWDPNEQFF	1
CASSLWGGGQGNIQYF	1
CASSLYLSLESYEQYF	1
CASSLLGQGWNIQYF	1
CASSLPRLGGMAGANVLTF	1
CASSLRRGDEQFF	1
CASSLHQETQYF	1
CASSLVSGVRTNIQYF	1
CASSLVSTRVLNEQFF	1
CASSLVVSREHNEQFF	1
CASSLVLAAGANVLTF	1
CASSLVAPEQYF	1
CASSLVPGGYGTQYF	1
CASSLVGLVSSGANVLTF	1
CASSLVSRAGGFNQPQHF	1
CASSLVLAVLFNEQFF	1
CASSLARSGTTHNEQFF	1
CASSLAPAGVNSPLHF	1
CASSLAGQDLYEQYF	1
CASSLADPISPIF	1
CASSLAGTEAFF	1
CASSLAGTTNEKLFF	1
CASSLGHLPTPNEQFF	1
CASSLGTDEQFF	1
CASSLGLDTGELFF	1
CASSLGVYLGGGEQFF	1
CASSLGVPGANVLTF	1
CASSLGAGVNNEQFF	1
CASSLGGTGGDQPQHF	1
CASSLGDHSQSGANVLTF	1
CASSLDWAALTF	1
CASSLDGWQAGANVLTF	1
CASSLDRGKQTGANVLTF	1
CASSLEALSGGYTF	1
CASSLEAGPQETQYF	1
CASSLELHEKLFF	1
CASSLEGSGVREQYF	1
CASSLEGSGANVLTF	1
CASSLEGLAETQYF	1
CASSLEGGYNEQFF	1
CASSLEDKYGYTF	1
CASSLTQERTISGANVLTF	1
CASSLSSSYNEQFF	1
CASSLNPPSLAGEFYEQYF	1
CASSLNRAYGYTF	1
CASSLKSWRNPGANVLTF	1
CASSSSGQGVGVYNSPLHF	1
CASSSPKQLDRASGANVLTF	1
CASSSRDREPGANVLTF	1
CASSSGVTSTDTQYF	1
CASSSGTANSPLHF	1
CASSSGLKWGGDTQYF	1
CASSSGLAGGRIDTQYF	1
CASSSEGQGRGNQPQHF	1
CASSSTPGPSSDEQFF	1
CASSSRFRWESSGANVLTF	1
CASSSEMGFWTDTQYF	1
CASSSTDWVYEQYF	1
CASSSRLAGGRSGANVLTF	1
CASSSLGLAGSQYF	1
CASSWPRGEGREQFF	1
CASSWQGGEQFF	1
CASSWASGLNTGELFF	1
CASSWGQVSGANVLTF	1
CASSWTGHDEQFF	1
CASSYGSSGSSYEQYF	1
CASSYETSATYEQYF	1
CASSYSGANVLTF	1
CASSYPGQIFSGNTIYF	1
CASSYRGSGANVLTF	1
CASSLSGGETEAFF	1
CASSLRQANTGELFF	1
CASSLGGANNEQFF	1
CASSLGGELYNERFF	1
CASSLGAGHRETQYF	1
CASSLHPGQTVGVQFF	1
CASSLGTGLTYEQYF	1
CASSLPGRDNQPQHF	1
CASSLGTGSYEQYF	1
CASSLRSLAGEQFF	1
CASSLNAGTGEETQYF	1
CASSPAGLADEANTGELFF	1
CASSPGANVLTF	1
CASSPTKGTGETQYF	1
CASSPSGSSYNEQFF	1
CASSPRGYEQYF	1
CASSPFTNEQFF	1
CASSPWGDSNEQFF	1
CASSPYFLTGATYEQYF	1
CASSPLAGASNTGELFF	1
CASSPPSGANVLTF	1
CASSPGAGGAVYEQFF	1
CASSPGTGYGANVLTF	1
CASSPGTGGSGANVLTF	1
CASSPDSYEQYF	1
CASSPDRGVRSEAFF	1
CASSPQGTSGNEQFF	1
CASSPGGRKETQYF	1
CASSPGTIQLFGQYF	1
CASSPGPVETQYF	1
CASSPTSGSTDTQYF	1
CASSPFREQRQETQYF	1
CASSPPIGAGANVLTF	1
CASSPGTGGYNEQFF	1
CASSRSRGQGGEQYF	1
CASSRGTYNSPLHF	1
CASSRQGPSSYEQYF	1
CASSRQGMRGANVLTF	1
CASSRGRGRGEKLFF	1
CASSRGGASHDRLFF	1
CASSRSQRISYEQYF	1
CASSRRTSSDTQYF	1
CASSHSLAGAKRNEQFF	1
CASSHVDRSSYEQYF	1
CASSHGTSGGSGELFF	1
CASSHTSGYQETQYF	1
CASSQATSGGAYNEQFF	1
CASSQGAQPQHF	1
CASSQISGGAVVEQFF	1
CASSQTDRGNTIYF	1
CASSQSPGQGNTGELFF	1
CASSQQAGPPTGELFF	1
CASSQVGSNQPQHF	1
CASSQAAGYNEQFF	1
CASSQGWEQYF	1
CASSQGLLSSGNDNEQFF	1
CASSQGGAGTSTDTQYF	1
CASSQGRRLAGARNEQFF	1
CASSQGLAGGPGHADTQYF	1
CASSQDFGGVLGTEQFF	1
CASSQDSGANVLTF	1
CASSQDSRRREAKNIQYF	1
CASSQDSTGGMETQYF	1
CASSQDRYLSSYNSPLHF	1
CASSQDRSPLHF	1
CASSQDQGDPVYEQYF	1
CASSQDAGAYEQYF	1
CASSQEHALGYTF	1
CASSQEYFGEQFF	1
CASSQELAVKETQYF	1
CASSQEMAGSSYNEQFF	1
CASSQTPSGRTQVEQYF	1
CASSVSERRVPTLANNNEQFF	1
CASSVQGRFNGYTF	1
CASSVGGPGSSYNEQFF	1
CASSASPLLAISYNEQFF	1
CASSARQGDGELFF	1
CASSGISGGAGNEQYF	1
CASSGRDRVLYGANVLTF	1
CASSGRDRGSGANVLTF	1
CASSGLGLAGNSSF	1
CASSGLGTGTDTQYF	1
CASSGGGFSGANVLTF	1
CASSGITGSDSYEQYF	1
CASSIRGRGTDTQYF	1
CASSTSGGFTDTQYF	1
CASSTRDTNTGELFF	1
CASSTRTDTQYF	1
CASSTSGVSTDTQYF	1
CASSTRIPGQF	1
CASSRGGGFDEQFF	1
CASSRTGSSYEQYF	1
CASSRLAGDTDTQYF	1
CASSNIVGVSGANVLTF	1
CASSKKTSVYEQYF	1
CASSKNMTGYTPSSGANVLTF	1
CASSKKRRGVDSGANVLTF	1
CASRSRGYGNQPQHF	1
CASRLREPGNTIYF	1
CASRPGTGTSGANVLTF	1
CASRRGTVSGANVLTF	1
CASRRGPGLADYNEQFF	1
CASRASYNEQFF	1
CASRDGTGETGELFF	1
CASRDDGRRASGRWRSQETQYF	1
CASREGVSTDTQYF	1
CASRMTLGELFF	1
CASRRAGGQETQYF	1
CASRNPGTVGNEQFF	1
CASRKEGGSGATYEQYF	1
CASRSDRYAVDTEAFF	1
CASRYTGGDNSPLHF	1
CASRLGTGPGANVLTF	1
CASRPGGMSEQFF	1
CASRADWTYEQYF	1
CASRDHSRGEGLKHEQYF	1
CASRIQGTGVAAVALGGYTF	1
CASRRLAGGNTGELFF	1
CASNIVTGGKLRLGANVLTF	1
CASNSPRQGPLLETGELFF	1
CASNLEGSSSGANVLTF	1
CASNSPGSGANVLTF	1
CASNSGTSGNEQFF	1
CASNYPDRDTEAFF	1
CASNTGLSEQFF	1
CASKPGTSGSYEQYF	1
CASKGGRAFWTEAFF	1
CASKGIEVLNEQFF	1
CASKVGSGGYNEQFF	1
CASKGDGPFEQYF	1
CASKDRTKLFF	1
CAAGGSYNEQFF	1
CAHRDRGLPNEKLFF	1
CAMGQAGSYNSPLHF	1
CASRDSIGGTDTQYF	1
CASSPGRRSGANVLTF	1
CASLGDSGNTIYF	1
CASARGQAKETQYF	1
CASAGLGGSGANVLTF	1
CASEGQGGSGANVLTF	1
CASTKELTPNTGELFF	1
CASSSRGSDYEQYF	1
CASSLDTRGGTQYF	1
CASSPPGSSYNEQFF	1
CASSRDRSSGANVLTF	1
CASSARDAGEQYF	1
CASSGIRQGTYEQYF	1
CASSGTAQETQYF	1
CASSGHSGANVLTF	1
CASSEGGGNEQYF	1
CASSESRLDGYTF	1
CASSFSAHGRGETQYF	1
CASSFGAGAYEQYF	1
CASSFRGEETQYF	1
CASSFWSGVGANVLTF	1
CASSFRGTGANVLTF	1
CASSFGGLSSYEQYF	1
CASSFGETQYF	1
CASSFGLYTDTQYF	1
CASSLFEGFREQFF	1
CASSLFGAYEQYF	1
CASSLWGQIQETQYF	1
CASSLYRMETQYF	1
CASSLRPRQETQYF	1
CASSLVAGLQETQYF	1
CASSLVGSSEQFF	1
CASSLVWQGSNIQYF	1
CASSLVGETQYF	1
CASSLVRDEETQYF	1
CASSLVPGSGANVLTF	1
CASSLVQQSGYTF	1
CASSLVVGGGYEQYF	1
CASSLVVAAGGETQYF	1
CASSLVVRVSGANVLTF	1
CASSLVGDFTGELFF	1
CASSLVGQGSYEQYF	1
CASSLVAVVGGQQETQYF	1
CASSLVDRGWRSYNEQFF	1
CASSLASQETQYF	1
CASSLAWKETQYF	1
CASSLALADETQYF	1
CASSLAPTGGLETQYF	1
CASSLAASGANVLTF	1
CASSLAGQGISYEQYF	1
CASSLAGGETQYF	1
CASSLAGVGTVEKTQYF	1
CASSLAGNEETQYF	1
CASSLALDRGRSQPQHF	1
CASSLAGDLGGGYTF	1
CASSLGFSQETQYF	1
CASSLGSSYRETQYF	1
CASSLGPDYEQYF	1
CASSLGVGRGNQETQYF	1
CASSLGGISGANVLTF	1
CASSLGTAGGGNEQFF	1
CASSLGDRVEETQYF	1
CASSLGPDPLETQYF	1
CASSLGQQETQYF	1
CASSLGQIQETQYF	1
CASSLGQLTETQYF	1
CASSLGEAKNIQYF	1
CASSLDLAGANVLTF	1
CASSLDAGKTQYF	1
CASSLDSSPPSSPLHF	1
CASSLDAETGTSAYEQYF	1
CASSLDGAGANVLTF	1
CASSLDSNNSPLHF	1
CASSLDRGYSYEQYF	1
CASSLEMGSGANVLTF	1
CASSLETGSFAGANVLTF	1
CASSLERGETQYF	1
CASSLISVSETQYF	1
CASSLTSNLAGELFF	1
CASSLRPGSGANVLTF	1
CASSLRTIEKETQYF	1
CASSLNFGGSEYQETQYF	1
CASSLNYEQETQYF	1
CASSLSRGGRQETQYF	1
CASSLYYPGRSSQETQYF	1
CASSLRWTGSQQETQYF	1
CASSLQGVETQYF	1
CASSLQGTGSGANVLTF	1
CASSLGTQETQYF	1
CASSLGGARNTGELFF	1
CASSSRVDLLQETQYF	1
CASSSRDSSGANVLTF	1
CASSSRDGDYEQYF	1
CASSSQGGVETQYF	1
CASSSGTGDPYEQYF	1
CASSSGLAGEETQYF	1
CASSSDRGLSGANVLTF	1
CASSSNRVQETQYF	1
CASSSQETQYF	1
CASSSMARQETQYF	1
CASSSMSWVGGASGYTF	1
CASSWDSQETQYF	1
CASSYPSAPTSGRAERLYNEQFF	1
CASSYGSQGQETQYF	1
CASSLQGWEQFF	1
CASSLQETQYF	1
CASSLTFRSGSGANVLTF	1
CASSPGEETQYF	1
CASSPSGTGWSGANVLTF	1
CASSPGGAGANVLTF	1
CASSPGQGFSETQYF	1
CASSPTALRETQYF	1
CASSPSRGARRETQYF	1
CASSPGVAGANVLTF	1
CASSPGAGANVLTF	1
CASSRTSGADGANVLTF	1
CASSRRGEETQYF	1
CASSRPDRGDTEAFF	1
CASSQPPGQPFSGELFF	1
CASSQGSRGGASGYTF	1
CASSQGQKETQYF	1
CASSQKDSGTKTQYF	1
CASSQVSGGYGEQYF	1
CASSQVSGARANVLTF	1
CASSQVVAYRVDGANVLTF	1
CASSQGRNRMSSGANVLTF	1
CASSQGEVGGANVLTF	1
CASSQGISPNYGYTF	1
CASSQGQRGETQYF	1
CASSQGQGSGANVLTF	1
CASSQDSSRGISGANVLTF	1
CASSQDRGGAATGELFF	1
CASSQDASSGGSSYNEQFF	1
CASSQDGTGHPPLHF	1
CASSQTGTVGLEQYF	1
CASSVNPPGQGSSDTQYF	1
CASSVQKWGGRRGGTDTQYF	1
CASSVRPPGILQETQYF	1
CASSAGPTYEQYF	1
CASSAEGANVLTF	1
CASSGGETQYF	1
CASSGDSSYNEQFF	1
CASSGGTGGRETQYF	1
CASSDYRADRSGANVLTF	1
CASSEGTGSSGANVLTF	1
CASSETGRGAGANVLTF	1
CASSEGQGKNIQYF	1
CASSEMGWQPQHF	1
CASSTQETQYF	1
CASSRGLAGGNNEQFF	1
CASSRRVDSGANVLTF	1
CASSRNRGLYNEQFF	1
CASSKNREIGETQYF	1
CASRREGSSVGIQYF	1
CASRNSGANVLTF	1
CASRNTGSNQPQHF	1
CASNDNVLGANVLTF	1
CANHRKQYF	1
CSVSEIGSNEQFF	1
CSAPPGPSLLETQYF	1
CSAREGRGRLNEQYF	1
CSAADRVVSGGYTF	1
CSATPAGGAETQYF	1
CSASEWAGANVLTF	1
CSASSGANVLTF	1
CSASLAGAYEQYF	1
CSASIPGTSGSRTDTQYF	1
CSASTGTAYGYTF	1
CSARSPLRADYEQYF	1
CSARRGSGAGANVLTF	1
CSARYSSGANVLTF	1
CSARPTTGGIVETQYF	1
CSARPAGGPGGKNIQYF	1
CSARGRARSGANVLTF	1
CSARGIRAGADNEQFF	1
CSARDWTGQGYQPQHF	1
CSARDHRGGYEQYF	1
CSARDNTGHLGLHF	1
CSARELAGAHSYEQYF	1
CSARILDRDTEAFF	1
CSANGLAGQETQYF	1
CSALVSGTSGNEQFF	1
CSAPTPGTSAHEQYF	1
CSAGGTSGGTDTQYF	1
CSALTVAGGVNEQFF	1
CSSPGSSYNEQFF	1
CSVLGTFLQGVTTNVYEQYF	1
CSVVLGPIRYGYTF	1
CSVVGMEQYF	1
CSVVREGTSYEQYF	1
CSVAGLAKNIQYF	1
CSVAPSTAYSGANVLTF	1
CSVGKGGTEAFF	1
CSVGTLSGANVLTF	1
CSVGAGEGSYNEQFF	1
CSVDWGAGSGANVLTF	1
CSVELAGEAFF	1
CSVEVRVSGANVLTF	1
CSVEGAGGPLSNTGELFF	1
CSVEDGVGQNSGANVLTF	1
CSVEDARSYEQYF	1
CSVERGSGELFF	1
CSVGTGLASGYTF	1
CSVGRGGVGWETQYF	1
CSVMTGALPYEQYF	1
CSATGTVGNTIYF	1
CSARRYGGYTF	1
RAIHSGGASPQYF	1
RASTSLAQTQYF	1
RASSWRWYRKLQETQYF	1
RASSLTGQGSPGANVLTF	1
RASSPSFRAGDGQETQYF	1
CPSSPRFVGDVPSGANVLTF	1
CPTGANQPQHF	1
CATAYFTSGHNEQFF	1
CASSLQFGRNTGELFF	1
CASSLGGRDEQFF	1
CAFPDRAGANVLTF	1
CASNRAVTNDEQYF	1
CACGQGGGNTIYF	1
CACDRERSAFF	1
CACRFLGTQYF	1
CAWSAGYEQYF	1
CAWQGLADSYEQYF	1
CAWAGLADNNEQFF	1
CAWGGGANNEQFF	1
CAWIADRGYEQYF	1
CAWTSKKSTNEKLFF	1
CAWSFGGAGNTIYF	1
CAWSSTYSGNTIYF	1
CAWSSQGNSGNTIYF	1
CAWSWGNEQFF	1
CAWSLGQALNYGYTF	1
CAWSLMGERSTDTQYF	1
CAWSLATSLFF	1
CAWSPREYNEQFF	1
CAWSVPVGGQETQYF	1
CAWSVGTRNYEQYF	1
CAWSVRVSNQPQHF	1
CAWSVLTEYNEQFF	1
CAWSVLGGARQPQHF	1
CAWSVQQYNSPLHF	1
CAWSVGTSGRKNIQYF	1
CAWSVDEGNEQYF	1
CAWSVMVGTGIYNEQFF	1
CAWSVTLTGEKLFF	1
CAWSAVGNHDEQFF	1
CAWSAGGGNNEQFF	1
CAWSGSPGQGALSTEAFF	1
CAWSGKGQGAYEQYF	1
CAWSTGLATYEQYF	1
CAWSKGADTEAFF	1
CAWSSSGTSYNEQFF	1
CAWSRLGQRGYNSPLHF	1
CAWSRRSASQAEQFF	1
CAWSQGRGSFNEQFF	1
CAWRPRAFAKGEQYF	1
CAWRRQIGETQYF	1
CAWRGRRSGGLYNEQFF	1
CAWRERQLSSGANVLTF	1
CAWRISAGGPLGNEQFF	1
CAWRRTGNQETQYF	1
CAWRNSGVQGQETQYF	1
CAWNGGSPADTQYF	1
CAWNSGETQYF	1
CAWKGEDNQPQHF	1
CAWKLQRGGRSREQYF	1
CAHGDSGNTIYF	1
CAVDRSGANVLTF	1
CAAHQGGTYNEQFF	1
CAAGGVPGVQEETQYF	1
CAITATDSMNTEAFF	1
CAISDAGGPVDTQYF	1
CAISDMETQYF	1
CAISDNNYGYTF	1
CAISESSSGANVLTF	1
CAISEEGGGEQFF	1
CAISTSGTNYNSPLHF	1
CAISGRGAPGDTQYF	1
CAIRLHGAGANVLTF	1
CAIKLPISSYNEQFF	1
CAIKRFTYEQYF	1
CATVKTGPVSGANVLTF	1
CATLRQGTNYGYTF	1
CATSGQGVSDEQFF	1
CATLRLAGEVFSDGEQFF	1
CATRTGAINSGANVLTF	1
CATQGLRQVPVYGANVLTF	1
CATSSLSGGSDTQYF	1
CATSDFAEGSGANVLTF	1
CATSDFEGSRQFF	1
CATSDSEGNRRDTQYF	1
CATSDSPGNNEQFF	1
CATSDYPGQATTGELFF	1
CATSDVPGQGPSSGANVLTF	1
CATSDADRPHYGYTF	1
CATSDGPVLTF	1
CATSDLTRSDEQFF	1
CASSWTGGRGANVLTF	1
CASVTGANVLTF	1
CASITTGLSNQPQHF	1
CASTNPGLKGYEQYF	1
CASSSTNAPYNEQFF	1
CASSWLGGATTDTQYF	1
CASSWGPTGTDTQYF	1
CASSLGGGRDIQYF	1
CASSILSSGGQFF	1
CASSIGGNQPQHF	1
CASSILAGGNEQFF	1
CASSIVFQGAYEQYF	1
CASSIAGTGYEQYF	1
CASSIGGFLSYEQYF	1
CASSTRTGYYNEQFF	1
CASSSPDLTASEQYF	1
CASRRTGTGMVATNEKLFF	1
CASLTSLQETQYF	1
CASSGTGNTGELFF	1
CASSSSEGTNTGELFF	1
CASSGVREPQHF	1
CASSQSGAYNEQFF	1
CASSSPGGRSNQPHHF	1
CASSLRQGNQETQYF	1
CASSPTGRDYGYTF	1
CASSPFRGQGRNEQFF	1
CASSPPQRPYNEQFF	1
CASSPPTNQETQYF	1
CASSPNDKRGGSYNEQFF	1
CASSPKAGVTDTQYF	1
CASSPRLAGGTYEQYF	1
CASSPRQGRGYNEQFF	1
CASSPAQTAREQYF	1
CASSPGRGSYEQYF	1
CASSPGQGRSSTEAFF	1
CASSPTGVPNNSPLHF	1
CASSPKQKNTEAFF	1
CASSPSLASSTDTQYF	1
CASSPLGPTQSTEAFF	1
CASSPPLAATYEQYF	1
CASSPPSSNEQYF	1
CASSPPAGSYEQYF	1
CASSPRETYEQYF	1
CASSPATSGYTQYF	1
CASSPAEGPYEQYF	1
CASSPERADLRAFF	1
CASSPTGLNRRETQYF	1
CASSPSLADADTQYF	1
CASSPRGLAGTSTGELFF	1
CASSPNREVNEQYF	1
CASSREPSQGAVSGYTF	1
CASSRPGQGIYEQYF	1
CASSRGNQETQYF	1
CASSTGQPYEQYF	1
CASSREKLFF	1
CASLPNTGELFF	1
CASLGRRNTGELFF	1
CASRDSGYQPQHF	1
CASHKTAGDTEAFF	1
CASHGGSSYNEQFF	1
CASQKDGLYNSPLHF	1
CASQASGRAYNEQFF	1
CASARDLGGGGYTF	1
CASAIAGSSGANVLTF	1
CASGDRASGANVLTF	1
CASGTSGISYNEQFF	1
CASGRGGPNEQFF	1
CASGRGGETQYF	1
CASISDSYNEQFF	1
CASIPEEIYNEQFF	1
CASIPGVAAIQYF	1
CASIKTSATTWKSYNEQFF	1
CASMLGGTMTNEQFF	1
CASMRALAGETYEQYF	1
CASTLNYNEQFF	1
CASTSGANVLTF	1
CASTSGGETQYF	1
CASTPKGPGELFF	1
CASTPAGINEQFF	1
CASTRSGQASSYEQYF	1
CASTRGFHSGANVLTF	1
CASTAPPSSGNTIYF	1
CASTGTGDTGELFF	1
CASTGTGANVLTF	1
CASTMNDLETQYF	1
CASTLDFLEEQYF	1
CASTTQSGGGSGANVLTF	1
CASSFFLAGPYEQYF	1
CASSFFTSQETQYF	1
CASSFLMGQGARGANVLTF	1
CASSFSASGANVLTF	1
CASSFPGLARLREQFF	1
CASSFRGGTNTGELFF	1
CASSFRGFSGANVLTF	1
CASSFHSSTDTQYF	1
CASSFVDRAKEETQYF	1
CASSFAVNQPQHF	1
CASSFRVLGSSNQPQHF	1
CASSFSNSGANVLTF	1
CASSFSGTGANVLTF	1
CASSFASGSGANVLTF	1
CASSFGDYNEQFF	1
CASSFGTSGRATFF	1
CASSFGLNQETQYF	1
CASSFESSTDTQYF	1
CASSLFYNEQFF	1
CASSLFGSRTNTGELFF	1
CASSLALYNEQFF	1
CASSLGEAEAFF	1
CASSLEANSPLHF	1
CASSLISGANVLTF	1
CASSLLASGANVLTF	1
CASSLLTGVQPQHF	1
CASSLLGFSGELFF	1
CASSLSGEGENEQFF	1
CASSLSGSGANVLTF	1
CASSLSRQGAGANVLTF	1
CASSLWGRISGANVLTF	1
CASSLYAGANVLTF	1
CASSLLYAGGRYEQFF	1
CASSLPLTSGVSGANVLTF	1
CASSLPAGGQFF	1
CASSLRGVGNNSPLHF	1
CASSLQGSGANVLTF	1
CASSLQGFSGANVLTF	1
CASSLAPILGYGYTF	1
CASSLGGGPKETQYF	1
CASSLGGGANVLTF	1
CASSLGGYEQFF	1
CASSLGGGTLEKLFF	1
CASSLGLDEQFF	1
CASSLEWGTWSSGANVLTF	1
CASSLIGNHEQYF	1
CASSLISGSYLTFTDTQYF	1
CASSLTPRGQGAQYF	1
CASSLTGVTDTQYF	1
CASSLSREYNEQFF	1
CASSLRLRREDWIRKYNEQFF	1
CASSLRGGYGYTF	1
CASSSGYSGANVLTF	1
CASSSDRDLMNTEAFF	1
CASSSPGLAYDEQFF	1
CASSSPGRISGANVLTF	1
CASSSTGTGDSPTSYEQYF	1
CASSSTGVRDEQYF	1
CASSSGTGTDEQFF	1
CASSWSMSNEKLFF	1
CASSWYWGDGANVLTF	1
CASSWTSGGAFLETQYF	1
CASSWTGRDTEAFF	1
CASSWRWGRGNEQFF	1
CASSYYSGVADEQYF	1
CASSYRRDEKLFF	1
CASSYSSGLNYGYTF	1
CASSYSGQVDVHEQFF	1
CASSYSFPGSGANVLTF	1
CASSYSIPGGSSGANVLTF	1
CASSYSTAGGQETQYF	1
CASSYSTGQLSTDTQYF	1
CASSYSGGSSYNEQFF	1
CASSYLRQGPDTQYF	1
CASSYPDTGELFF	1
CASSYPEGNEQYF	1
CASSYPERTSGAYEQYF	1
CASSYVGRGKGKETQYF	1
CASSYVSPASSYNEQFF	1
CASSYVTMAQYF	1
CASSYGETQYF	1
CASSYGGSAYGYTF	1
CASSYGGKEQYF	1
CASSYTSGFTGELFF	1
CASSYRGDLANVLTF	1
CASSYRINQPQHF	1
CASSLYRQETQYF	1
CASSLTNYYNEQFF	1
CASSPRLSSGRAGNEQYF	1
CASSPLAGTQYF	1
CASSPLVGPGETQYF	1
CASSPQGANYEQYF	1
CASSPAGGGGEQYF	1
CASSPWTAPTAGANVLTF	1
CASSPHLPGANVLTF	1
CASSPAYETQYF	1
CASSPTSGSTDTQYF	1
CASSRAGNPGANVLTF	1
CASSRGRQGSGSPLHF	1
CASSRDRGSGANVLTF	1
CASSRTENTGELFF	1
CASSHRTNSGNTIYF	1
CASSVQLVSGANVLTF	1
CASSVGGLAGVYEQFF	1
CASSVGTRYTDTQYF	1
CASSVGSYTDTQYF	1
CASSVTGLRSNTEAFF	1
CASSAPKGGYNEQFF	1
CASSALEGMRNYEQYF	1
CASSGTTSGQETQYF	1
CASSGYFSGANVLTF	1
CASSGQGTGANVLTF	1
CASSGANSGANVLTF	1
CASSGTGRRYGYTF	1
CASSGTGGSNSYEQYF	1
CASSGINTQYF	1
CASSDFLAGGPGNEQFF	1
CASSDWGRGRREQFF	1
CASSDPGSGANVLTF	1
CASSDGEILNEQFF	1
CASSDGMGLASYKETQYF	1
CASSDRVVQETQYF	1
CASSEGKSPSYEQYF	1
CASSEDVHLYSNQPQHF	1
CASSESGTFAQYF	1
CASSESGGSETQYF	1
CASSELAGANVLTF	1
CASSEAHSEQYF	1
CASSEALWESSYEQYF	1
CASSEALPAGRGEQYF	1
CASSEARQGKGAFF	1
CASSEDGQGAGANVLTF	1
CASSEDGSDTQYF	1
CASSEIAGQPQHF	1
CASSETSGGADTQYF	1
CASSESGTGTYEQYF	1
CASSISLGANVLTF	1
CASSIGTGLNYGYTF	1
CASSILTGGEEETQYF	1
CASSTRQGFQDEQYF	1
CASSTTSGGAYEQYF	1
CASSTRDRGYEQYF	1
CASSSGGAFVTQYF	1
CASSRVPGANVLTF	1
CASSRDAQETQYF	1
CASSRDGRFGNQPQHF	1
CASSRRSGANVLTF	1
CASSFSEEQFF	1
CASSFLGVSGANVLTF	1
CASSFHARDIHQSGANVLTF	1
CASSFARTYGYTF	1
CASSFGTDTYEQYF	1
CASSFISANTGELFF	1
CASSFNRANSPLHF	1
CASSFGTSGSGDIQYF	1
CASSFGLAGRSYNEQFF	1
CASSLVTGRETQYF	1
CASSLAGLAGASYNEQFF	1
CASSLGYGYTF	1
CASSLGGLAGGTDTQYF	1
CASSLGDIEQYF	1
CASSLTGFMNTEAFF	1
CASSLFVGGAGANVLTF	1
CASSLFTPRAHGTQYF	1
CASSLFPRGRDEQYF	1
CASSLLGQGNEQFF	1
CASSLSGELFF	1
CASSLWRWGRTGELFF	1
CASSLYRGGGSNEEQFF	1
CASSLLVGYNEQFF	1
CASSLLAGANTGELFF	1
CASSLPGLSDEQFF	1
CASSLPGLGELFF	1
CASSLQGPFDYTF	1
CASSLQTETGSFANTGELFF	1
CASSLVARTRTSYNEQFF	1
CASSLVGRWGITDTQYF	1
CASSLVPDFSSGANVLTF	1
CASSLVASGSFNNEQFF	1
CASSLVQGGTTDTQYF	1
CASSLVVEGSDEQFF	1
CASSLVETQYF	1
CASSLASLAGGPGTDTQYF	1
CASSLAPGQLSSYNSPLHF	1
CASSLAGDRGNEQYF	1
CASSLAQGGNTEAFF	1
CASSLAGGSSTGELFF	1
CASSLAAGESYEQYF	1
CASSLGLQGSNEQFF	1
CASSLGRLKTYEQYF	1
CASSLGDYNNEQFF	1
CASSLGSVIYEQYF	1
CASSLGPTAYEQYF	1
CASSLGGSSLRYNEQFF	1
CASSLGGAVNNSPLHF	1
CASSLGTELQETQYF	1
CASSLDGTTYNEQFF	1
CASSLDASGPPMDTDTQYF	1
CASSLDEGYTF	1
CASSLEGGRYIHEQFF	1
CASSLEGGVGSYNEQFF	1
CASSLIPTGGETQYF	1
CASSLTGGDLNEQFF	1
CASSLRWTGYLYEQYF	1
CASSLKGGRDTGELFF	1
CASSSSGSEQFF	1
CASSSLPYATYNEQFF	1
CASSSLGQDNGEQYF	1
CASSSPGQPQHF	1
CASSSPGPNQDNQPQHF	1
CASSSPTSYEQYF	1
CASSSRGGSLPIF	1
CASSSRARGTSSNQPQHF	1
CASSSDRAYEQYF	1
CASSSRFYGYTF	1
CASSSGQGAGVTEAFF	1
CASSSEDGLAGPLAKNIQYF	1
CASSSIRAGANVLTF	1
CASSSRGNTYEQYF	1
CASSSLDSADTQYF	1
CASSSAPGQMNTGELFF	1
CASSSGQGAGYTF	1
CASSSEGSSYNEQFF	1
CASSSRPNFGQEDSGNTIYF	1
CASSWGKTGTVNSPLHF	1
CASSYPGGELFF	1
CASSYLFGTAEETQYF	1
CASSYATGFNNEQFF	1
CASSLRDRGLRGANVLTF	1
CASSLGEETQYF	1
CASSLGSLVNEQFF	1
CASSLDYEQYF	1
CASSLDRRDEQYF	1
CASSLAPAGWLNTEAFF	1
CASSLGTGGANVLTF	1
CASSLEVEGGNEQFF	1
CASSLEGGSFTDTQYF	1
CASSPPVYSGANVLTF	1
CASSPRDRESGANVLTF	1
CASSPSVDTQYF	1
CASSPPPGGNEQFF	1
CASSPRTGQSTDTQYF	1
CASSPRGGGTSATEAFF	1
CASSPQGANEQYF	1
CASSPGTGGTGAGIEQFF	1
CASSPGRAEAFF	1
CASSPELGNQPQHF	1
CASSPEGETQYF	1
CASSPSETDNEQYF	1
CASSPRVGGQPQHF	1
CASSPSGGSYEQYF	1
CASSPVRDLSYEQFF	1
CASSPGLAGGRSSGANVLTF	1
CASSPGHMNTEAFF	1
CASSPGAGGAGELFF	1
CASSPTVAGGLSTYNEQFF	1
CASSPPYPTFGANVLTF	1
CASSPRLAGPDTDTQYF	1
CASSPGGASYNSPLHF	1
CASSPEGTPTEGQYF	1
CASSPEKGLRAGEYNEQFF	1
CASSPSSGTSGYSYEQYF	1
CASSRRGGGAGSSQYF	1
CASSRSDRFEQYF	1
CASSRNRDGYTF	1
CASSRGKSYEQYF	1
CASSRDRGRQETQYF	1
CASSRDRAGANVLTF	1
CASSHTTNVGAGANVLTF	1
CASSHYPRGLANHNEQFF	1
CASSHYVRGRETQYF	1
CASSHPLAGGTNSGANVLTF	1
CASSHGQGEGEQFF	1
CASSQAGSGANVLTF	1
CASSQGSYEQYF	1
CASSQTPTGTYGYTF	1
CASSQKETQYF	1
CASSQSVVGGELFF	1
CASSQYKGAGTGELFF	1
CASSQLRERNYNEQFF	1
CASSQPDRYYDSYEQYF	1
CASSQVRTRNTEAFF	1
CASSQVHGGANVLTF	1
CASSQVGRGSSTDTQYF	1
CASSQAQQSYNEQFF	1
CASSQAGTGFSPLHF	1
CASSQAGLRFSGANVLTF	1
CASSQGGGGWVFF	1
CASSQGPGSYNEQFF	1
CASSQGRTSGANVLTF	1
CASSQDSGVAYEQYF	1
CASSQDSSSGKSTDTQYF	1
CASSQDLLASGYTF	1
CASSQDQGAGANVLTF	1
CASSQDINSGANVLTF	1
CASSQDKGGGDLINEQFF	1
CASSQDPGVADEQYF	1
CASSQDRGSRYEQYF	1
CASSQELGLLSSGANVLTF	1
CASSQEVASYNEQFF	1
CASSQESYLAGAFF	1
CASSQELGSMDEQFF	1
CASSQEPGQEETQYF	1
CASSQEGSGGYGYTF	1
CASSQRGANVLTF	1
CASSQRTTGELFF	1
CASSVELEGYPSNEQFF	1
CASSVSGAGANVLTF	1
CASSVGQQQETQYF	1
CASSVSPTGANVLTF	1
CASSVRQGFAKNIQYF	1
CASSVVELVSYEQYF	1
CASSVATGGRETQYF	1
CASSVGDTEAFF	1
CASSVISGNTIYF	1
CASSAEGWGEQFF	1
CASSARSGAGNSPLHF	1
CASSAPGQGTDTQYF	1
CASSAGLATSTDTQYF	1
CASSARVRDRAANQPQHF	1
CASSGLAGAYNEQFF	1
CASSGQGGNQPQHF	1
CASSDSGQGGTGELFF	1
CASSDPSPPEETQYF	1
CASSDQGLGQPQHF	1
CASSIGRTDTQYF	1
CASSMGQGSYNEQFF	1
CASSIRFSGANVLTF	1
CASSIITGTEETQYF	1
CASSTGRAPNTEAFF	1
CASSTGTGANVLTF	1
CASSTTSGRTDTQYF	1
CASSTKQGTGELFF	1
CASSSRDRTDTQYF	1
CASSNDRSTNTGELFF	1
CASSKAQREGISNTGELFF	1
CASSKMEADEQFF	1
CASSKRGLNTQYF	1
CASSKRTGRGETRYF	1
CASSKVAGPRYNEQFF	1
CASSKAGYEQYF	1
CASRLGQEGATIYF	1
CASRLNLGRNEQFF	1
CASRSSRGRGVWFF	1
CASRYTSSYNEQFF	1
CASRLTGPYEQYF	1
CASRPLAGATYEQYF	1
CASRPRGGQSLFSGANVLTF	1
CASRAGANVLTF	1
CASRADISNTEAFF	1
CASRGTGEIQYF	1
CASRGKTSNTGELFF	1
CASRDTNTGELFF	1
CASRIPGQSSLGGYTF	1
CASRTRPVLTGELFF	1
CASRTDGQGNTEAFF	1
CASRKGFGGSYEQYF	1
CASRKSVSGANVLTF	1
CASRKHTGDQPQHF	1
CASRSDRGDGYTF	1
CASRPGQGPSGANVLTF	1
CASRRLAGGEQFF	1
CASRQGTSGPDTQYF	1
CASRGQFSYNEQFF	1
CASRRGSGANVLTF	1
CASRRDTEAFF	1
CASRNDGEQFF	1
CASNTRGTPMDTQYF	1
CASNPSGTGGTEAFF	1
CASNQGRRKSSYEQYF	1
CASNEGTGSVYGYTF	1
CASNIRGDPIDTQYF	1
CASKAGTGDNSPLHF	1
CASKGPGGTEAFF	1
CASKEYNSPLHF	1
CASKPPVRGVYNEQFF	1
CASKPGQGTYGANVLTF	1
CASKADTSYNEQFF	1
CASKEGLEGFF	1
CARGGTRENEQFF	1
CARSAPGDRGLEQYF	1
CDWSETGLAADTQYF	1
CARLL	1
CASSGQSTDTQYF	1
CASLNTQYF	1
CASRGASNQPQHF	1
CASHESNGPSKDQYF	1
CASHEGGQRYGFYTF	1
CASGPGLGANVLTF	1
CASTELSGANVLTF	1
CASSSTSGEGSTQYF	1
CASSPDTARYGYTF	1
CASSPTGPQETQYF	1
CASSPLAADEQFF	1
CASSRGHPRNQPQHF	1
CASSQGLAGAGEQFF	1
CASSQGQIGTQETQYF	1
CASSVQRGEQYF	1
CASSVDRIGVPMNTEAFF	1
CASSDSRGVSLGANVLTF	1
CASSDRVQETQYF	1
CASSESFEQYF	1
CASSESSGKDLAYEQYF	1
CASSESRQAGRDTQYF	1
CASSEYGPISNTQYF	1
CASSEGRNQPQHF	1
CASSERVNQPQHF	1
CASSERGFHSGNTIYF	1
CASSNNVPDTQYF	1
CASSFYRAPGGTNVLTF	1
CASSFGTAGANVLTF	1
CASSFGDGPQHF	1
CASSFDRVGQETQYF	1
CASSFEGGIYETQYF	1
CASSFWGRSSGANVLTF	1
CASSFLMTPRETQYF	1
CASSFLDSGANVLTF	1
CASSFPYPLTSGRATGDRRETQYF	1
CASSFPGLAGGQETQYF	1
CASSFRETVHNEQFF	1
CASSFQGTGANVLTF	1
CASSFDGESSPQYF	1
CASSFIPRAGGLTGANVLTF	1
CASSLLFRVGQQETQYF	1
CASSLYQETQYF	1
CASSLPGYSGANVLTF	1
CASSLVPRETQYF	1
CASSLVPLAGVNSGANVLTF	1
CASSLVGTGANVLTF	1
CASSLVESRPSGANVLTF	1
CASSLASHQETQYF	1
CASSLAGPGDRYGYTF	1
CASSLADIRQPGEAFF	1
CASSLARTDFQETQYF	1
CASSLAPTGNYNEQFF	1
CASSLASTGTGANVLTF	1
CASSLAPGLAGTTDTQYF	1
CASSLGVTGELFF	1
CASSLGSTSSGANVLTF	1
CASSLGARPQVSGANVLTF	1
CASSLGGQDYGYTF	1
CASSLGDSGANVLTF	1
CASSLGDRDEQYF	1
CASSLGTGGLAGANVLTF	1
CASSLGRSQYF	1
CASSLDPRKSSGANVLTF	1
CASSLDLRGYEQYF	1
CASSLDGPGLF	1
CASSLEGTETQYF	1
CASSLETPLETQYF	1
CASSLEPHLSGANVLTF	1
CASSLEQAGETQYF	1
CASSLEGRLTGTGANVLTF	1
CASSLEGGKETQYF	1
CASSLEGDSNQPQHF	1
CASSLEDGTVSLFF	1
CASSLMNRVTSGGPASETQYF	1
CASSLTDNSPLHF	1
CASSLTQGLQETQYF	1
CASSLSVQETQYF	1
CASSLSGGVETQYF	1
CASSLQQETQYF	1
CASSLQGVPDTQYF	1
CASSLGVLNTEAFF	1
CASSSLDIRQETQYF	1
CASSSIWTRQETQYF	1
CASSSSGISGNTIYF	1
CASSSPRGTRSGANVLTF	1
CASSSPDTQYF	1
CASSSGGGLAGKSSYNEQFF	1
CASSSTAQGTGSGANVLTF	1
CASSSYSGANVLTF	1
CASSSLDRQETQYF	1
CASSSLSSGGRGETQYF	1
CASSSPSREIAYEQYF	1
CASSSRTGSGQETQYF	1
CASSWLKTGFGEQYF	1
CASSWGLHTEAFF	1
CASSWELRGPSTGELFF	1
CASSWRVETQYF	1
CASSLDRGRPYEQYF	1
CASSLHSEARGETQYF	1
CASSLVIGLAAQETQYF	1
CASSLISDAIETQYF	1
CASSLGAGPETQYF	1
CASSLDPTVYEQYF	1
CASSLTGLSGANVLTF	1
CASSPGYSYEQYF	1
CASSPGQNNEQFF	1
CASSPIAGLAGETQYF	1
CASSPSQTTYEQYF	1
CASSPRWYSGANVLTF	1
CASSPRDRGSLRETQYF	1
CASSPQVSYEQYF	1
CASSPQGTRGETQYF	1
CASSPVGTGTLTNTGELFF	1
CASSPTSGDYLSYEQYF	1
CASSPPGQGGEQFF	1
CASSPGYEQYF	1
CASSPDVEETQYF	1
CASSPRGIFFNNEQFF	1
CASSRDKTSSGANVLTF	1
CASSRPGQGGETQYF	1
CASSRVGLSSGANVLTF	1
CASSRGTGAYEQYF	1
CASSRGLAGSSDTQYF	1
CASSREEDRGPGGTQYF	1
CASSHLFSGANVLTF	1
CASSHGQGRSGANVLTF	1
CASSQSGQGRSGANVLTF	1
CASSQVRHYNEQFF	1
CASSQVWGTTNTGELFF	1
CASSQARASGGDEQFF	1
CASSQAGDTDTQYF	1
CASSQGAGKGRERSPLHF	1
CASSQGTYGYTF	1
CASSQDSASTDTQYF	1
CASSQDLYEQYF	1
CASSQDIPPVGGNYGYTF	1
CASSQDWDRGFGANVLTF	1
CASSQDVQRGASSTDTQYF	1
CASSQEWGKAVYEQYF	1
CASSVTGGETQYF	1
CASSARTGLETQYF	1
CASSAGETGGGNEQFF	1
CASSAPWRGRPRTQYF	1
CASSGGTLETQYF	1
CASSGRQGAAETQYF	1
CASSGGSGANVLTF	1
CASSGDFQETQYF	1
CASSGGQGRRETQYF	1
CASSEGAGDTQYF	1
CASSTRQGWANVLTF	1
CASRGDSSYNEQFF	1
CASRGSQGYEQYF	1
CASRGQGIGELFF	1
CASRITGTDQETQYF	1
CASRPPSGTHEQYF	1
CASRQDSYTDTQYF	1
CASNPWTADGYGYTF	1
CASKYNSGETQYF	1
CASKEAFLTGGSGELFF	1
CASKRLAGAQEQYF	1
CSAYRDDTDTQYF	1
CSALGDSTHWFEQFF	1
CSAPTSGHTDTQYF	1
CSAPGRGDSGANVLTF	1
CSARPTGVDEQYF	1
CSAATSGVPSYEQYF	1
CSAAKGTGVGANVLTF	1
CSAIPGYSNQPQHF	1
CSAMEGEQFF	1
CSASVSGGSYNEQFF	1
CSASIVGGRAGELFF	1
CSASAGIHEQYF	1
CSARPLGDEQYF	1
CSARAGTNYGYTF	1
CSARLPGSYNVLTF	1
CSARQRTGGWETQYF	1
CSARGPPGLAGGMQETQYF	1
CSARGLGGSNYGYTF	1
CSARGVSGRRQETQYF	1
CSARGGVGQVPQETQYF	1
CSARDQRQIRELFF	1
CSARDVRVRDGYTF	1
CSARDGTRAWDTQYF	1
CSAREDSSGANVLTF	1
CSARMAGGPGETQYF	1
CSANRRPGLAGGPAPYEQYF	1
CSAKRGTNTGELFF	1
CSGRDSSTDTQYF	1
CSFRDAGPRETQYF	1
CSSGGTDTQYF	1
CSVSSPGGGNTIYF	1
CSVVVPRAEQYF	1
CSVAPGSSYEQYF	1
CSVAGWPDSGANVLTF	1
CSVGSGSGANVLTF	1
CSVEGVGTGELFF	1
CSVEDRDAYNEQFF	1
CSVEDRGADTQYF	1
CSVEEGDRSDEQYF	1
CSVMQGASGANVLTF	1
CSVSRGGVYEQYF	1
RASSRLAGVGPEFF	1
CAWSVPSGNTIYF	1
CAWRGGLANTGELFF	1
CAWNSGVGQFF	1
CAALGGLISGANVLTF	1
CAAQGGGTGANVLTF	1
CATTSGGYTGELFF	1
CASTWGSGANVLTF	1
CASSDGRERYGYTF	1
CASSIDATASGNTIYF	1
CASSVLGLGGAAYNEQFF	1
CASPPRVSPSGANVLTF	1
CASHPPTGGVGGANVLTF	1
CASQSAANTEAFF	1
CASANSGTYMNTEAFF	1
CASSLRGTYEQYF	1
CASSLLAVPISIYTF	1
CASSSWTRSNTGELFF	1
CASSSGGSGANVLTF	1
CASSWDRRDQPQHF	1
CASSYSRSGGANEQFF	1
CASSYSTAGGRNEQFF	1
CASSPLTGGTSGANVLTF	1
CASSPSDRGTYEQYF	1
CASSPHHSGANVLTF	1
CASSPGRSGANVLTF	1
CASSPNRPGSGANVLTF	1
CASSQDRGTQYF	1
CASSVSGTGYSYNEQFF	1
CASSGGLAGESTDTQYF	1
CASSEHIASYEQYF	1
CASSEYTGGADGYTF	1
CASSEDNRVKETQYF	1
CASSFRGANVLTF	1
CASSFDRSPSIQYF	1
CASSFTGITAGELFF	1
CASSLRLGLAGGLDEQYF	1
CASSLGNSYEQYF	1
CASSLEDRVVPEAFF	1
CASSLVHSSSGANVLTF	1
CASSLGCNTEAFF	1
CASSLGGQDDYEQYF	1
CASSLRLAGGYEQYF	1
CASSSQNVPGRAGANVLTF	1
CASSWVASGIDEQFF	1
CASSYLEGVSYEQYF	1
CASSLAGEAFF	1
CASSLSDRGEQYF	1
CASSPPDRGRQETQYF	1
CASSPGQGPYNEQFF	1
CASSPYRDQPQHF	1
CASSRGLRETQYF	1
CASSRRTGAESYEQYF	1
CASSQDRDGNTEAFF	1
CASSQDLGQPQHF	1
CASSVGEDQETQYF	1
CASSAPSGALF	1
CASRGDPGLEQFF	1
CASRPAIAGGPEETQYF	1
CASRAAGGSGANVLTF	1
CASRTRTAGANVLTF	1
CASKLNPTRETQYF	1
CASKQGGARYGYTF	1
CASSLVVRDQETQYF	1
CASSLAGRSPLHF	1
CASSLGRGTDTQYF	1
CASSLEGSGANVLTF	1
CASSLELGTDTQYF	1
CASSLEGSGYEQYF	1
CASSLRLAGDSEQYF	1
CASSLQDRGRGETQYF	1
CASSLQPQETQYF	1
CASSPLPLAGGPKTQYF	1
CASSPLDRGFYEQYF	1
CASSRGLAGWDEQFF	1
CASKGTGPSGANVLTF	1
CSATPLAEFKETQYF	1
CSARPLTGSSYEQYF	1
CSARDEGKLWIQPQHF	1
CSARDNLGTDTQYF	1
CAWRHPGLAVGEQFF	1
CASSWGNTGELFF	1
CASSPELTAYYEQYF	1
CASSLGTINNEQFF	1
CASSLLMRIQGAEDWNEQFF	1
CASSLLARGVGEPQYF	1
CASSLEMGNGYTF	1
CASSLTSLAQGGGYTF	1
CASSSGTGTGDTQYF	1
CASSPAGGPRVSTQYF	1
CASSGLAGANVLTF	1
CASRRWSTDTQYF	1
CASMMGPKETQYF	1
CASSLEGSRAYEQYF	1
CASSPNTGSPSGANVLTF	1
CSLRQGGFTDTQYF	1
CAWSVSSGSASGANVLTF	1
RASSSEDVVSQYSGNTIYF	1
